83
0	4	18	0	-999	-999	2	0	1	1000	0	0	0	0	0	1	
1	34	10	2	-999	-999	2	0	0	0	0	0	0	0	0	1	
2	34	6	4	-999	-999	2	0	0	0	0	0	0	0	0	1	
3	34	10	4	-999	-999	2	0	0	0	0	0	0	0	0	1	
4	34	2	4	-999	-999	2	0	0	0	0	0	0	0	0	1	
5	0	2	0	-999	-999	2	0	1	1000	0	0	0	0	0	1	
6	1	6	0	-999	-999	2	0	1	1000	0	0	0	0	0	1	
7	2	10	0	-999	-999	2	0	1	1000	0	0	0	0	0	1	
8	34	6	2	-999	-999	2	0	0	0	0	0	0	0	0	1	
9	3	14	0	-999	-999	2	0	1	1000	0	0	0	0	0	1	
10	40	16	0	-999	-999	2	0	0	0	0	0	0	0	0	1	
11	40	12	4	-999	-999	2	0	0	0	0	0	0	0	0	1	
12	40	8	2	-999	-999	2	0	0	0	0	0	0	0	0	1	
13	40	12	6	-999	-999	2	0	0	0	0	0	0	0	0	1	
14	40	8	0	-999	-999	2	0	0	0	0	0	0	0	0	1	
15	40	0	4	-999	-999	2	0	0	0	0	0	0	0	0	1	
16	34	14	4	-999	-999	2	0	0	0	0	0	0	0	0	1	
17	34	14	2	-999	-999	2	0	0	0	0	0	0	0	0	1	
18	34	18	2	-999	-999	2	0	0	0	0	0	0	0	0	1	
19	34	18	4	-999	-999	2	0	0	0	0	0	0	0	0	1	
20	59	18	6	-999	-999	2	0	0	0	0	0	0	0	0	1	
21	58	14	6	-999	-999	2	0	0	0	0	0	0	0	0	1	
22	57	10	6	-999	-999	2	0	0	0	0	0	0	0	0	1	
23	56	6	6	-999	-999	2	0	0	0	0	0	0	0	0	1	
24	55	2	6	-999	-999	2	0	0	0	0	0	0	0	0	1	
25	34	2	2	-999	-999	2	0	0	0	0	0	0	0	0	1	
26	40	4	2	-999	-999	2	0	0	0	0	0	0	0	0	1	
27	40	0	8	-999	-999	2	0	0	0	0	0	0	0	0	1	
28	40	4	0	-999	-999	2	0	0	0	0	0	0	0	0	1	
29	40	0	6	-999	-999	2	0	0	0	0	0	0	0	0	1	
30	40	16	2	-999	-999	2	0	0	0	0	0	0	0	0	1	
31	16	18	12	-999	-999	2	100000	0	0	0	0	0	0	0	1	
32	12	16	12	-999	-999	2	100000	0	0	0	0	0	0	0	1	
33	15	14	12	-999	-999	2	100000	0	0	0	0	0	0	0	1	
34	14	12	12	-999	-999	2	100000	0	0	0	0	0	0	0	1	
35	16	4	12	-999	-999	2	100000	0	0	0	0	0	0	0	1	
36	16	10	12	-999	-999	2	100000	0	0	0	0	0	0	0	1	
37	13	6	12	-999	-999	2	100000	0	0	0	0	0	0	0	1	
38	15	8	12	-999	-999	2	100000	0	0	0	0	0	0	0	1	
39	12	2	12	-999	-999	2	100000	0	0	0	0	0	0	0	1	
40	13	20	12	-999	-999	2	100000	0	0	0	0	0	0	0	1	
41	39	16	8	-999	-999	3	0	0	0	0	0	0	0	0	1	
42	39	18	8	-999	-999	2	0	0	0	0	0	0	0	0	1	
43	0	1	21	-999	-999	2	0	2	1	0	0	0	0	0	1	
44	40	16	4	-999	-999	2	0	0	0	0	0	0	0	0	1	
45	40	12	0	-999	-999	2	0	0	0	0	0	0	0	0	1	
46	40	12	2	-999	-999	2	0	0	0	0	0	0	0	0	1	
47	40	8	6	-999	-999	2	0	0	0	0	0	0	0	0	1	
48	40	8	4	-999	-999	2	0	0	0	0	0	0	0	0	1	
49	40	4	6	-999	-999	2	0	0	0	0	0	0	0	0	1	
50	40	4	4	-999	-999	2	0	0	0	0	0	0	0	0	1	
51	40	0	0	-999	-999	2	0	0	0	0	0	0	0	0	1	
52	40	0	2	-999	-999	2	0	0	0	0	0	0	0	0	1	
53	39	2	8	-999	-999	2	0	0	0	0	0	0	0	0	1	
54	39	4	8	-999	-999	0	0	0	0	0	0	0	0	0	1	
55	39	6	8	-999	-999	2	0	0	0	0	0	0	0	0	1	
56	39	8	8	-999	-999	1	0	0	0	0	0	0	0	0	1	
57	39	10	8	-999	-999	2	0	0	0	0	0	0	0	0	1	
58	39	12	8	-999	-999	2	0	0	0	0	0	0	0	0	1	
59	39	14	8	-999	-999	2	0	0	0	0	0	0	0	0	1	
60	39	20	8	-999	-999	4	0	0	0	0	0	0	0	0	1	
61	39	20	10	-999	-999	2	0	0	0	0	0	0	0	0	1	
62	40	0	10	-999	-999	2	0	0	0	0	0	0	0	0	1	
63	40	2	10	-999	-999	2	0	0	0	0	0	0	0	0	1	
64	40	4	10	-999	-999	2	0	0	0	0	0	0	0	0	1	
65	40	6	10	-999	-999	2	0	0	0	0	0	0	0	0	1	
66	40	8	10	-999	-999	2	0	0	0	0	0	0	0	0	1	
67	40	10	10	-999	-999	2	0	0	0	0	0	0	0	0	1	
68	40	12	10	-999	-999	2	0	0	0	0	0	0	0	0	1	
69	40	14	10	-999	-999	2	0	0	0	0	0	0	0	0	1	
70	40	16	10	-999	-999	2	0	0	0	0	0	0	0	0	1	
71	40	18	10	-999	-999	2	0	0	0	0	0	0	0	0	1	
72	40	22	10	-999	-999	2	0	0	0	0	0	0	0	0	1	
73	40	22	8	-999	-999	2	0	0	0	0	0	0	0	0	1	
74	40	20	6	-999	-999	2	0	0	0	0	0	0	0	0	1	
75	40	22	6	-999	-999	2	0	0	0	0	0	0	0	0	1	
76	40	22	4	-999	-999	2	0	0	0	0	0	0	0	0	1	
77	40	20	4	-999	-999	2	0	0	0	0	0	0	0	0	1	
78	40	20	2	-999	-999	2	0	0	0	0	0	0	0	0	1	
79	40	22	2	-999	-999	2	0	0	0	0	0	0	0	0	1	
80	40	22	0	-999	-999	2	0	0	0	0	0	0	0	0	1	
81	40	20	0	-999	-999	2	0	0	0	0	0	0	0	0	1	
82	40	16	6	-999	-999	2	0	0	0	0	0	0	0	0	1	
51	51	5	5	28	28	6	6	14	14	7	7	45	45	9	9	10	10	0	0	81	81	80	80	
51	51	5	5	28	28	6	6	14	14	7	7	45	45	9	9	10	10	0	0	81	81	80	80	
52	52	25	25	26	26	8	8	12	12	1	1	46	46	17	17	30	30	18	18	78	78	79	79	
52	52	25	25	26	26	8	8	12	12	1	1	46	46	17	17	30	30	18	18	78	78	79	79	
15	15	4	4	50	50	2	2	48	48	3	3	11	11	16	16	44	44	19	19	77	77	76	76	
15	15	4	4	50	50	2	2	48	48	3	3	11	11	16	16	44	44	19	19	77	77	76	76	
29	29	24	24	49	49	23	23	47	47	22	22	13	13	21	21	82	82	20	20	74	74	75	75	
29	29	24	24	49	49	23	23	47	47	22	22	13	13	21	21	82	82	20	20	74	74	75	75	
27	27	53	53	54	54	55	55	56	56	57	57	58	58	59	59	41	41	42	42	60	60	73	73	
27	27	53	53	54	54	55	55	56	56	57	57	58	58	59	59	41	41	42	42	60	60	73	73	
62	62	63	63	64	64	65	65	66	66	67	67	68	68	69	69	70	70	71	71	61	61	72	72	
62	62	63	63	64	64	65	65	66	66	67	67	68	68	69	69	70	70	71	71	61	61	72	72	
NULL	NULL	39	39	35	35	37	37	38	38	36	36	34	34	33	33	32	32	31	31	40	40	NULL	NULL	
NULL	NULL	39	39	35	35	37	37	38	38	36	36	34	34	33	33	32	32	31	31	40	40	NULL	NULL	
NULL	NULL	NULL	NULL	NULL	NULL	NULL	NULL	NULL	NULL	NULL	NULL	NULL	NULL	NULL	NULL	NULL	NULL	NULL	NULL	NULL	NULL	NULL	NULL	
NULL	NULL	NULL	NULL	NULL	NULL	NULL	NULL	NULL	NULL	NULL	NULL	NULL	NULL	NULL	NULL	NULL	NULL	NULL	NULL	NULL	NULL	NULL	NULL	
NULL	NULL	NULL	NULL	NULL	NULL	NULL	NULL	NULL	NULL	NULL	NULL	NULL	NULL	NULL	NULL	NULL	NULL	NULL	NULL	NULL	NULL	NULL	NULL	
NULL	NULL	NULL	NULL	NULL	NULL	NULL	NULL	NULL	NULL	NULL	NULL	NULL	NULL	NULL	NULL	NULL	NULL	NULL	NULL	NULL	NULL	NULL	NULL	
NULL	NULL	NULL	NULL	NULL	NULL	NULL	NULL	NULL	NULL	NULL	NULL	NULL	NULL	NULL	NULL	NULL	NULL	NULL	NULL	NULL	NULL	NULL	NULL	
NULL	NULL	NULL	NULL	NULL	NULL	NULL	NULL	NULL	NULL	NULL	NULL	NULL	NULL	NULL	NULL	NULL	NULL	NULL	NULL	NULL	NULL	NULL	NULL	
NULL	NULL	NULL	NULL	NULL	NULL	NULL	NULL	NULL	NULL	NULL	NULL	NULL	NULL	NULL	NULL	NULL	NULL	NULL	NULL	NULL	NULL	NULL	NULL	
NULL	43	43	NULL	NULL	NULL	NULL	NULL	NULL	NULL	NULL	NULL	NULL	NULL	NULL	NULL	NULL	NULL	NULL	NULL	NULL	NULL	NULL	NULL	
NULL	43	43	NULL	NULL	NULL	NULL	NULL	NULL	NULL	NULL	NULL	NULL	NULL	NULL	NULL	NULL	NULL	NULL	NULL	NULL	NULL	NULL	NULL	
NULL	NULL	NULL	NULL	NULL	NULL	NULL	NULL	NULL	NULL	NULL	NULL	NULL	NULL	NULL	NULL	NULL	NULL	NULL	NULL	NULL	NULL	NULL	NULL	
