103
0	4	18	0	-999	-999	2	0	1	1000	0	0	0	0	0	1	
1	34	10	2	-999	-999	2	0	0	0	0	0	0	0	0	1	
2	34	6	4	-999	-999	2	0	0	0	0	0	0	0	0	1	
3	34	10	4	-999	-999	2	0	0	0	0	0	0	0	0	1	
4	34	2	4	-999	-999	2	0	0	0	0	0	0	0	0	1	
5	0	2	0	-999	-999	2	0	1	1000	0	0	0	0	0	1	
6	1	6	0	-999	-999	2	0	1	1000	0	0	0	0	0	1	
7	2	10	0	-999	-999	2	0	1	1000	0	0	0	0	0	1	
8	34	6	2	-999	-999	2	0	0	0	0	0	0	0	0	1	
9	3	14	0	-999	-999	2	0	1	1000	0	0	0	0	0	1	
10	63	5	18	-999	-999	2	0	0	0	0	0	0	0	0	1	
11	63	7	18	-999	-999	2	0	0	0	0	0	0	0	0	1	
12	62	11	18	-999	-999	2	0	0	0	0	0	0	0	0	1	
13	35	9	18	-999	-999	2	0	0	0	0	0	0	0	0	1	
14	62	13	18	-999	-999	2	0	0	0	0	0	0	0	0	1	
15	35	19	18	-999	-999	2	0	0	0	0	0	0	0	0	1	
16	34	14	4	-999	-999	2	0	0	0	0	0	0	0	0	1	
17	34	14	2	-999	-999	2	0	0	0	0	0	0	0	0	1	
18	34	18	2	-999	-999	2	0	0	0	0	0	0	0	0	1	
19	34	18	4	-999	-999	2	0	0	0	0	0	0	0	0	1	
20	59	18	6	-999	-999	2	0	0	0	0	0	0	0	0	1	
21	58	14	6	-999	-999	2	0	0	0	0	0	0	0	0	1	
22	57	10	6	-999	-999	2	0	0	0	0	0	0	0	0	1	
23	56	6	6	-999	-999	2	0	0	0	0	0	0	0	0	1	
24	55	2	6	-999	-999	2	0	0	0	0	0	0	0	0	1	
25	34	2	2	-999	-999	2	0	0	0	0	0	0	0	0	1	
26	64	15	18	-999	-999	2	0	0	0	0	0	0	0	0	1	
27	63	21	21	-999	-999	2	0	0	0	0	0	0	0	0	1	
28	64	17	18	-999	-999	2	0	0	0	0	0	0	0	0	1	
29	63	21	19	-999	-999	2	0	0	0	0	0	0	0	0	1	
30	35	3	19	-999	-999	0	0	0	0	0	0	0	0	0	1	
31	16	18	12	-999	-999	2	100000	0	0	0	0	0	0	0	1	
32	12	16	12	-999	-999	2	100000	0	0	0	0	0	0	0	1	
33	15	14	12	-999	-999	2	100000	0	0	0	0	0	0	0	1	
34	14	12	12	-999	-999	2	100000	0	0	0	0	0	0	0	1	
35	16	4	12	-999	-999	2	100000	0	0	0	0	0	0	0	1	
36	16	10	12	-999	-999	2	100000	0	0	0	0	0	0	0	1	
37	13	6	12	-999	-999	2	100000	0	0	0	0	0	0	0	1	
38	15	8	12	-999	-999	2	100000	0	0	0	0	0	0	0	1	
39	12	2	12	-999	-999	2	100000	0	0	0	0	0	0	0	1	
40	13	20	12	-999	-999	2	100000	0	0	0	0	0	0	0	1	
41	39	16	8	-999	-999	3	0	0	0	0	0	0	0	0	1	
42	39	18	8	-999	-999	2	0	0	0	0	0	0	0	0	1	
43	0	1	21	-999	-999	2	0	2	1	0	0	0	0	0	1	
44	60	3	21	-999	-999	2	0	0	0	0	0	0	0	0	1	
45	60	5	21	-999	-999	2	0	0	0	0	0	0	0	0	1	
46	35	7	21	-999	-999	2	0	0	0	0	0	0	0	0	1	
47	35	9	21	-999	-999	2	0	0	0	0	0	0	0	0	1	
48	64	11	21	-999	-999	2	0	0	0	0	0	0	0	0	1	
49	64	13	21	-999	-999	2	0	0	0	0	0	0	0	0	1	
50	61	15	21	-999	-999	2	0	0	0	0	0	0	0	0	1	
51	61	17	21	-999	-999	2	0	0	0	0	0	0	0	0	1	
52	35	19	21	-999	-999	2	0	0	0	0	0	0	0	0	1	
53	39	2	8	-999	-999	2	0	0	0	0	0	0	0	0	1	
54	39	4	8	-999	-999	0	0	0	0	0	0	0	0	0	1	
55	39	6	8	-999	-999	2	0	0	0	0	0	0	0	0	1	
56	39	8	8	-999	-999	1	0	0	0	0	0	0	0	0	1	
57	39	10	8	-999	-999	2	0	0	0	0	0	0	0	0	1	
58	39	12	8	-999	-999	2	0	0	0	0	0	0	0	0	1	
59	39	14	8	-999	-999	2	0	0	0	0	0	0	0	0	1	
60	39	20	8	-999	-999	4	0	0	0	0	0	0	0	0	1	
61	39	20	10	-999	-999	2	0	0	0	0	0	0	0	0	1	
62	40	0	10	-999	-999	2	0	0	0	0	0	0	0	0	1	
63	40	2	10	-999	-999	2	0	0	0	0	0	0	0	0	1	
64	40	4	10	-999	-999	2	0	0	0	0	0	0	0	0	1	
65	40	6	10	-999	-999	2	0	0	0	0	0	0	0	0	1	
66	40	8	10	-999	-999	2	0	0	0	0	0	0	0	0	1	
67	40	10	10	-999	-999	2	0	0	0	0	0	0	0	0	1	
68	40	12	10	-999	-999	2	0	0	0	0	0	0	0	0	1	
69	40	14	10	-999	-999	2	0	0	0	0	0	0	0	0	1	
70	40	16	10	-999	-999	2	0	0	0	0	0	0	0	0	1	
71	40	18	10	-999	-999	2	0	0	0	0	0	0	0	0	1	
72	40	22	10	-999	-999	2	0	0	0	0	0	0	0	0	1	
73	40	22	8	-999	-999	2	0	0	0	0	0	0	0	0	1	
74	40	20	6	-999	-999	2	0	0	0	0	0	0	0	0	1	
75	40	22	6	-999	-999	2	0	0	0	0	0	0	0	0	1	
76	40	22	4	-999	-999	2	0	0	0	0	0	0	0	0	1	
77	40	20	4	-999	-999	2	0	0	0	0	0	0	0	0	1	
78	40	20	2	-999	-999	2	0	0	0	0	0	0	0	0	1	
79	40	22	2	-999	-999	2	0	0	0	0	0	0	0	0	1	
80	40	22	0	-999	-999	2	0	0	0	0	0	0	0	0	1	
81	40	20	0	-999	-999	2	0	0	0	0	0	0	0	0	1	
82	40	16	6	-999	-999	2	0	0	0	0	0	0	0	0	1	
83	40	16	4	-999	-999	2	0	0	0	0	0	0	0	0	1	
84	40	16	2	-999	-999	2	0	0	0	0	0	0	0	0	1	
85	40	16	0	-999	-999	2	0	0	0	0	0	0	0	0	1	
86	40	12	0	-999	-999	2	0	0	0	0	0	0	0	0	1	
87	40	12	2	-999	-999	2	0	0	0	0	0	0	0	0	1	
88	40	12	4	-999	-999	2	0	0	0	0	0	0	0	0	1	
89	40	12	6	-999	-999	2	0	0	0	0	0	0	0	0	1	
90	40	8	6	-999	-999	2	0	0	0	0	0	0	0	0	1	
91	40	8	4	-999	-999	2	0	0	0	0	0	0	0	0	1	
92	40	8	2	-999	-999	2	0	0	0	0	0	0	0	0	1	
93	40	8	0	-999	-999	2	0	0	0	0	0	0	0	0	1	
94	40	4	6	-999	-999	2	0	0	0	0	0	0	0	0	1	
95	40	4	4	-999	-999	2	0	0	0	0	0	0	0	0	1	
96	40	4	2	-999	-999	2	0	0	0	0	0	0	0	0	1	
97	40	4	0	-999	-999	2	0	0	0	0	0	0	0	0	1	
98	40	0	0	-999	-999	2	0	0	0	0	0	0	0	0	1	
99	40	0	2	-999	-999	2	0	0	0	0	0	0	0	0	1	
100	40	0	4	-999	-999	2	0	0	0	0	0	0	0	0	1	
101	40	0	6	-999	-999	2	0	0	0	0	0	0	0	0	1	
102	40	0	8	-999	-999	2	0	0	0	0	0	0	0	0	1	
98	98	5	5	97	97	6	6	93	93	7	7	86	86	9	9	85	85	0	0	81	81	80	80	
98	98	5	5	97	97	6	6	93	93	7	7	86	86	9	9	85	85	0	0	81	81	80	80	
99	99	25	25	96	96	8	8	92	92	1	1	87	87	17	17	84	84	18	18	78	78	79	79	
99	99	25	25	96	96	8	8	92	92	1	1	87	87	17	17	84	84	18	18	78	78	79	79	
100	100	4	4	95	95	2	2	91	91	3	3	88	88	16	16	83	83	19	19	77	77	76	76	
100	100	4	4	95	95	2	2	91	91	3	3	88	88	16	16	83	83	19	19	77	77	76	76	
101	101	24	24	94	94	23	23	90	90	22	22	89	89	21	21	82	82	20	20	74	74	75	75	
101	101	24	24	94	94	23	23	90	90	22	22	89	89	21	21	82	82	20	20	74	74	75	75	
102	102	53	53	54	54	55	55	56	56	57	57	58	58	59	59	41	41	42	42	60	60	73	73	
102	102	53	53	54	54	55	55	56	56	57	57	58	58	59	59	41	41	42	42	60	60	73	73	
62	62	63	63	64	64	65	65	66	66	67	67	68	68	69	69	70	70	71	71	61	61	72	72	
62	62	63	63	64	64	65	65	66	66	67	67	68	68	69	69	70	70	71	71	61	61	72	72	
NULL	NULL	39	39	35	35	37	37	38	38	36	36	34	34	33	33	32	32	31	31	40	40	NULL	NULL	
NULL	NULL	39	39	35	35	37	37	38	38	36	36	34	34	33	33	32	32	31	31	40	40	NULL	NULL	
NULL	NULL	NULL	NULL	NULL	NULL	NULL	NULL	NULL	NULL	NULL	NULL	NULL	NULL	NULL	NULL	NULL	NULL	NULL	NULL	NULL	NULL	NULL	NULL	
NULL	NULL	NULL	NULL	NULL	NULL	NULL	NULL	NULL	NULL	NULL	NULL	NULL	NULL	NULL	NULL	NULL	NULL	NULL	NULL	NULL	NULL	NULL	NULL	
NULL	NULL	NULL	NULL	NULL	NULL	NULL	NULL	NULL	NULL	NULL	NULL	NULL	NULL	NULL	NULL	NULL	NULL	NULL	NULL	NULL	NULL	NULL	NULL	
NULL	NULL	NULL	NULL	NULL	NULL	NULL	NULL	NULL	NULL	NULL	NULL	NULL	NULL	NULL	NULL	NULL	NULL	NULL	NULL	NULL	NULL	NULL	NULL	
NULL	NULL	NULL	NULL	NULL	10	10	11	11	13	13	12	12	14	14	26	26	28	28	15	15	NULL	NULL	NULL	
NULL	NULL	NULL	30	30	10	10	11	11	13	13	12	12	14	14	26	26	28	28	15	15	29	29	NULL	
NULL	NULL	NULL	30	30	NULL	NULL	NULL	NULL	NULL	NULL	NULL	NULL	NULL	NULL	NULL	NULL	NULL	NULL	NULL	NULL	29	29	NULL	
NULL	43	43	44	44	45	45	46	46	47	47	48	48	49	49	50	50	51	51	52	52	27	27	NULL	
NULL	43	43	44	44	45	45	46	46	47	47	48	48	49	49	50	50	51	51	52	52	27	27	NULL	
NULL	NULL	NULL	NULL	NULL	NULL	NULL	NULL	NULL	NULL	NULL	NULL	NULL	NULL	NULL	NULL	NULL	NULL	NULL	NULL	NULL	NULL	NULL	NULL	
