504
0	43	12	0	11	20	2	0	0	0	0	0	0	0	0	
1	43	12	4	11	20	2	0	0	0	0	0	0	0	0	
2	43	0	2	11	20	2	0	0	0	0	0	0	0	0	
3	43	10	0	11	20	2	0	0	0	0	0	0	0	0	
4	32	11	20	-999	-999	2	0	0	0	0	0	0	0	0	
235	235	7	7	233	233	9	9	238	238	3	3	0	0	
235	235	7	7	233	233	9	9	238	238	3	3	0	0	
2	2	NULL	NULL	NULL	NULL	NULL	221	221	NULL	NULL	NULL	237	237	
2	2	NULL	NULL	NULL	NULL	NULL	221	221	NULL	NULL	NULL	237	237	
5	5	NULL	NULL	NULL	NULL	NULL	NULL	223	223	NULL	NULL	1	1	
5	5	NULL	NULL	NULL	NULL	NULL	NULL	223	223	NULL	NULL	1	1	
10	10	NULL	229	229	224	224	220	220	216	216	NULL	240	240	
10	10	NULL	229	229	224	224	220	220	216	216	NULL	240	240	
236	236	NULL	NULL	225	225	227	227	208	208	NULL	NULL	232	232	
236	236	NULL	NULL	225	225	227	227	208	208	NULL	NULL	232	232	
8	8	NULL	NULL	NULL	NULL	NULL	212	212	NULL	NULL	NULL	239	239	
8	8	NULL	NULL	NULL	NULL	NULL	212	212	NULL	NULL	NULL	239	239	
231	231	12	12	6	6	153	153	234	234	11	11	205	205	
231	231	12	12	6	6	153	153	234	234	11	11	205	205	
5	43	0	4	11	20	2	0	0	0	0	0	0	0	0	
6	43	4	12	11	20	2	0	0	0	0	0	0	0	0	
7	43	2	0	11	20	2	0	0	0	0	0	0	0	0	
8	43	0	10	11	20	2	0	0	0	0	0	0	0	0	
9	42	6	0	11	20	2	0	0	0	0	0	0	0	0	
10	43	0	6	11	20	2	0	0	0	0	0	0	0	0	
11	43	10	12	11	20	2	0	0	0	0	0	0	0	0	
12	43	2	12	11	20	2	0	0	0	0	0	0	0	0	
13	43	12	12	13	2	2	0	0	0	0	0	0	0	0	
14	43	2	12	21	2	2	0	0	0	0	0	0	0	0	
15	5	8	6	13	2	2	0	0	0	0	0	0	0	0	
16	43	12	2	21	2	2	0	0	0	0	0	0	0	0	
17	36	6	4	13	2	2	0	0	0	0	0	0	0	0	
18	43	0	4	21	2	2	0	0	0	0	0	0	0	0	
19	78	10	6	13	2	1	0	0	0	0	0	0	0	0	
20	42	12	6	21	2	2	0	0	0	0	0	0	0	0	
21	43	6	0	21	2	2	0	0	0	0	0	0	0	0	
22	27	8	2	13	2	2	0	0	0	0	0	0	0	0	
23	36	6	8	13	2	2	0	0	0	0	0	0	0	0	
24	43	4	0	21	2	2	0	0	0	0	0	0	0	0	
25	6	8	8	13	2	3	0	0	0	0	0	0	0	0	
26	43	12	4	21	2	2	0	0	0	0	0	0	0	0	
27	42	0	6	21	2	2	0	0	0	0	0	0	0	0	
28	77	4	6	13	2	2	0	0	0	0	0	0	0	0	
29	30	10	4	13	2	1	0	0	0	0	0	0	0	0	
30	5	6	6	13	2	2	0	0	0	0	0	0	0	0	
31	43	2	0	21	2	2	0	0	0	0	0	0	0	0	
32	43	4	12	21	2	2	0	0	0	0	0	0	0	0	
33	43	0	2	21	2	2	0	0	0	0	0	0	0	0	
34	32	21	2	-999	-999	2	0	0	0	0	0	0	0	0	
93	93	31	31	24	24	21	21	37	37	77	77	80	80	
93	93	31	31	24	24	21	21	37	37	77	77	80	80	
33	33	NULL	NULL	NULL	NULL	NULL	NULL	89	89	NULL	NULL	16	16	
33	33	NULL	NULL	NULL	NULL	NULL	NULL	89	89	NULL	NULL	16	16	
18	18	NULL	NULL	NULL	NULL	72	72	95	95	74	74	26	26	
18	18	NULL	NULL	NULL	NULL	72	72	95	95	74	74	26	26	
27	27	87	87	79	79	70	70	81	81	71	71	20	20	
27	27	87	87	79	79	70	70	81	81	71	71	20	20	
36	36	NULL	NULL	NULL	NULL	90	90	75	75	NULL	NULL	82	82	
36	36	NULL	NULL	NULL	NULL	90	90	75	75	NULL	NULL	82	82	
83	83	NULL	NULL	NULL	NULL	NULL	NULL	292	292	NULL	NULL	76	76	
83	83	NULL	NULL	NULL	NULL	NULL	NULL	292	292	NULL	NULL	76	76	
92	92	14	14	32	32	40	40	69	69	96	96	88	88	
92	92	14	14	32	32	40	40	69	69	96	96	88	88	
35	39	2	6	13	2	2	0	0	0	0	0	0	0	0	
36	43	0	8	21	2	2	0	0	0	0	0	0	0	0	
37	43	8	0	21	2	2	0	0	0	0	0	0	0	0	
38	6	8	4	13	2	0	0	0	0	0	0	0	0	0	
39	17	8	10	13	2	2	0	0	0	0	0	0	0	0	
40	43	6	12	21	2	2	0	0	0	0	0	0	0	0	
41	43	4	0	5	2	2	0	0	0	0	0	0	0	0	
42	5	6	6	5	2	2	0	0	0	0	0	0	0	0	
43	27	8	2	5	2	2	0	0	0	0	0	0	0	0	
44	43	6	12	5	2	2	0	0	0	0	0	0	0	0	
45	43	12	12	5	2	2	0	0	0	0	0	0	0	0	
46	77	4	6	5	2	2	0	0	0	0	0	0	0	0	
47	43	12	0	5	2	2	0	0	0	0	0	0	0	0	
48	42	0	6	5	2	2	0	0	0	0	0	0	0	0	
49	43	0	12	5	2	2	0	0	0	0	0	0	0	0	
50	39	2	6	5	2	2	0	0	0	0	0	0	0	0	
51	43	0	0	5	2	2	0	0	0	0	0	0	0	0	
52	43	6	0	5	2	2	0	0	0	0	0	0	0	0	
53	43	10	12	5	2	2	0	0	0	0	0	0	0	0	
54	29	10	4	5	2	1	0	0	0	0	0	0	0	0	
55	43	0	10	5	2	2	0	0	0	0	0	0	0	0	
56	43	12	4	5	2	2	0	0	0	0	0	0	0	0	
57	43	12	8	5	2	2	0	0	0	0	0	0	0	0	
58	6	8	4	5	2	0	0	0	0	0	0	0	0	0	
59	43	8	12	5	2	2	0	0	0	0	0	0	0	0	
60	43	4	12	5	2	2	0	0	0	0	0	0	0	0	
61	43	8	0	5	2	2	0	0	0	0	0	0	0	0	
62	5	8	6	5	2	2	0	0	0	0	0	0	0	0	
63	42	12	6	5	2	2	0	0	0	0	0	0	0	0	
64	36	6	4	5	2	2	0	0	0	0	0	0	0	0	
65	43	0	4	5	2	2	0	0	0	0	0	0	0	0	
66	43	12	10	5	2	2	0	0	0	0	0	0	0	0	
67	43	10	0	5	2	2	0	0	0	0	0	0	0	0	
68	43	0	8	5	2	2	0	0	0	0	0	0	0	0	
69	43	8	12	21	2	2	0	0	0	0	0	0	0	0	
70	5	6	6	21	2	2	0	0	0	0	0	0	0	0	
71	78	10	6	21	2	1	0	0	0	0	0	0	0	0	
72	36	6	4	21	2	2	0	0	0	0	0	0	0	0	
73	40	3	8	-999	-999	2	0	0	0	0	0	0	0	0	
74	31	10	4	21	2	1	0	0	0	0	0	0	0	0	
75	6	8	8	21	2	3	0	0	0	0	0	0	0	0	
76	43	12	10	21	2	2	0	0	0	0	0	0	0	0	
77	43	10	0	21	2	2	0	0	0	0	0	0	0	0	
78	40	19	8	-999	-999	2	0	0	0	0	0	0	0	0	
79	77	4	6	21	2	2	0	0	0	0	0	0	0	0	
80	43	12	0	21	2	2	0	0	0	0	0	0	0	0	
81	5	8	6	21	2	2	0	0	0	0	0	0	0	0	
82	43	12	8	21	2	2	0	0	0	0	0	0	0	0	
83	43	0	10	21	2	2	0	0	0	0	0	0	0	0	
84	39	8	2	7	10	2	0	0	0	0	0	0	0	0	
85	40	17	14	-999	-999	2	0	0	0	0	0	0	0	0	
86	37	6	2	7	10	2	0	0	0	0	0	0	0	0	
87	39	2	6	21	2	2	0	0	0	0	0	0	0	0	
88	43	12	12	21	2	2	0	0	0	0	0	0	0	0	
89	27	8	2	21	2	2	0	0	0	0	0	0	0	0	
90	36	6	8	21	2	2	0	0	0	0	0	0	0	0	
91	40	7	4	-999	-999	2	0	0	0	0	0	0	0	0	
92	43	0	12	21	2	2	0	0	0	0	0	0	0	0	
93	43	0	0	21	2	2	0	0	0	0	0	0	0	0	
94	40	15	14	-999	-999	2	0	0	0	0	0	0	0	0	
95	6	8	4	21	2	0	0	0	0	0	0	0	0	0	
96	43	10	12	21	2	2	0	0	0	0	0	0	0	0	
97	78	10	6	5	2	1	0	0	0	0	0	0	0	0	
98	43	0	12	13	2	2	0	0	0	0	0	0	0	0	
99	43	12	8	13	2	2	0	0	0	0	0	0	0	0	
100	43	0	2	13	2	2	0	0	0	0	0	0	0	0	
101	43	8	12	13	2	2	0	0	0	0	0	0	0	0	
102	43	0	0	13	2	2	0	0	0	0	0	0	0	0	
103	43	0	8	13	2	2	0	0	0	0	0	0	0	0	
104	43	2	0	13	2	2	0	0	0	0	0	0	0	0	
105	43	8	0	13	2	2	0	0	0	0	0	0	0	0	
106	43	12	10	13	2	2	0	0	0	0	0	0	0	0	
107	42	12	6	13	2	2	0	0	0	0	0	0	0	0	
108	32	13	2	-999	-999	2	0	0	0	0	0	0	0	0	
102	102	104	104	124	124	111	111	105	105	120	120	118	118	
102	102	104	104	124	124	111	111	105	105	120	120	118	118	
100	100	NULL	NULL	NULL	NULL	NULL	NULL	22	22	NULL	NULL	117	117	
100	100	NULL	NULL	NULL	NULL	NULL	NULL	22	22	NULL	NULL	117	117	
115	115	NULL	NULL	NULL	NULL	17	17	38	38	29	29	123	123	
115	115	NULL	NULL	NULL	NULL	17	17	38	38	29	29	123	123	
109	109	35	35	28	28	30	30	15	15	19	19	107	107	
109	109	35	35	28	28	30	30	15	15	19	19	107	107	
103	103	NULL	NULL	NULL	NULL	23	23	25	25	NULL	NULL	99	99	
103	103	NULL	NULL	NULL	NULL	23	23	25	25	NULL	NULL	99	99	
114	114	NULL	NULL	NULL	NULL	NULL	NULL	39	39	NULL	NULL	106	106	
114	114	NULL	NULL	NULL	NULL	NULL	NULL	39	39	NULL	NULL	106	106	
98	98	119	119	113	113	122	122	101	101	110	110	13	13	
98	98	119	119	113	113	122	122	101	101	110	110	13	13	
109	42	0	6	13	2	2	0	0	0	0	0	0	0	0	
110	43	10	12	13	2	2	0	0	0	0	0	0	0	0	
111	43	6	0	13	2	2	0	0	0	0	0	0	0	0	
112	17	8	10	5	2	2	0	0	0	0	0	0	0	0	
113	43	4	12	13	2	2	0	0	0	0	0	0	0	0	
114	43	0	10	13	2	2	0	0	0	0	0	0	0	0	
115	43	0	4	13	2	2	0	0	0	0	0	0	0	0	
116	6	8	8	5	2	3	0	0	0	0	0	0	0	0	
117	43	12	2	13	2	2	0	0	0	0	0	0	0	0	
118	43	12	0	13	2	2	0	0	0	0	0	0	0	0	
119	43	2	12	13	2	2	0	0	0	0	0	0	0	0	
120	43	10	0	13	2	2	0	0	0	0	0	0	0	0	
121	36	6	8	5	2	2	0	0	0	0	0	0	0	0	
122	43	6	12	13	2	2	0	0	0	0	0	0	0	0	
123	43	12	4	13	2	2	0	0	0	0	0	0	0	0	
124	43	4	0	13	2	2	0	0	0	0	0	0	0	0	
125	43	0	8	17	10	2	0	0	0	0	0	0	0	0	
126	43	2	12	5	2	2	0	0	0	0	0	0	0	0	
127	6	8	8	17	10	3	0	0	0	0	0	0	0	0	
128	43	12	10	17	10	2	0	0	0	0	0	0	0	0	
129	36	6	8	17	10	2	0	0	0	0	0	0	0	0	
130	43	0	2	5	2	2	0	0	0	0	0	0	0	0	
131	78	10	6	17	10	1	0	0	0	0	0	0	0	0	
132	43	10	12	17	10	2	0	0	0	0	0	0	0	0	
133	5	8	6	17	10	2	0	0	0	0	0	0	0	0	
134	43	2	0	5	2	2	0	0	0	0	0	0	0	0	
135	5	6	6	17	10	2	0	0	0	0	0	0	0	0	
136	43	0	10	17	10	2	0	0	0	0	0	0	0	0	
137	39	2	6	17	10	2	0	0	0	0	0	0	0	0	
138	32	5	2	-999	-999	2	0	0	0	0	0	0	0	0	
51	51	134	134	41	41	52	52	61	61	67	67	47	47	
51	51	134	134	41	41	52	52	61	61	67	67	47	47	
130	130	NULL	NULL	NULL	NULL	NULL	NULL	43	43	NULL	NULL	146	146	
130	130	NULL	NULL	NULL	NULL	NULL	NULL	43	43	NULL	NULL	146	146	
65	65	NULL	NULL	NULL	NULL	64	64	58	58	54	54	56	56	
65	65	NULL	NULL	NULL	NULL	64	64	58	58	54	54	56	56	
48	48	50	50	46	46	42	42	62	62	97	97	63	63	
48	48	50	50	46	46	42	42	62	62	97	97	63	63	
68	68	NULL	NULL	NULL	NULL	121	121	116	116	NULL	NULL	57	57	
68	68	NULL	NULL	NULL	NULL	121	121	116	116	NULL	NULL	57	57	
55	55	NULL	NULL	NULL	NULL	NULL	NULL	112	112	NULL	NULL	66	66	
55	55	NULL	NULL	NULL	NULL	NULL	NULL	112	112	NULL	NULL	66	66	
49	49	126	126	60	60	44	44	59	59	53	53	45	45	
49	49	126	126	60	60	44	44	59	59	53	53	45	45	
139	6	8	4	17	10	0	0	0	0	0	0	0	0	0	
140	43	10	0	17	10	2	0	0	0	0	0	0	0	0	
141	27	8	2	17	10	2	0	0	0	0	0	0	0	0	
142	28	10	4	17	10	1	0	0	0	0	0	0	0	0	
143	43	12	12	17	10	2	0	0	0	0	0	0	0	0	
144	43	12	8	17	10	2	0	0	0	0	0	0	0	0	
145	43	0	12	17	10	2	0	0	0	0	0	0	0	0	
146	43	12	2	5	2	2	0	0	0	0	0	0	0	0	
147	43	0	0	17	10	2	0	0	0	0	0	0	0	0	
148	17	8	10	17	10	2	0	0	0	0	0	0	0	0	
149	43	8	12	17	10	2	0	0	0	0	0	0	0	0	
150	77	4	6	17	10	2	0	0	0	0	0	0	0	0	
151	36	6	4	17	10	2	0	0	0	0	0	0	0	0	
152	43	12	0	17	10	2	0	0	0	0	0	0	0	0	
153	42	6	12	11	20	2	0	0	0	0	0	0	0	0	
154	0	11	22	-999	-999	2	0	1	1000	0	0	0	0	0	
155	43	6	12	17	10	2	0	0	0	0	0	0	0	0	
156	43	4	0	11	18	2	0	0	0	0	0	0	0	0	
157	43	12	2	11	18	2	0	0	0	0	0	0	0	0	
158	43	2	0	11	18	2	0	0	0	0	0	0	0	0	
159	0	15	12	-999	-999	2	1	2	1000000	0	0	0	0	0	
160	43	12	2	17	10	2	0	0	0	0	0	0	0	0	
161	43	2	12	11	18	2	0	0	0	0	0	0	0	0	
162	43	6	0	17	10	2	0	0	0	0	0	0	0	0	
163	0	19	0	-999	-999	2	0	2	1000000	0	0	0	0	0	
164	39	2	6	9	10	2	0	0	0	0	0	0	0	0	
165	0	7	12	-999	-999	2	0	2	1000000	0	0	0	0	0	
166	42	12	6	17	10	2	0	0	0	0	0	0	0	0	
167	40	7	14	-999	-999	2	0	0	0	0	0	0	0	0	
168	0	3	0	-999	-999	2	0	2	1000000	0	0	0	0	0	
169	43	4	12	11	18	2	0	0	0	0	0	0	0	0	
170	78	10	6	9	10	1	0	0	0	0	0	0	0	0	
171	43	0	2	17	10	2	0	0	0	0	0	0	0	0	
172	43	0	4	11	18	2	0	0	0	0	0	0	0	0	
173	32	17	10	-999	-999	2	0	0	0	0	0	0	0	0	
147	147	197	197	182	182	162	162	175	175	140	140	152	152	
147	147	197	197	182	182	162	162	175	175	140	140	152	152	
171	171	NULL	NULL	NULL	NULL	NULL	NULL	141	141	NULL	NULL	160	160	
171	171	NULL	NULL	NULL	NULL	NULL	NULL	141	141	NULL	NULL	160	160	
178	178	NULL	NULL	NULL	NULL	151	151	139	139	142	142	189	189	
178	178	NULL	NULL	NULL	NULL	151	151	139	139	142	142	189	189	
177	177	137	137	150	150	135	135	133	133	131	131	166	166	
177	177	137	137	150	150	135	135	133	133	131	131	166	166	
125	125	NULL	NULL	NULL	NULL	129	129	127	127	NULL	NULL	144	144	
125	125	NULL	NULL	NULL	NULL	129	129	127	127	NULL	NULL	144	144	
136	136	NULL	NULL	NULL	NULL	NULL	NULL	148	148	NULL	NULL	128	128	
136	136	NULL	NULL	NULL	NULL	NULL	NULL	148	148	NULL	NULL	128	128	
145	145	201	201	176	176	155	155	149	149	132	132	143	143	
145	145	201	201	176	176	155	155	149	149	132	132	143	143	
174	43	12	4	11	18	2	0	0	0	0	0	0	0	0	
175	43	8	0	17	10	2	0	0	0	0	0	0	0	0	
176	43	4	12	17	10	2	0	0	0	0	0	0	0	0	
177	42	0	6	17	10	2	0	0	0	0	0	0	0	0	
178	43	0	4	17	10	2	0	0	0	0	0	0	0	0	
179	43	0	6	11	18	2	0	0	0	0	0	0	0	0	
180	40	17	8	-999	-999	2	0	0	0	0	0	0	0	0	
181	32	11	18	-999	-999	2	0	0	0	0	0	0	0	0	
287	287	158	158	156	156	184	184	318	318	356	356	228	228	
287	287	158	158	156	156	184	184	318	318	356	356	228	228	
193	193	NULL	NULL	NULL	NULL	312	312	NULL	NULL	289	289	157	157	
193	193	NULL	NULL	NULL	NULL	312	312	NULL	NULL	289	289	157	157	
172	172	NULL	NULL	NULL	NULL	307	307	NULL	NULL	299	299	174	174	
172	172	NULL	NULL	NULL	NULL	307	307	NULL	NULL	299	299	174	174	
179	179	313	313	207	207	198	198	202	202	319	319	209	209	
179	179	313	313	207	207	198	198	202	202	319	319	209	209	
303	303	310	310	206	206	200	200	NULL	NULL	NULL	NULL	302	302	
303	303	310	310	206	206	200	200	NULL	NULL	NULL	NULL	302	302	
314	314	315	315	188	188	305	305	NULL	NULL	NULL	NULL	222	222	
314	314	315	315	188	188	305	305	NULL	NULL	NULL	NULL	222	222	
290	290	161	161	169	169	355	355	309	309	306	306	298	298	
290	290	161	161	169	169	355	355	309	309	306	306	298	298	
182	43	4	0	17	10	2	0	0	0	0	0	0	0	0	
183	40	21	0	-999	-999	2	0	0	0	0	0	0	0	0	
184	42	6	0	11	18	2	0	0	0	0	0	0	0	0	
185	36	6	8	9	10	2	0	0	0	0	0	0	0	0	
186	40	17	0	-999	-999	2	0	0	0	0	0	0	0	0	
187	40	9	8	-999	-999	2	0	0	0	0	0	0	0	0	
188	74	4	10	11	18	2	0	0	0	0	0	0	0	0	
189	43	12	4	17	10	2	0	0	0	0	0	0	0	0	
190	36	6	4	9	10	2	0	0	0	0	0	0	0	0	
191	22	11	4	-999	-999	1	0	0	0	0	0	0	0	0	
192	16	9	6	-999	-999	2	100000	0	0	0	0	0	0	0	
193	43	0	2	11	18	2	0	0	0	0	0	0	0	0	
194	40	13	4	-999	-999	2	0	0	0	0	0	0	0	0	
195	22	15	8	-999	-999	1	0	0	0	0	0	0	0	0	
196	40	5	8	-999	-999	2	0	0	0	0	0	0	0	0	
197	43	2	0	17	10	2	0	0	0	0	0	0	0	0	
198	37	6	6	11	18	2	0	0	0	0	0	0	0	0	
199	39	10	5	7	10	2	0	0	0	0	0	0	0	0	
200	37	6	8	11	18	2	0	0	0	0	0	0	0	0	
201	43	2	12	17	10	2	0	0	0	0	0	0	0	0	
202	37	8	6	11	18	2	0	0	0	0	0	0	0	0	
203	0	11	0	-999	-999	2	1	2	1000000	0	0	0	0	0	
204	16	13	6	-999	-999	2	100000	0	0	0	0	0	0	0	
205	43	12	12	11	20	2	0	0	0	0	0	0	0	0	
206	74	4	8	11	18	2	0	0	0	0	0	0	0	0	
207	74	4	6	11	18	2	0	0	0	0	0	0	0	0	
208	37	8	8	11	20	1	0	0	0	0	0	0	0	0	
209	42	12	6	11	18	2	0	0	0	0	0	0	0	0	
210	40	21	4	-999	-999	2	0	0	0	0	0	0	0	0	
211	40	5	0	-999	-999	2	0	0	0	0	0	0	0	0	
212	37	7	10	11	20	0	0	0	0	0	0	0	0	0	
213	40	1	0	-999	-999	2	0	0	0	0	0	0	0	0	
214	40	13	8	-999	-999	2	0	0	0	0	0	0	0	0	
215	40	9	12	-999	-999	2	0	0	0	0	0	0	0	0	
216	10	9	6	11	20	4	0	0	0	0	0	0	0	0	
217	40	13	12	-999	-999	2	0	0	0	0	0	0	0	0	
218	39	2	3	7	10	2	0	0	0	0	0	0	0	0	
219	40	5	12	-999	-999	2	0	0	0	0	0	0	0	0	
220	9	7	6	11	20	2	0	0	0	0	0	0	0	0	
221	37	7	2	11	20	4	0	0	0	0	0	0	0	0	
222	43	12	10	11	18	2	0	0	0	0	0	0	0	0	
223	37	8	4	11	20	3	0	0	0	0	0	0	0	0	
224	8	5	6	11	20	2	0	0	0	0	0	0	0	0	
225	37	4	8	11	20	1	0	0	0	0	0	0	0	0	
226	22	3	4	-999	-999	1	0	0	0	0	0	0	0	0	
227	37	6	8	11	20	1	0	0	0	0	0	0	0	0	
228	43	12	0	11	18	2	0	0	0	0	0	0	0	0	
229	7	3	6	11	20	2	0	0	0	0	0	0	0	0	
230	16	19	6	-999	-999	2	100000	0	0	0	0	0	0	0	
231	43	0	12	11	20	2	0	0	0	0	0	0	0	0	
232	43	12	8	11	20	2	0	0	0	0	0	0	0	0	
233	43	4	0	11	20	2	0	0	0	0	0	0	0	0	
234	43	8	12	11	20	2	0	0	0	0	0	0	0	0	
235	43	0	0	11	20	2	0	0	0	0	0	0	0	0	
236	43	0	8	11	20	2	0	0	0	0	0	0	0	0	
237	43	12	2	11	20	2	0	0	0	0	0	0	0	0	
238	43	8	0	11	20	2	0	0	0	0	0	0	0	0	
239	43	12	10	11	20	2	0	0	0	0	0	0	0	0	
240	43	12	6	11	20	2	0	0	0	0	0	0	0	0	
241	16	15	6	-999	-999	2	100000	0	0	0	0	0	0	0	
242	16	5	6	-999	-999	2	100000	0	0	0	0	0	0	0	
243	22	7	8	-999	-999	1	0	0	0	0	0	0	0	0	
244	16	7	6	-999	-999	2	100000	0	0	0	0	0	0	0	
245	16	11	6	-999	-999	2	100000	0	0	0	0	0	0	0	
246	16	3	6	-999	-999	2	100000	0	0	0	0	0	0	0	
247	40	5	4	-999	-999	2	0	0	0	0	0	0	0	0	
248	40	17	4	-999	-999	2	0	0	0	0	0	0	0	0	
249	22	19	4	-999	-999	1	0	0	0	0	0	0	0	0	
250	40	1	4	-999	-999	2	0	0	0	0	0	0	0	0	
251	16	17	6	-999	-999	2	100000	0	0	0	0	0	0	0	
252	40	9	4	-999	-999	2	0	0	0	0	0	0	0	0	
253	37	11	12	-999	-999	2	0	0	0	0	0	0	0	0	
254	17	8	10	9	10	2	0	0	0	0	0	0	0	0	
255	43	12	12	9	10	2	0	0	0	0	0	0	0	0	
256	43	12	2	9	10	2	0	0	0	0	0	0	0	0	
257	43	0	12	9	10	2	0	0	0	0	0	0	0	0	
258	6	8	8	9	10	3	0	0	0	0	0	0	0	0	
259	43	0	0	9	10	2	0	0	0	0	0	0	0	0	
260	43	2	12	9	10	2	0	0	0	0	0	0	0	0	
261	43	10	12	9	10	2	0	0	0	0	0	0	0	0	
262	6	8	4	9	10	1	0	0	0	0	0	0	0	0	
263	43	0	10	9	10	2	0	0	0	0	0	0	0	0	
264	43	0	2	9	10	2	0	0	0	0	0	0	0	0	
265	42	12	6	9	10	2	0	0	0	0	0	0	0	0	
266	5	6	6	9	10	2	0	0	0	0	0	0	0	0	
267	43	6	12	9	10	2	0	0	0	0	0	0	0	0	
268	43	2	0	9	10	2	0	0	0	0	0	0	0	0	
269	43	6	0	9	10	2	0	0	0	0	0	0	0	0	
270	5	8	6	9	10	2	0	0	0	0	0	0	0	0	
271	43	12	4	9	10	2	0	0	0	0	0	0	0	0	
272	32	9	10	-999	-999	2	0	0	0	0	0	0	0	0	
259	259	268	268	275	275	269	269	284	284	280	280	278	278	
259	259	268	268	275	275	269	269	284	284	280	280	278	278	
264	264	NULL	NULL	NULL	NULL	NULL	NULL	274	274	NULL	NULL	256	256	
264	264	NULL	NULL	NULL	NULL	NULL	NULL	274	274	NULL	NULL	256	256	
273	273	NULL	NULL	NULL	NULL	190	190	262	262	NULL	NULL	271	271	
273	273	NULL	NULL	NULL	NULL	190	190	262	262	NULL	NULL	271	271	
285	285	164	164	276	276	266	266	270	270	170	170	265	265	
285	285	164	164	276	276	266	266	270	270	170	170	265	265	
283	283	NULL	NULL	NULL	NULL	185	185	258	258	NULL	NULL	281	281	
283	283	NULL	NULL	NULL	NULL	185	185	258	258	NULL	NULL	281	281	
263	263	NULL	NULL	NULL	NULL	NULL	NULL	254	254	NULL	NULL	279	279	
263	263	NULL	NULL	NULL	NULL	NULL	NULL	254	254	NULL	NULL	279	279	
257	257	260	260	286	286	267	267	282	282	261	261	255	255	
257	257	260	260	286	286	267	267	282	282	261	261	255	255	
273	43	0	4	9	10	2	0	0	0	0	0	0	0	0	
274	27	8	2	9	10	2	0	0	0	0	0	0	0	0	
275	43	4	0	9	10	2	0	0	0	0	0	0	0	0	
276	77	4	6	9	10	2	0	0	0	0	0	0	0	0	
277	37	11	10	-999	-999	2	0	0	0	0	0	0	0	0	
278	43	12	0	9	10	2	0	0	0	0	0	0	0	0	
279	43	12	10	9	10	2	0	0	0	0	0	0	0	0	
280	43	10	0	9	10	2	0	0	0	0	0	0	0	0	
281	43	12	8	9	10	2	0	0	0	0	0	0	0	0	
282	43	8	12	9	10	2	0	0	0	0	0	0	0	0	
283	43	0	8	9	10	2	0	0	0	0	0	0	0	0	
284	43	8	0	9	10	2	0	0	0	0	0	0	0	0	
285	42	0	6	9	10	2	0	0	0	0	0	0	0	0	
286	43	4	12	9	10	2	0	0	0	0	0	0	0	0	
287	43	0	0	11	18	2	0	0	0	0	0	0	0	0	
288	40	17	12	-999	-999	2	0	0	0	0	0	0	0	0	
289	21	10	2	11	18	2	0	0	0	0	0	0	0	0	
290	43	0	12	11	18	2	0	0	0	0	0	0	0	0	
291	40	11	8	-999	-999	2	0	0	0	0	0	0	0	0	
292	17	8	10	21	2	2	0	0	0	0	0	0	0	0	
293	40	15	4	-999	-999	2	0	0	0	0	0	0	0	0	
294	40	9	14	-999	-999	2	0	0	0	0	0	0	0	0	
295	39	2	5	7	10	2	0	0	0	0	0	0	0	0	
296	40	9	0	-999	-999	2	0	0	0	0	0	0	0	0	
297	22	1	6	-999	-999	2	0	0	0	0	0	0	0	0	
298	43	12	12	11	18	2	0	0	0	0	0	0	0	0	
299	74	10	4	11	18	2	0	0	0	0	0	0	0	0	
300	40	13	0	-999	-999	2	0	0	0	0	0	0	0	0	
301	39	4	2	7	10	2	0	0	0	0	0	0	0	0	
302	43	12	8	11	18	2	0	0	0	0	0	0	0	0	
303	43	0	8	11	18	2	0	0	0	0	0	0	0	0	
304	37	11	16	-999	-999	2	0	0	0	0	0	0	0	0	
305	37	6	10	11	18	2	0	0	0	0	0	0	0	0	
306	43	10	12	11	18	2	0	0	0	0	0	0	0	0	
307	74	6	4	11	18	2	0	0	0	0	0	0	0	0	
308	37	11	14	-999	-999	2	0	0	0	0	0	0	0	0	
309	43	8	12	11	18	2	0	0	0	0	0	0	0	0	
310	19	2	8	11	18	3	0	0	0	0	0	0	0	0	
311	40	13	14	-999	-999	2	0	0	0	0	0	0	0	0	
312	37	6	2	11	18	2	0	0	0	0	0	0	0	0	
313	20	2	6	11	18	3	0	0	0	0	0	0	0	0	
314	43	0	10	11	18	2	0	0	0	0	0	0	0	0	
315	18	2	10	11	18	3	0	0	0	0	0	0	0	0	
316	39	10	3	7	10	2	0	0	0	0	0	0	0	0	
317	37	6	4	7	10	4	0	0	0	0	0	0	0	0	
318	43	8	0	11	18	2	0	0	0	0	0	0	0	0	
319	37	10	6	11	18	2	0	0	0	0	0	0	0	0	
320	40	5	14	-999	-999	2	0	0	0	0	0	0	0	0	
321	43	8	12	11	2	2	0	0	0	0	0	0	0	0	
322	37	6	2	11	2	2	0	0	0	0	0	0	0	0	
323	37	6	6	11	2	2	0	0	0	0	0	0	0	0	
324	32	11	2	-999	-999	2	0	0	0	0	0	0	0	0	
352	352	358	358	329	329	334	334	349	349	332	332	339	339	
352	352	358	358	329	329	334	334	349	349	332	332	339	339	
345	345	NULL	NULL	NULL	NULL	322	322	NULL	NULL	NULL	NULL	340	340	
345	345	NULL	NULL	NULL	NULL	322	322	NULL	NULL	NULL	NULL	340	340	
335	335	NULL	NULL	NULL	NULL	354	354	NULL	NULL	NULL	NULL	337	337	
335	335	NULL	NULL	NULL	NULL	354	354	NULL	NULL	NULL	NULL	337	337	
351	351	NULL	NULL	NULL	NULL	323	323	NULL	NULL	NULL	NULL	341	341	
351	351	331	331	NULL	NULL	323	323	NULL	NULL	350	350	341	341	
347	347	331	331	NULL	NULL	336	336	NULL	NULL	350	350	333	333	
347	347	344	344	NULL	NULL	336	336	NULL	NULL	327	327	333	333	
357	357	344	344	326	326	348	348	346	346	327	327	353	353	
357	357	NULL	NULL	326	326	348	348	346	346	NULL	NULL	353	353	
325	325	343	343	342	342	338	338	321	321	330	330	328	328	
325	325	343	343	342	342	338	338	321	321	330	330	328	328	
325	43	0	12	11	2	2	0	0	0	0	0	0	0	0	
326	39	4	10	11	2	2	0	0	0	0	0	0	0	0	
327	39	10	9	11	2	2	0	0	0	0	0	0	0	0	
328	43	12	12	11	2	2	0	0	0	0	0	0	0	0	
329	43	4	0	11	2	2	0	0	0	0	0	0	0	0	
330	43	10	12	11	2	2	0	0	0	0	0	0	0	0	
331	39	2	7	11	2	2	0	0	0	0	0	0	0	0	
332	43	10	0	11	2	2	0	0	0	0	0	0	0	0	
333	43	12	8	11	2	2	0	0	0	0	0	0	0	0	
334	42	6	0	11	2	2	0	0	0	0	0	0	0	0	
335	43	0	4	11	2	2	0	0	0	0	0	0	0	0	
336	37	6	8	11	2	4	0	0	0	0	0	0	0	0	
337	43	12	4	11	2	2	0	0	0	0	0	0	0	0	
338	42	6	12	11	2	3	0	0	0	0	0	0	0	0	
339	43	12	0	11	2	2	0	0	0	0	0	0	0	0	
340	43	12	2	11	2	2	0	0	0	0	0	0	0	0	
341	42	12	6	11	2	2	0	0	0	0	0	0	0	0	
342	43	4	12	11	2	2	0	0	0	0	0	0	0	0	
343	43	2	12	11	2	2	0	0	0	0	0	0	0	0	
344	39	2	9	11	2	2	0	0	0	0	0	0	0	0	
345	43	0	2	11	2	2	0	0	0	0	0	0	0	0	
346	39	8	10	11	2	2	0	0	0	0	0	0	0	0	
347	43	0	8	11	2	2	0	0	0	0	0	0	0	0	
348	37	6	10	11	2	2	0	0	0	0	0	0	0	0	
349	43	8	0	11	2	2	0	0	0	0	0	0	0	0	
350	39	10	7	11	2	2	0	0	0	0	0	0	0	0	
351	42	0	6	11	2	2	0	0	0	0	0	0	0	0	
352	43	0	0	11	2	2	0	0	0	0	0	0	0	0	
353	43	12	10	11	2	2	0	0	0	0	0	0	0	0	
354	37	6	4	11	2	2	0	0	0	0	0	0	0	0	
355	42	6	12	11	18	2	0	0	0	0	0	0	0	0	
356	43	10	0	11	18	2	0	0	0	0	0	0	0	0	
357	43	0	10	11	2	2	0	0	0	0	0	0	0	0	
358	43	2	0	11	2	2	0	0	0	0	0	0	0	0	
359	32	3	2	-999	-999	2	0	0	0	0	0	0	0	0	
380	380	360	360	364	364	368	368	372	372	376	376	382	382	
380	380	360	360	364	364	368	368	372	372	376	376	382	382	
361	361	NULL	NULL	NULL	NULL	384	384	NULL	NULL	NULL	NULL	363	363	
361	361	NULL	NULL	NULL	NULL	384	384	NULL	NULL	NULL	NULL	363	363	
365	365	NULL	NULL	NULL	NULL	385	385	NULL	NULL	NULL	NULL	367	367	
365	365	NULL	NULL	NULL	NULL	385	385	NULL	NULL	NULL	NULL	367	367	
369	369	NULL	NULL	NULL	NULL	386	386	NULL	NULL	NULL	NULL	371	371	
369	369	387	387	NULL	NULL	386	386	NULL	NULL	388	388	371	371	
373	373	387	387	NULL	NULL	389	389	NULL	NULL	388	388	375	375	
373	373	390	390	NULL	NULL	389	389	NULL	NULL	391	391	375	375	
377	377	390	390	392	392	393	393	394	394	391	391	379	379	
377	377	NULL	NULL	392	392	393	393	394	394	NULL	NULL	379	379	
381	381	362	362	366	366	370	370	374	374	378	378	383	383	
381	381	362	362	366	366	370	370	374	374	378	378	383	383	
360	43	2	0	3	2	2	0	0	0	0	0	0	0	0	
361	43	0	2	3	2	2	0	0	0	0	0	0	0	0	
362	43	2	12	3	2	2	0	0	0	0	0	0	0	0	
363	43	12	2	3	2	2	0	0	0	0	0	0	0	0	
364	43	4	0	3	2	2	0	0	0	0	0	0	0	0	
365	43	0	4	3	2	2	0	0	0	0	0	0	0	0	
366	43	4	12	3	2	2	0	0	0	0	0	0	0	0	
367	43	12	4	3	2	2	0	0	0	0	0	0	0	0	
368	42	6	0	3	2	2	0	0	0	0	0	0	0	0	
369	42	0	6	3	2	2	0	0	0	0	0	0	0	0	
370	42	6	12	3	2	3	0	0	0	0	0	0	0	0	
371	42	12	6	3	2	2	0	0	0	0	0	0	0	0	
372	43	8	0	3	2	2	0	0	0	0	0	0	0	0	
373	43	0	8	3	2	2	0	0	0	0	0	0	0	0	
374	43	8	12	3	2	2	0	0	0	0	0	0	0	0	
375	43	12	8	3	2	2	0	0	0	0	0	0	0	0	
376	43	10	0	3	2	2	0	0	0	0	0	0	0	0	
377	43	0	10	3	2	2	0	0	0	0	0	0	0	0	
378	43	10	12	3	2	2	0	0	0	0	0	0	0	0	
379	43	12	10	3	2	2	0	0	0	0	0	0	0	0	
380	43	0	0	3	2	2	0	0	0	0	0	0	0	0	
381	43	0	12	3	2	2	0	0	0	0	0	0	0	0	
382	43	12	0	3	2	2	0	0	0	0	0	0	0	0	
383	43	12	12	3	2	2	0	0	0	0	0	0	0	0	
384	37	6	2	3	2	2	0	0	0	0	0	0	0	0	
385	37	6	4	3	2	2	0	0	0	0	0	0	0	0	
386	37	6	6	3	2	2	0	0	0	0	0	0	0	0	
387	39	2	7	3	2	2	0	0	0	0	0	0	0	0	
388	39	10	7	3	2	2	0	0	0	0	0	0	0	0	
389	37	6	8	3	2	4	0	0	0	0	0	0	0	0	
390	39	2	9	3	2	2	0	0	0	0	0	0	0	0	
391	39	10	9	3	2	2	0	0	0	0	0	0	0	0	
392	39	4	10	3	2	2	0	0	0	0	0	0	0	0	
393	37	6	10	3	2	2	0	0	0	0	0	0	0	0	
394	39	8	10	3	2	2	0	0	0	0	0	0	0	0	
395	32	19	2	-999	-999	2	0	0	0	0	0	0	0	0	
416	416	396	396	400	400	404	404	408	408	412	412	418	418	
416	416	396	396	400	400	404	404	408	408	412	412	418	418	
397	397	NULL	NULL	NULL	NULL	420	420	NULL	NULL	NULL	NULL	399	399	
397	397	NULL	NULL	NULL	NULL	420	420	NULL	NULL	NULL	NULL	399	399	
401	401	NULL	NULL	NULL	NULL	421	421	NULL	NULL	NULL	NULL	403	403	
401	401	NULL	NULL	NULL	NULL	421	421	NULL	NULL	NULL	NULL	403	403	
405	405	NULL	NULL	NULL	NULL	422	422	NULL	NULL	NULL	NULL	407	407	
405	405	423	423	NULL	NULL	422	422	NULL	NULL	424	424	407	407	
409	409	423	423	NULL	NULL	425	425	NULL	NULL	424	424	411	411	
409	409	426	426	NULL	NULL	425	425	NULL	NULL	427	427	411	411	
413	413	426	426	428	428	429	429	430	430	427	427	415	415	
413	413	NULL	NULL	428	428	429	429	430	430	NULL	NULL	415	415	
417	417	398	398	402	402	406	406	410	410	414	414	419	419	
417	417	398	398	402	402	406	406	410	410	414	414	419	419	
396	43	2	0	19	2	2	0	0	0	0	0	0	0	0	
397	43	0	2	19	2	2	0	0	0	0	0	0	0	0	
398	43	2	12	19	2	2	0	0	0	0	0	0	0	0	
399	43	12	2	19	2	2	0	0	0	0	0	0	0	0	
400	43	4	0	19	2	2	0	0	0	0	0	0	0	0	
401	43	0	4	19	2	2	0	0	0	0	0	0	0	0	
402	43	4	12	19	2	2	0	0	0	0	0	0	0	0	
403	43	12	4	19	2	2	0	0	0	0	0	0	0	0	
404	42	6	0	19	2	2	0	0	0	0	0	0	0	0	
405	42	0	6	19	2	2	0	0	0	0	0	0	0	0	
406	42	6	12	19	2	3	0	0	0	0	0	0	0	0	
407	42	12	6	19	2	2	0	0	0	0	0	0	0	0	
408	43	8	0	19	2	2	0	0	0	0	0	0	0	0	
409	43	0	8	19	2	2	0	0	0	0	0	0	0	0	
410	43	8	12	19	2	2	0	0	0	0	0	0	0	0	
411	43	12	8	19	2	2	0	0	0	0	0	0	0	0	
412	43	10	0	19	2	2	0	0	0	0	0	0	0	0	
413	43	0	10	19	2	2	0	0	0	0	0	0	0	0	
414	43	10	12	19	2	2	0	0	0	0	0	0	0	0	
415	43	12	10	19	2	2	0	0	0	0	0	0	0	0	
416	43	0	0	19	2	2	0	0	0	0	0	0	0	0	
417	43	0	12	19	2	2	0	0	0	0	0	0	0	0	
418	43	12	0	19	2	2	0	0	0	0	0	0	0	0	
419	43	12	12	19	2	2	0	0	0	0	0	0	0	0	
420	37	6	2	19	2	2	0	0	0	0	0	0	0	0	
421	37	6	4	19	2	2	0	0	0	0	0	0	0	0	
422	37	6	6	19	2	2	0	0	0	0	0	0	0	0	
423	39	2	7	19	2	2	0	0	0	0	0	0	0	0	
424	39	10	7	19	2	2	0	0	0	0	0	0	0	0	
425	37	6	8	19	2	4	0	0	0	0	0	0	0	0	
426	39	2	9	19	2	2	0	0	0	0	0	0	0	0	
427	39	10	9	19	2	2	0	0	0	0	0	0	0	0	
428	39	4	10	19	2	2	0	0	0	0	0	0	0	0	
429	37	6	10	19	2	2	0	0	0	0	0	0	0	0	
430	39	8	10	19	2	2	0	0	0	0	0	0	0	0	
431	32	15	10	-999	-999	2	0	0	0	0	0	0	0	0	
453	453	434	434	438	438	442	442	446	446	450	450	455	455	
453	453	434	434	438	438	442	442	446	446	450	450	455	455	
449	449	NULL	NULL	464	464	465	465	466	466	NULL	NULL	451	451	
449	449	462	462	464	464	465	465	466	466	463	463	451	451	
445	445	462	462	NULL	NULL	461	461	NULL	NULL	463	463	447	447	
445	445	459	459	NULL	NULL	461	461	NULL	NULL	460	460	447	447	
441	441	459	459	NULL	NULL	458	458	NULL	NULL	460	460	443	443	
441	441	NULL	NULL	NULL	NULL	458	458	NULL	NULL	NULL	NULL	443	443	
437	437	NULL	NULL	NULL	NULL	457	457	NULL	NULL	NULL	NULL	439	439	
437	437	NULL	NULL	NULL	NULL	457	457	NULL	NULL	NULL	NULL	439	439	
433	433	NULL	NULL	NULL	NULL	456	456	NULL	NULL	NULL	NULL	435	435	
433	433	NULL	NULL	NULL	NULL	456	456	NULL	NULL	NULL	NULL	435	435	
452	452	432	432	436	436	440	440	444	444	448	448	454	454	
452	452	432	432	436	436	440	440	444	444	448	448	454	454	
432	43	2	12	15	10	2	0	0	0	0	0	0	0	0	
433	43	0	10	15	10	2	0	0	0	0	0	0	0	0	
434	43	2	0	15	10	2	0	0	0	0	0	0	0	0	
435	43	12	10	15	10	2	0	0	0	0	0	0	0	0	
436	43	4	12	15	10	2	0	0	0	0	0	0	0	0	
437	43	0	8	15	10	2	0	0	0	0	0	0	0	0	
438	43	4	0	15	10	2	0	0	0	0	0	0	0	0	
439	43	12	8	15	10	2	0	0	0	0	0	0	0	0	
440	42	6	12	15	10	2	0	0	0	0	0	0	0	0	
441	42	0	6	15	10	2	0	0	0	0	0	0	0	0	
442	42	6	0	15	10	3	0	0	0	0	0	0	0	0	
443	42	12	6	15	10	2	0	0	0	0	0	0	0	0	
444	43	8	12	15	10	2	0	0	0	0	0	0	0	0	
445	43	0	4	15	10	2	0	0	0	0	0	0	0	0	
446	43	8	0	15	10	2	0	0	0	0	0	0	0	0	
447	43	12	4	15	10	2	0	0	0	0	0	0	0	0	
448	43	10	12	15	10	2	0	0	0	0	0	0	0	0	
449	43	0	2	15	10	2	0	0	0	0	0	0	0	0	
450	43	10	0	15	10	2	0	0	0	0	0	0	0	0	
451	43	12	2	15	10	2	0	0	0	0	0	0	0	0	
452	43	0	12	15	10	2	0	0	0	0	0	0	0	0	
453	43	0	0	15	10	2	0	0	0	0	0	0	0	0	
454	43	12	12	15	10	2	0	0	0	0	0	0	0	0	
455	43	12	0	15	10	2	0	0	0	0	0	0	0	0	
456	37	6	10	15	10	2	0	0	0	0	0	0	0	0	
457	37	6	8	15	10	2	0	0	0	0	0	0	0	0	
458	37	6	6	15	10	2	0	0	0	0	0	0	0	0	
459	39	2	5	15	10	2	0	0	0	0	0	0	0	0	
460	39	10	5	15	10	2	0	0	0	0	0	0	0	0	
461	37	6	4	15	10	4	0	0	0	0	0	0	0	0	
462	39	2	3	15	10	2	0	0	0	0	0	0	0	0	
463	39	10	3	15	10	2	0	0	0	0	0	0	0	0	
464	39	4	2	15	10	2	0	0	0	0	0	0	0	0	
465	37	6	2	15	10	2	0	0	0	0	0	0	0	0	
466	39	8	2	15	10	2	0	0	0	0	0	0	0	0	
467	32	7	10	-999	-999	2	0	0	0	0	0	0	0	0	
489	489	470	470	474	474	478	478	482	482	486	486	491	491	
489	489	470	470	474	474	478	478	482	482	486	486	491	491	
485	485	NULL	NULL	301	301	86	86	84	84	NULL	NULL	487	487	
485	485	218	218	301	301	86	86	84	84	316	316	487	487	
481	481	218	218	NULL	NULL	317	317	NULL	NULL	316	316	483	483	
481	481	295	295	NULL	NULL	317	317	NULL	NULL	199	199	483	483	
477	477	295	295	NULL	NULL	494	494	NULL	NULL	199	199	479	479	
477	477	NULL	NULL	NULL	NULL	494	494	NULL	NULL	NULL	NULL	479	479	
473	473	NULL	NULL	NULL	NULL	493	493	NULL	NULL	NULL	NULL	475	475	
473	473	NULL	NULL	NULL	NULL	493	493	NULL	NULL	NULL	NULL	475	475	
469	469	NULL	NULL	NULL	NULL	492	492	NULL	NULL	NULL	NULL	471	471	
469	469	NULL	NULL	NULL	NULL	492	492	NULL	NULL	NULL	NULL	471	471	
488	488	468	468	472	472	476	476	480	480	484	484	490	490	
488	488	468	468	472	472	476	476	480	480	484	484	490	490	
468	43	2	12	7	10	2	0	0	0	0	0	0	0	0	
469	43	0	10	7	10	2	0	0	0	0	0	0	0	0	
470	43	2	0	7	10	2	0	0	0	0	0	0	0	0	
471	43	12	10	7	10	2	0	0	0	0	0	0	0	0	
472	43	4	12	7	10	2	0	0	0	0	0	0	0	0	
473	43	0	8	7	10	2	0	0	0	0	0	0	0	0	
474	43	4	0	7	10	2	0	0	0	0	0	0	0	0	
475	43	12	8	7	10	2	0	0	0	0	0	0	0	0	
476	42	6	12	7	10	2	0	0	0	0	0	0	0	0	
477	42	0	6	7	10	2	0	0	0	0	0	0	0	0	
478	42	6	0	7	10	3	0	0	0	0	0	0	0	0	
479	42	12	6	7	10	2	0	0	0	0	0	0	0	0	
480	43	8	12	7	10	2	0	0	0	0	0	0	0	0	
481	43	0	4	7	10	2	0	0	0	0	0	0	0	0	
482	43	8	0	7	10	2	0	0	0	0	0	0	0	0	
483	43	12	4	7	10	2	0	0	0	0	0	0	0	0	
484	43	10	12	7	10	2	0	0	0	0	0	0	0	0	
485	43	0	2	7	10	2	0	0	0	0	0	0	0	0	
486	43	10	0	7	10	2	0	0	0	0	0	0	0	0	
487	43	12	2	7	10	2	0	0	0	0	0	0	0	0	
488	43	0	12	7	10	2	0	0	0	0	0	0	0	0	
489	43	0	0	7	10	2	0	0	0	0	0	0	0	0	
490	43	12	12	7	10	2	0	0	0	0	0	0	0	0	
491	43	12	0	7	10	2	0	0	0	0	0	0	0	0	
492	37	6	10	7	10	2	0	0	0	0	0	0	0	0	
493	37	6	8	7	10	2	0	0	0	0	0	0	0	0	
494	37	6	6	7	10	2	0	0	0	0	0	0	0	0	
495	37	13	18	-999	-999	2	0	0	0	0	0	0	0	0	
496	37	15	17	-999	-999	2	0	0	0	0	0	0	0	0	
497	37	17	16	-999	-999	2	0	0	0	0	0	0	0	0	
498	37	19	15	-999	-999	2	0	0	0	0	0	0	0	0	
499	37	21	14	-999	-999	2	0	0	0	0	0	0	0	0	
500	26	21	8	-999	-999	2	0	0	0	0	0	0	0	0	
501	37	21	12	-999	-999	2	0	0	0	0	0	0	0	0	
502	37	21	10	-999	-999	2	0	0	0	0	0	0	0	0	
503	37	21	6	-999	-999	2	0	0	0	0	0	0	0	0	
NULL	213	213	168	168	211	211	NULL	NULL	296	296	203	203	300	300	NULL	NULL	186	186	163	163	183	183	NULL	
NULL	213	213	168	168	211	211	NULL	NULL	296	296	203	203	300	300	NULL	NULL	186	186	163	163	183	183	NULL	
NULL	NULL	NULL	359	359	138	138	NULL	NULL	NULL	NULL	324	324	108	108	NULL	NULL	NULL	NULL	395	395	34	34	NULL	
NULL	NULL	NULL	359	359	138	138	NULL	NULL	NULL	NULL	324	324	108	108	NULL	NULL	NULL	NULL	395	395	34	34	NULL	
NULL	250	250	226	226	247	247	91	91	252	252	191	191	194	194	293	293	248	248	249	249	210	210	NULL	
NULL	250	250	226	226	247	247	91	91	252	252	191	191	194	194	293	293	248	248	249	249	210	210	NULL	
NULL	297	297	246	246	242	242	244	244	192	192	245	245	204	204	241	241	251	251	230	230	503	503	NULL	
NULL	297	297	246	246	242	242	244	244	192	192	245	245	204	204	241	241	251	251	230	230	503	503	NULL	
NULL	NULL	NULL	73	73	196	196	243	243	187	187	291	291	214	214	195	195	180	180	78	78	500	500	NULL	
NULL	NULL	NULL	73	73	196	196	243	243	187	187	291	291	214	214	195	195	180	180	78	78	500	500	NULL	
NULL	NULL	NULL	NULL	NULL	NULL	NULL	467	467	272	272	277	277	NULL	NULL	431	431	173	173	NULL	NULL	502	502	NULL	
NULL	NULL	NULL	NULL	NULL	NULL	NULL	467	467	272	272	277	277	NULL	NULL	431	431	173	173	NULL	NULL	502	502	NULL	
NULL	NULL	NULL	NULL	NULL	219	219	165	165	215	215	253	253	217	217	159	159	288	288	NULL	NULL	501	501	NULL	
NULL	NULL	NULL	NULL	NULL	219	219	165	165	215	215	253	253	217	217	159	159	288	288	NULL	NULL	501	501	NULL	
NULL	NULL	NULL	NULL	NULL	320	320	167	167	294	294	308	308	311	311	94	94	85	85	NULL	NULL	499	499	NULL	
NULL	NULL	NULL	NULL	NULL	320	320	167	167	294	294	308	308	311	311	94	94	85	85	498	498	499	499	NULL	
NULL	NULL	NULL	NULL	NULL	NULL	NULL	NULL	NULL	NULL	NULL	304	304	NULL	NULL	NULL	NULL	497	497	498	498	NULL	NULL	NULL	
NULL	NULL	NULL	NULL	NULL	NULL	NULL	NULL	NULL	NULL	NULL	304	304	NULL	NULL	496	496	497	497	NULL	NULL	NULL	NULL	NULL	
NULL	NULL	NULL	NULL	NULL	NULL	NULL	NULL	NULL	NULL	NULL	181	181	495	495	496	496	NULL	NULL	NULL	NULL	NULL	NULL	NULL	
NULL	NULL	NULL	NULL	NULL	NULL	NULL	NULL	NULL	NULL	NULL	181	181	495	495	NULL	NULL	NULL	NULL	NULL	NULL	NULL	NULL	NULL	
NULL	NULL	NULL	NULL	NULL	NULL	NULL	NULL	NULL	NULL	NULL	4	4	NULL	NULL	NULL	NULL	NULL	NULL	NULL	NULL	NULL	NULL	NULL	
NULL	NULL	NULL	NULL	NULL	NULL	NULL	NULL	NULL	NULL	NULL	4	4	NULL	NULL	NULL	NULL	NULL	NULL	NULL	NULL	NULL	NULL	NULL	
NULL	NULL	NULL	NULL	NULL	NULL	NULL	NULL	NULL	NULL	NULL	154	154	NULL	NULL	NULL	NULL	NULL	NULL	NULL	NULL	NULL	NULL	NULL	
NULL	NULL	NULL	NULL	NULL	NULL	NULL	NULL	NULL	NULL	NULL	154	154	NULL	NULL	NULL	NULL	NULL	NULL	NULL	NULL	NULL	NULL	NULL	
