144
0	32	22	22	-999	-999	2	0	0	0	0	0	0	0	0	
21	21	1	1	5	5	9	9	13	13	17	17	23	23	
21	21	1	1	5	5	9	9	13	13	17	17	23	23	
2	2	NULL	NULL	NULL	NULL	NULL	NULL	NULL	NULL	NULL	NULL	4	4	
2	2	NULL	25	25	26	26	27	27	28	28	NULL	4	4	
6	6	NULL	25	25	26	26	27	27	28	28	NULL	8	8	
6	6	NULL	34	34	NULL	NULL	NULL	NULL	29	29	NULL	8	8	
10	10	NULL	34	34	NULL	NULL	NULL	NULL	29	29	NULL	12	12	
10	10	NULL	33	33	32	32	31	31	30	30	NULL	12	12	
14	14	NULL	33	33	32	32	31	31	30	30	NULL	16	16	
14	14	NULL	NULL	NULL	NULL	NULL	NULL	NULL	35	35	NULL	16	16	
18	18	NULL	NULL	NULL	NULL	NULL	NULL	NULL	35	35	NULL	20	20	
18	18	NULL	NULL	NULL	NULL	NULL	NULL	NULL	NULL	NULL	NULL	20	20	
22	22	3	3	7	7	11	11	15	15	19	19	24	24	
22	22	3	3	7	7	11	11	15	15	19	19	24	24	
1	43	2	0	22	22	2	0	0	0	0	0	0	0	0	
2	43	0	2	22	22	2	0	0	0	0	0	0	0	0	
3	43	2	12	22	22	2	0	0	0	0	0	0	0	0	
4	43	12	2	22	22	2	0	0	0	0	0	0	0	0	
5	43	4	0	22	22	2	0	0	0	0	0	0	0	0	
6	43	0	4	22	22	2	0	0	0	0	0	0	0	0	
7	43	4	12	22	22	2	0	0	0	0	0	0	0	0	
8	43	12	4	22	22	2	0	0	0	0	0	0	0	0	
9	43	6	0	22	22	2	0	0	0	0	0	0	0	0	
10	43	0	6	22	22	2	0	0	0	0	0	0	0	0	
11	43	6	12	22	22	2	0	0	0	0	0	0	0	0	
12	43	12	6	22	22	2	0	0	0	0	0	0	0	0	
13	43	8	0	22	22	2	0	0	0	0	0	0	0	0	
14	43	0	8	22	22	2	0	0	0	0	0	0	0	0	
15	43	8	12	22	22	2	0	0	0	0	0	0	0	0	
16	43	12	8	22	22	2	0	0	0	0	0	0	0	0	
17	43	10	0	22	22	2	0	0	0	0	0	0	0	0	
18	43	0	10	22	22	2	0	0	0	0	0	0	0	0	
19	43	10	12	22	22	2	0	0	0	0	0	0	0	0	
20	43	12	10	22	22	2	0	0	0	0	0	0	0	0	
21	43	0	0	22	22	2	0	0	0	0	0	0	0	0	
22	43	0	12	22	22	2	0	0	0	0	0	0	0	0	
23	43	12	0	22	22	2	0	0	0	0	0	0	0	0	
24	43	12	12	22	22	2	0	0	0	0	0	0	0	0	
25	60	3	3	22	22	2	0	0	0	0	0	0	0	0	
26	61	5	3	22	22	2	0	0	0	0	0	0	0	0	
27	62	7	3	22	22	2	0	0	0	0	0	0	0	0	
28	63	9	3	22	22	2	0	0	0	0	0	0	0	0	
29	64	9	5	22	22	1	0	0	0	0	0	0	0	0	
30	60	9	7	22	22	2	0	0	0	0	0	0	0	0	
31	61	7	7	22	22	2	0	0	0	0	0	0	0	0	
32	62	5	7	22	22	2	0	0	0	0	0	0	0	0	
33	63	3	7	22	22	2	0	0	0	0	0	0	0	0	
34	64	3	5	22	22	2	0	0	0	0	0	0	0	0	
35	0	9	9	22	22	2	0	2	1	0	0	0	0	0	
36	59	19	2	-999	-999	2	0	0	0	0	0	0	0	0	
37	55	3	2	-999	-999	2	0	0	0	0	0	0	0	0	
38	56	7	2	-999	-999	2	0	0	0	0	0	0	0	0	
39	57	11	2	-999	-999	2	0	0	0	0	0	0	0	0	
40	58	15	2	-999	-999	2	0	0	0	0	0	0	0	0	
41	12	3	0	-999	-999	2	100000	0	0	0	0	0	0	0	
42	13	7	0	-999	-999	2	100000	0	0	0	0	0	0	0	
43	14	11	0	-999	-999	2	100000	0	0	0	0	0	0	0	
44	15	15	0	-999	-999	2	100000	0	0	0	0	0	0	0	
45	16	19	0	-999	-999	2	100000	0	0	0	0	0	0	0	
46	32	11	22	-999	-999	2	0	0	0	0	0	0	0	0	
67	67	47	47	51	51	55	55	59	59	63	63	69	69	
67	67	47	47	51	51	55	55	59	59	63	63	69	69	
48	48	NULL	NULL	NULL	NULL	78	78	NULL	NULL	NULL	NULL	50	50	
48	48	NULL	NULL	NULL	NULL	78	78	NULL	NULL	NULL	NULL	50	50	
52	52	NULL	NULL	NULL	NULL	77	77	NULL	NULL	NULL	NULL	54	54	
52	52	NULL	NULL	71	71	77	77	75	75	NULL	NULL	54	54	
56	56	NULL	NULL	71	71	76	76	75	75	NULL	NULL	58	58	
56	56	NULL	NULL	72	72	76	76	74	74	NULL	NULL	58	58	
60	60	NULL	NULL	72	72	73	73	74	74	NULL	NULL	62	62	
60	60	NULL	NULL	NULL	NULL	73	73	NULL	NULL	NULL	NULL	62	62	
64	64	NULL	NULL	NULL	NULL	NULL	NULL	NULL	NULL	NULL	NULL	66	66	
64	64	NULL	NULL	NULL	NULL	NULL	NULL	NULL	NULL	NULL	NULL	66	66	
68	68	49	49	53	53	57	57	61	61	65	65	70	70	
68	68	49	49	53	53	57	57	61	61	65	65	70	70	
47	43	2	0	11	22	2	0	0	0	0	0	0	0	0	
48	43	0	2	11	22	2	0	0	0	0	0	0	0	0	
49	43	2	12	11	22	2	0	0	0	0	0	0	0	0	
50	43	12	2	11	22	2	0	0	0	0	0	0	0	0	
51	43	4	0	11	22	2	0	0	0	0	0	0	0	0	
52	43	0	4	11	22	2	0	0	0	0	0	0	0	0	
53	43	4	12	11	22	2	0	0	0	0	0	0	0	0	
54	43	12	4	11	22	2	0	0	0	0	0	0	0	0	
55	42	6	0	11	22	2	0	0	0	0	0	0	0	0	
56	43	0	6	11	22	2	0	0	0	0	0	0	0	0	
57	43	6	12	11	22	2	0	0	0	0	0	0	0	0	
58	43	12	6	11	22	2	0	0	0	0	0	0	0	0	
59	43	8	0	11	22	2	0	0	0	0	0	0	0	0	
60	43	0	8	11	22	2	0	0	0	0	0	0	0	0	
61	43	8	12	11	22	2	0	0	0	0	0	0	0	0	
62	43	12	8	11	22	2	0	0	0	0	0	0	0	0	
63	43	10	0	11	22	2	0	0	0	0	0	0	0	0	
64	43	0	10	11	22	2	0	0	0	0	0	0	0	0	
65	43	10	12	11	22	2	0	0	0	0	0	0	0	0	
66	43	12	10	11	22	2	0	0	0	0	0	0	0	0	
67	43	0	0	11	22	2	0	0	0	0	0	0	0	0	
68	43	0	12	11	22	2	0	0	0	0	0	0	0	0	
69	43	12	0	11	22	2	0	0	0	0	0	0	0	0	
70	43	12	12	11	22	2	0	0	0	0	0	0	0	0	
71	0	4	5	11	22	2	0	2	1	0	0	0	0	0	
72	1	4	7	11	22	2	1	2	1	0	0	0	0	0	
73	2	6	8	11	22	2	2	2	1	0	0	0	0	0	
74	3	8	7	11	22	2	3	2	1	0	0	0	0	0	
75	4	8	5	11	22	2	4	2	1	0	0	0	0	0	
76	37	6	6	11	22	3	0	0	0	0	0	0	0	0	
77	37	6	4	11	22	2	0	0	0	0	0	0	0	0	
78	37	6	2	11	22	2	0	0	0	0	0	0	0	0	
79	37	11	20	-999	-999	2	0	0	0	0	0	0	0	0	
80	37	19	10	-999	-999	2	0	0	0	0	0	0	0	0	
81	39	19	12	-999	-999	2	0	0	0	0	0	0	0	0	
82	39	19	14	-999	-999	2	0	0	0	0	0	0	0	0	
83	35	3	20	-999	-999	2	0	0	0	0	0	0	0	0	
84	35	3	18	-999	-999	2	0	0	0	0	0	0	0	0	
85	35	3	16	-999	-999	2	0	0	0	0	0	0	0	0	
86	35	3	14	-999	-999	2	0	0	0	0	0	0	0	0	
87	35	3	12	-999	-999	2	0	0	0	0	0	0	0	0	
88	37	3	10	-999	-999	2	0	0	0	0	0	0	0	0	
89	37	3	8	-999	-999	2	0	0	0	0	0	0	0	0	
90	37	3	6	-999	-999	2	0	0	0	0	0	0	0	0	
91	37	15	6	-999	-999	2	0	0	0	0	0	0	0	0	
92	39	19	16	-999	-999	2	0	0	0	0	0	0	0	0	
93	37	7	6	-999	-999	2	0	0	0	0	0	0	0	0	
94	37	19	6	-999	-999	2	0	0	0	0	0	0	0	0	
95	39	19	18	-999	-999	2	0	0	0	0	0	0	0	0	
96	37	11	6	-999	-999	2	0	0	0	0	0	0	0	0	
97	22	9	21	-999	-999	2	0	0	0	0	0	0	0	0	
98	23	9	19	-999	-999	2	0	0	0	0	0	0	0	0	
99	24	11	18	-999	-999	2	0	0	0	0	0	0	0	0	
100	25	13	19	-999	-999	2	0	0	0	0	0	0	0	0	
101	26	13	21	-999	-999	2	0	0	0	0	0	0	0	0	
102	37	5	22	-999	-999	2	0	0	0	0	0	0	0	0	
103	35	11	12	-999	-999	2	0	0	0	0	0	0	0	0	
104	35	11	14	-999	-999	2	0	0	0	0	0	0	0	0	
105	35	7	16	-999	-999	2	0	0	0	0	0	0	0	0	
106	36	15	12	-999	-999	2	0	0	0	0	0	0	0	0	
107	37	7	8	-999	-999	2	0	0	0	0	0	0	0	0	
108	35	7	10	-999	-999	2	0	0	0	0	0	0	0	0	
109	35	7	12	-999	-999	2	0	0	0	0	0	0	0	0	
110	35	7	14	-999	-999	2	0	0	0	0	0	0	0	0	
111	37	19	8	-999	-999	2	0	0	0	0	0	0	0	0	
112	37	11	8	-999	-999	2	0	0	0	0	0	0	0	0	
113	37	11	10	-999	-999	2	0	0	0	0	0	0	0	0	
114	37	15	10	-999	-999	2	0	0	0	0	0	0	0	0	
115	37	15	8	-999	-999	2	0	0	0	0	0	0	0	0	
116	35	7	18	-999	-999	2	0	0	0	0	0	0	0	0	
117	35	11	16	-999	-999	2	0	0	0	0	0	0	0	0	
118	37	3	22	-999	-999	2	0	0	0	0	0	0	0	0	
119	37	7	22	-999	-999	2	0	0	0	0	0	0	0	0	
120	37	15	18	-999	-999	2	0	0	0	0	0	0	0	0	
121	37	15	16	-999	-999	2	0	0	0	0	0	0	0	0	
122	35	15	14	-999	-999	2	0	0	0	0	0	0	0	0	
123	39	15	22	-999	-999	2	0	0	0	0	0	0	0	0	
124	39	17	22	-999	-999	2	0	0	0	0	0	0	0	0	
125	39	19	22	-999	-999	2	0	0	0	0	0	0	0	0	
126	39	19	20	-999	-999	2	0	0	0	0	0	0	0	0	
127	37	3	4	-999	-999	2	0	0	0	0	0	0	0	0	
128	37	7	4	-999	-999	2	0	0	0	0	0	0	0	0	
129	37	11	4	-999	-999	2	0	0	0	0	0	0	0	0	
130	37	15	4	-999	-999	2	0	0	0	0	0	0	0	0	
131	37	19	4	-999	-999	2	0	0	0	0	0	0	0	0	
132	40	1	2	-999	-999	2	0	0	0	0	0	0	0	0	
133	40	1	0	-999	-999	2	0	0	0	0	0	0	0	0	
134	40	5	0	-999	-999	2	0	0	0	0	0	0	0	0	
135	40	5	2	-999	-999	2	0	0	0	0	0	0	0	0	
136	40	9	2	-999	-999	2	0	0	0	0	0	0	0	0	
137	40	9	0	-999	-999	2	0	0	0	0	0	0	0	0	
138	40	13	0	-999	-999	2	0	0	0	0	0	0	0	0	
139	40	13	2	-999	-999	2	0	0	0	0	0	0	0	0	
140	40	17	2	-999	-999	2	0	0	0	0	0	0	0	0	
141	40	17	0	-999	-999	2	0	0	0	0	0	0	0	0	
142	40	21	0	-999	-999	2	0	0	0	0	0	0	0	0	
143	40	21	2	-999	-999	2	0	0	0	0	0	0	0	0	
NULL	133	133	41	41	134	134	42	42	137	137	43	43	138	138	44	44	141	141	45	45	142	142	NULL	
NULL	133	133	41	41	134	134	42	42	137	137	43	43	138	138	44	44	141	141	45	45	142	142	NULL	
NULL	132	132	37	37	135	135	38	38	136	136	39	39	139	139	40	40	140	140	36	36	143	143	NULL	
NULL	132	132	37	37	135	135	38	38	136	136	39	39	139	139	40	40	140	140	36	36	143	143	NULL	
NULL	NULL	NULL	127	127	NULL	NULL	128	128	NULL	NULL	129	129	NULL	NULL	130	130	NULL	NULL	131	131	NULL	NULL	NULL	
NULL	NULL	NULL	127	127	NULL	NULL	128	128	NULL	NULL	129	129	NULL	NULL	130	130	NULL	NULL	131	131	NULL	NULL	NULL	
NULL	NULL	NULL	90	90	NULL	NULL	93	93	NULL	NULL	96	96	NULL	NULL	91	91	NULL	NULL	94	94	NULL	NULL	NULL	
NULL	NULL	NULL	90	90	NULL	NULL	93	93	NULL	NULL	96	96	NULL	NULL	91	91	NULL	NULL	94	94	NULL	NULL	NULL	
NULL	NULL	NULL	89	89	NULL	NULL	107	107	NULL	NULL	112	112	NULL	NULL	115	115	NULL	NULL	111	111	NULL	NULL	NULL	
NULL	NULL	NULL	89	89	NULL	NULL	107	107	NULL	NULL	112	112	NULL	NULL	115	115	NULL	NULL	111	111	NULL	NULL	NULL	
NULL	NULL	NULL	88	88	NULL	NULL	108	108	NULL	NULL	113	113	NULL	NULL	114	114	NULL	NULL	80	80	NULL	NULL	NULL	
NULL	NULL	NULL	88	88	NULL	NULL	108	108	NULL	NULL	113	113	NULL	NULL	114	114	NULL	NULL	80	80	NULL	NULL	NULL	
NULL	NULL	NULL	87	87	NULL	NULL	109	109	NULL	NULL	103	103	NULL	NULL	106	106	NULL	NULL	81	81	NULL	NULL	NULL	
NULL	NULL	NULL	87	87	NULL	NULL	109	109	NULL	NULL	103	103	NULL	NULL	106	106	NULL	NULL	81	81	NULL	NULL	NULL	
NULL	NULL	NULL	86	86	NULL	NULL	110	110	NULL	NULL	104	104	NULL	NULL	122	122	NULL	NULL	82	82	NULL	NULL	NULL	
NULL	NULL	NULL	86	86	NULL	NULL	110	110	NULL	NULL	104	104	NULL	NULL	122	122	NULL	NULL	82	82	NULL	NULL	NULL	
NULL	NULL	NULL	85	85	NULL	NULL	105	105	NULL	NULL	117	117	NULL	NULL	121	121	NULL	NULL	92	92	NULL	NULL	NULL	
NULL	NULL	NULL	85	85	NULL	NULL	105	105	NULL	NULL	117	117	NULL	NULL	121	121	NULL	NULL	92	92	NULL	NULL	NULL	
NULL	NULL	NULL	84	84	NULL	NULL	116	116	NULL	NULL	99	99	NULL	NULL	120	120	NULL	NULL	95	95	NULL	NULL	NULL	
NULL	NULL	NULL	84	84	NULL	NULL	116	116	98	98	99	99	100	100	120	120	NULL	NULL	95	95	NULL	NULL	NULL	
NULL	NULL	NULL	83	83	NULL	NULL	NULL	NULL	98	98	79	79	100	100	NULL	NULL	NULL	NULL	126	126	NULL	NULL	NULL	
NULL	NULL	NULL	83	83	NULL	NULL	NULL	NULL	97	97	79	79	101	101	NULL	NULL	NULL	NULL	126	126	NULL	NULL	NULL	
NULL	NULL	NULL	118	118	102	102	119	119	97	97	46	46	101	101	123	123	124	124	125	125	NULL	0	0	
NULL	NULL	NULL	118	118	102	102	119	119	NULL	NULL	46	46	NULL	NULL	123	123	124	124	125	125	NULL	0	0	
