120
0	40	15	9	-999	-999	2	0	0	0	0	0	0	0	0	
1	40	19	21	-999	-999	2	0	0	0	0	0	0	0	0	
2	2	5	13	-999	-999	2	32	2	1	0	0	0	0	0	
3	1	7	9	-999	-999	2	8	2	1	0	0	0	0	0	
4	40	3	3	-999	-999	2	0	0	0	0	0	0	0	0	
5	40	13	1	-999	-999	2	0	0	0	0	0	0	0	0	
6	1	3	13	-999	-999	2	28	2	1	0	0	0	0	0	
7	40	17	3	-999	-999	2	0	0	0	0	0	0	0	0	
8	40	21	1	-999	-999	2	0	0	0	0	0	0	0	0	
9	40	1	21	-999	-999	2	0	0	0	0	0	0	0	0	
10	0	1	13	-999	-999	2	24	2	1	0	0	0	0	0	
11	40	3	21	-999	-999	2	0	0	0	0	0	0	0	0	
12	40	17	21	-999	-999	2	0	0	0	0	0	0	0	0	
13	40	7	19	-999	-999	2	0	0	0	0	0	0	0	0	
14	4	1	9	-999	-999	2	20	2	1	0	0	0	0	0	
15	40	7	17	-999	-999	2	0	0	0	0	0	0	0	0	
16	40	1	17	-999	-999	2	0	0	0	0	0	0	0	0	
17	40	1	1	-999	-999	2	0	0	0	0	0	0	0	0	
18	3	3	9	-999	-999	2	16	2	1	0	0	0	0	0	
19	40	15	19	-999	-999	2	0	0	0	0	0	0	0	0	
20	40	5	3	-999	-999	2	0	0	0	0	0	0	0	0	
21	40	17	19	-999	-999	2	0	0	0	0	0	0	0	0	
22	3	7	13	-999	-999	2	36	2	1	0	0	0	0	0	
23	40	15	3	-999	-999	2	0	0	0	0	0	0	0	0	
24	2	5	9	-999	-999	2	12	2	1	0	0	0	0	0	
25	40	3	17	-999	-999	2	0	0	0	0	0	0	0	0	
26	40	5	19	-999	-999	2	0	0	0	0	0	0	0	0	
27	40	5	21	-999	-999	2	0	0	0	0	0	0	0	0	
28	40	17	1	-999	-999	2	0	0	0	0	0	0	0	0	
29	40	13	19	-999	-999	2	0	0	0	0	0	0	0	0	
30	40	9	21	-999	-999	2	0	0	0	0	0	0	0	0	
31	40	11	19	-999	-999	2	0	0	0	0	0	0	0	0	
32	40	7	21	-999	-999	2	0	0	0	0	0	0	0	0	
33	40	1	19	-999	-999	2	0	0	0	0	0	0	0	0	
34	4	9	13	-999	-999	2	40	2	1	0	0	0	0	0	
35	40	3	19	-999	-999	2	0	0	0	0	0	0	0	0	
36	40	9	3	-999	-999	2	0	0	0	0	0	0	0	0	
37	40	3	1	-999	-999	2	0	0	0	0	0	0	0	0	
38	40	11	1	-999	-999	2	0	0	0	0	0	0	0	0	
39	40	11	3	-999	-999	2	0	0	0	0	0	0	0	0	
40	40	5	17	-999	-999	2	0	0	0	0	0	0	0	0	
41	40	13	21	-999	-999	2	0	0	0	0	0	0	0	0	
42	0	9	9	-999	-999	2	4	2	1	0	0	0	0	0	
43	40	15	1	-999	-999	2	0	0	0	0	0	0	0	0	
44	40	19	3	-999	-999	2	0	0	0	0	0	0	0	0	
45	40	21	3	-999	-999	2	0	0	0	0	0	0	0	0	
46	40	13	3	-999	-999	2	0	0	0	0	0	0	0	0	
47	40	7	3	-999	-999	2	0	0	0	0	0	0	0	0	
48	40	9	1	-999	-999	2	0	0	0	0	0	0	0	0	
49	40	21	21	-999	-999	2	0	0	0	0	0	0	0	0	
50	40	19	1	-999	-999	2	0	0	0	0	0	0	0	0	
51	40	11	21	-999	-999	2	0	0	0	0	0	0	0	0	
52	40	1	3	-999	-999	2	0	0	0	0	0	0	0	0	
53	40	21	19	-999	-999	2	0	0	0	0	0	0	0	0	
54	40	15	21	-999	-999	2	0	0	0	0	0	0	0	0	
55	40	7	1	-999	-999	2	0	0	0	0	0	0	0	0	
56	40	9	19	-999	-999	2	0	0	0	0	0	0	0	0	
57	40	19	19	-999	-999	2	0	0	0	0	0	0	0	0	
58	40	9	17	-999	-999	2	0	0	0	0	0	0	0	0	
59	40	5	1	-999	-999	2	0	0	0	0	0	0	0	0	
60	40	11	9	-999	-999	2	0	0	0	0	0	0	0	0	
61	40	11	13	-999	-999	2	0	0	0	0	0	0	0	0	
62	37	1	11	-999	-999	0	0	0	0	0	0	0	0	0	
63	37	3	11	-999	-999	1	0	0	0	0	0	0	0	0	
64	37	5	11	-999	-999	2	0	0	0	0	0	0	0	0	
65	37	7	11	-999	-999	3	0	0	0	0	0	0	0	0	
66	37	9	11	-999	-999	4	0	0	0	0	0	0	0	0	
67	16	13	9	-999	-999	2	100000	0	0	0	0	0	0	0	
68	15	13	7	-999	-999	2	100000	0	0	0	0	0	0	0	
69	14	15	7	-999	-999	2	100000	0	0	0	0	0	0	0	
70	12	17	7	-999	-999	2	100000	0	0	0	0	0	0	0	
71	16	17	9	-999	-999	2	100000	0	0	0	0	0	0	0	
72	15	19	9	-999	-999	2	100000	0	0	0	0	0	0	0	
73	14	21	9	-999	-999	2	100000	0	0	0	0	0	0	0	
74	12	21	7	-999	-999	2	100000	0	0	0	0	0	0	0	
75	16	13	13	-999	-999	2	100000	0	0	0	0	0	0	0	
76	15	13	15	-999	-999	2	100000	0	0	0	0	0	0	0	
77	14	15	15	-999	-999	2	100000	0	0	0	0	0	0	0	
78	13	17	15	-999	-999	2	100000	0	0	0	0	0	0	0	
79	16	17	13	-999	-999	2	100000	0	0	0	0	0	0	0	
80	15	19	13	-999	-999	2	100000	0	0	0	0	0	0	0	
81	14	21	13	-999	-999	2	100000	0	0	0	0	0	0	0	
82	13	21	15	-999	-999	2	100000	0	0	0	0	0	0	0	
83	40	11	7	-999	-999	2	0	0	0	0	0	0	0	0	
84	40	15	13	-999	-999	2	0	0	0	0	0	0	0	0	
85	40	11	15	-999	-999	2	0	0	0	0	0	0	0	0	
86	40	11	17	-999	-999	2	0	0	0	0	0	0	0	0	
87	40	13	17	-999	-999	2	0	0	0	0	0	0	0	0	
88	40	15	17	-999	-999	2	0	0	0	0	0	0	0	0	
89	40	15	11	-999	-999	2	0	0	0	0	0	0	0	0	
90	40	17	11	-999	-999	2	0	0	0	0	0	0	0	0	
91	37	13	11	-999	-999	2	0	0	0	0	0	0	0	0	
92	40	11	5	-999	-999	2	0	0	0	0	0	0	0	0	
93	40	13	5	-999	-999	2	0	0	0	0	0	0	0	0	
94	40	15	5	-999	-999	2	0	0	0	0	0	0	0	0	
95	40	17	5	-999	-999	2	0	0	0	0	0	0	0	0	
96	40	19	7	-999	-999	2	0	0	0	0	0	0	0	0	
97	40	19	5	-999	-999	2	0	0	0	0	0	0	0	0	
98	40	21	5	-999	-999	2	0	0	0	0	0	0	0	0	
99	40	19	11	-999	-999	2	0	0	0	0	0	0	0	0	
100	40	21	11	-999	-999	2	0	0	0	0	0	0	0	0	
101	40	17	17	-999	-999	2	0	0	0	0	0	0	0	0	
102	40	19	17	-999	-999	2	0	0	0	0	0	0	0	0	
103	40	19	15	-999	-999	2	0	0	0	0	0	0	0	0	
104	40	21	17	-999	-999	2	0	0	0	0	0	0	0	0	
105	40	9	7	-999	-999	2	0	0	0	0	0	0	0	0	
106	40	7	7	-999	-999	2	0	0	0	0	0	0	0	0	
107	40	5	7	-999	-999	2	0	0	0	0	0	0	0	0	
108	40	3	7	-999	-999	2	0	0	0	0	0	0	0	0	
109	40	1	7	-999	-999	2	0	0	0	0	0	0	0	0	
110	40	1	15	-999	-999	2	0	0	0	0	0	0	0	0	
111	40	3	15	-999	-999	2	0	0	0	0	0	0	0	0	
112	40	5	15	-999	-999	2	0	0	0	0	0	0	0	0	
113	40	7	15	-999	-999	2	0	0	0	0	0	0	0	0	
114	40	9	15	-999	-999	2	0	0	0	0	0	0	0	0	
115	40	9	5	-999	-999	2	0	0	0	0	0	0	0	0	
116	40	7	5	-999	-999	2	0	0	0	0	0	0	0	0	
117	40	5	5	-999	-999	2	0	0	0	0	0	0	0	0	
118	40	3	5	-999	-999	2	0	0	0	0	0	0	0	0	
119	40	1	5	-999	-999	2	0	0	0	0	0	0	0	0	
NULL	NULL	NULL	NULL	NULL	NULL	NULL	NULL	NULL	NULL	NULL	NULL	NULL	NULL	NULL	NULL	NULL	NULL	NULL	NULL	NULL	NULL	NULL	NULL	
NULL	17	17	37	37	59	59	55	55	48	48	38	38	5	5	43	43	28	28	50	50	8	8	NULL	
NULL	17	17	37	37	59	59	55	55	48	48	38	38	5	5	43	43	28	28	50	50	8	8	NULL	
NULL	52	52	4	4	20	20	47	47	36	36	39	39	46	46	23	23	7	7	44	44	45	45	NULL	
NULL	52	52	4	4	20	20	47	47	36	36	39	39	46	46	23	23	7	7	44	44	45	45	NULL	
NULL	119	119	118	118	117	117	116	116	115	115	92	92	93	93	94	94	95	95	97	97	98	98	NULL	
NULL	119	119	118	118	117	117	116	116	115	115	92	92	93	93	94	94	95	95	97	97	98	98	NULL	
NULL	109	109	108	108	107	107	106	106	105	105	83	83	68	68	69	69	70	70	96	96	74	74	NULL	
NULL	109	109	108	108	107	107	106	106	105	105	83	83	68	68	69	69	70	70	96	96	74	74	NULL	
NULL	14	14	18	18	24	24	3	3	42	42	60	60	67	67	0	0	71	71	72	72	73	73	NULL	
NULL	14	14	18	18	24	24	3	3	42	42	60	60	67	67	0	0	71	71	72	72	73	73	NULL	
NULL	62	62	63	63	64	64	65	65	66	66	NULL	NULL	91	91	89	89	90	90	99	99	100	100	NULL	
NULL	62	62	63	63	64	64	65	65	66	66	NULL	NULL	91	91	89	89	90	90	99	99	100	100	NULL	
NULL	10	10	6	6	2	2	22	22	34	34	61	61	75	75	84	84	79	79	80	80	81	81	NULL	
NULL	10	10	6	6	2	2	22	22	34	34	61	61	75	75	84	84	79	79	80	80	81	81	NULL	
NULL	110	110	111	111	112	112	113	113	114	114	85	85	76	76	77	77	78	78	103	103	82	82	NULL	
NULL	110	110	111	111	112	112	113	113	114	114	85	85	76	76	77	77	78	78	103	103	82	82	NULL	
NULL	16	16	25	25	40	40	15	15	58	58	86	86	87	87	88	88	101	101	102	102	104	104	NULL	
NULL	16	16	25	25	40	40	15	15	58	58	86	86	87	87	88	88	101	101	102	102	104	104	NULL	
NULL	33	33	35	35	26	26	13	13	56	56	31	31	29	29	19	19	21	21	57	57	53	53	NULL	
NULL	33	33	35	35	26	26	13	13	56	56	31	31	29	29	19	19	21	21	57	57	53	53	NULL	
NULL	9	9	11	11	27	27	32	32	30	30	51	51	41	41	54	54	12	12	1	1	49	49	NULL	
NULL	9	9	11	11	27	27	32	32	30	30	51	51	41	41	54	54	12	12	1	1	49	49	NULL	
NULL	NULL	NULL	NULL	NULL	NULL	NULL	NULL	NULL	NULL	NULL	NULL	NULL	NULL	NULL	NULL	NULL	NULL	NULL	NULL	NULL	NULL	NULL	NULL	
