81
0	40	20	0	-999	-999	2	0	0	0	0	0	0	0	0	
1	40	20	2	-999	-999	2	0	0	0	0	0	0	0	0	
2	40	20	4	-999	-999	2	0	0	0	0	0	0	0	0	
3	40	20	6	-999	-999	2	0	0	0	0	0	0	0	0	
4	40	18	6	-999	-999	2	0	0	0	0	0	0	0	0	
5	40	16	6	-999	-999	2	0	0	0	0	0	0	0	0	
6	40	16	4	-999	-999	2	0	0	0	0	0	0	0	0	
7	40	16	2	-999	-999	2	0	0	0	0	0	0	0	0	
8	40	12	0	-999	-999	2	0	0	0	0	0	0	0	0	
9	40	12	2	-999	-999	2	0	0	0	0	0	0	0	0	
10	40	12	4	-999	-999	2	0	0	0	0	0	0	0	0	
11	40	12	6	-999	-999	2	0	0	0	0	0	0	0	0	
12	40	12	8	-999	-999	2	0	0	0	0	0	0	0	0	
13	40	12	10	-999	-999	2	0	0	0	0	0	0	0	0	
14	40	14	10	-999	-999	2	0	0	0	0	0	0	0	0	
15	40	16	10	-999	-999	2	0	0	0	0	0	0	0	0	
16	40	18	10	-999	-999	2	0	0	0	0	0	0	0	0	
17	40	0	10	-999	-999	2	0	0	0	0	0	0	0	0	
18	40	22	14	-999	-999	2	0	0	0	0	0	0	0	0	
19	40	22	22	-999	-999	2	0	0	0	0	0	0	0	0	
20	40	18	14	-999	-999	2	0	0	0	0	0	0	0	0	
21	40	18	16	-999	-999	2	0	0	0	0	0	0	0	0	
22	40	22	16	-999	-999	2	0	0	0	0	0	0	0	0	
23	40	22	18	-999	-999	2	0	0	0	0	0	0	0	0	
24	40	22	20	-999	-999	2	0	0	0	0	0	0	0	0	
25	40	18	18	-999	-999	2	0	0	0	0	0	0	0	0	
26	40	18	22	-999	-999	2	0	0	0	0	0	0	0	0	
27	40	16	18	-999	-999	2	0	0	0	0	0	0	0	0	
28	40	14	18	-999	-999	2	0	0	0	0	0	0	0	0	
29	40	14	16	-999	-999	2	0	0	0	0	0	0	0	0	
30	40	14	14	-999	-999	2	0	0	0	0	0	0	0	0	
31	40	12	14	-999	-999	2	0	0	0	0	0	0	0	0	
32	40	10	14	-999	-999	2	0	0	0	0	0	0	0	0	
33	40	12	18	-999	-999	2	0	0	0	0	0	0	0	0	
34	40	10	18	-999	-999	2	0	0	0	0	0	0	0	0	
35	40	8	18	-999	-999	2	0	0	0	0	0	0	0	0	
36	40	8	14	-999	-999	2	0	0	0	0	0	0	0	0	
37	40	6	14	-999	-999	2	0	0	0	0	0	0	0	0	
38	40	6	18	-999	-999	2	0	0	0	0	0	0	0	0	
39	40	16	22	-999	-999	2	0	0	0	0	0	0	0	0	
40	40	14	22	-999	-999	2	0	0	0	0	0	0	0	0	
41	40	12	22	-999	-999	2	0	0	0	0	0	0	0	0	
42	40	10	22	-999	-999	2	0	0	0	0	0	0	0	0	
43	1	6	22	-999	-999	2	1	2	1	0	0	0	0	0	
44	40	20	22	-999	-999	2	0	0	0	0	0	0	0	0	
45	40	0	14	-999	-999	2	0	0	0	0	0	0	0	0	
46	37	4	20	-999	-999	1	0	0	0	0	0	0	0	0	
47	37	6	20	-999	-999	2	0	0	0	0	0	0	0	0	
48	40	2	18	-999	-999	2	0	0	0	0	0	0	0	0	
49	40	0	16	-999	-999	2	0	0	0	0	0	0	0	0	
50	37	0	20	-999	-999	0	0	0	0	0	0	0	0	0	
51	37	2	20	-999	-999	0	0	0	0	0	0	0	0	0	
52	40	2	10	-999	-999	2	0	0	0	0	0	0	0	0	
53	40	4	10	-999	-999	2	0	0	0	0	0	0	0	0	
54	40	6	10	-999	-999	2	0	0	0	0	0	0	0	0	
55	40	8	10	-999	-999	2	0	0	0	0	0	0	0	0	
56	40	8	8	-999	-999	2	0	0	0	0	0	0	0	0	
57	40	8	6	-999	-999	2	0	0	0	0	0	0	0	0	
58	40	8	4	-999	-999	2	0	0	0	0	0	0	0	0	
59	40	8	2	-999	-999	2	0	0	0	0	0	0	0	0	
60	40	6	2	-999	-999	2	0	0	0	0	0	0	0	0	
61	40	4	2	-999	-999	2	0	0	0	0	0	0	0	0	
62	40	2	2	-999	-999	2	0	0	0	0	0	0	0	0	
63	40	2	4	-999	-999	2	0	0	0	0	0	0	0	0	
64	40	2	6	-999	-999	2	0	0	0	0	0	0	0	0	
65	40	4	6	-999	-999	2	0	0	0	0	0	0	0	0	
66	12	22	0	-999	-999	2	100000	0	0	0	0	0	0	0	
67	13	18	4	-999	-999	2	100000	0	0	0	0	0	0	0	
68	15	16	16	-999	-999	2	100000	0	0	0	0	0	0	0	
69	14	12	16	-999	-999	2	100000	0	0	0	0	0	0	0	
70	16	4	4	-999	-999	2	100000	0	0	0	0	0	0	0	
71	40	4	14	-999	-999	2	0	0	0	0	0	0	0	0	
72	4	0	22	-999	-999	2	4	2	1	0	0	0	0	0	
73	3	2	22	-999	-999	2	3	2	1	0	0	0	0	0	
74	2	4	22	-999	-999	2	2	2	1	0	0	0	0	0	
75	0	8	22	-999	-999	2	0	2	1	0	0	0	0	0	
76	40	4	18	-999	-999	2	0	0	0	0	0	0	0	0	
77	40	0	12	-999	-999	2	0	0	0	0	0	0	0	0	
78	40	0	18	-999	-999	2	0	0	0	0	0	0	0	0	
79	37	8	20	-999	-999	3	0	0	0	0	0	0	0	0	
80	37	10	20	-999	-999	4	0	0	0	0	0	0	0	0	
NULL	NULL	NULL	NULL	NULL	NULL	NULL	NULL	NULL	NULL	NULL	NULL	8	8	NULL	NULL	NULL	NULL	NULL	NULL	0	0	66	66	
NULL	NULL	NULL	NULL	NULL	NULL	NULL	NULL	NULL	NULL	NULL	NULL	8	8	NULL	NULL	NULL	NULL	NULL	NULL	0	0	66	66	
NULL	NULL	62	62	61	61	60	60	59	59	NULL	NULL	9	9	NULL	NULL	7	7	NULL	NULL	1	1	NULL	NULL	
NULL	NULL	62	62	61	61	60	60	59	59	NULL	NULL	9	9	NULL	NULL	7	7	NULL	NULL	1	1	NULL	NULL	
NULL	NULL	63	63	70	70	NULL	NULL	58	58	NULL	NULL	10	10	NULL	NULL	6	6	67	67	2	2	NULL	NULL	
NULL	NULL	63	63	70	70	NULL	NULL	58	58	NULL	NULL	10	10	NULL	NULL	6	6	67	67	2	2	NULL	NULL	
NULL	NULL	64	64	65	65	NULL	NULL	57	57	NULL	NULL	11	11	NULL	NULL	5	5	4	4	3	3	NULL	NULL	
NULL	NULL	64	64	65	65	NULL	NULL	57	57	NULL	NULL	11	11	NULL	NULL	5	5	4	4	3	3	NULL	NULL	
NULL	NULL	NULL	NULL	NULL	NULL	NULL	NULL	56	56	NULL	NULL	12	12	NULL	NULL	NULL	NULL	NULL	NULL	NULL	NULL	NULL	NULL	
NULL	NULL	NULL	NULL	NULL	NULL	NULL	NULL	56	56	NULL	NULL	12	12	NULL	NULL	NULL	NULL	NULL	NULL	NULL	NULL	NULL	NULL	
17	17	52	52	53	53	54	54	55	55	NULL	NULL	13	13	14	14	15	15	16	16	NULL	NULL	NULL	NULL	
17	17	52	52	53	53	54	54	55	55	NULL	NULL	13	13	14	14	15	15	16	16	NULL	NULL	NULL	NULL	
77	77	NULL	NULL	NULL	NULL	NULL	NULL	NULL	NULL	NULL	NULL	NULL	NULL	NULL	NULL	NULL	NULL	NULL	NULL	NULL	NULL	NULL	NULL	
77	77	NULL	NULL	NULL	NULL	NULL	NULL	NULL	NULL	NULL	NULL	NULL	NULL	NULL	NULL	NULL	NULL	NULL	NULL	NULL	NULL	NULL	NULL	
45	45	NULL	NULL	71	71	37	37	36	36	32	32	31	31	30	30	NULL	NULL	20	20	NULL	NULL	18	18	
45	45	NULL	NULL	71	71	37	37	36	36	32	32	31	31	30	30	NULL	NULL	20	20	NULL	NULL	18	18	
49	49	NULL	NULL	NULL	NULL	NULL	NULL	NULL	NULL	NULL	NULL	69	69	29	29	68	68	21	21	NULL	NULL	22	22	
49	49	NULL	NULL	NULL	NULL	NULL	NULL	NULL	NULL	NULL	NULL	69	69	29	29	68	68	21	21	NULL	NULL	22	22	
78	78	48	48	76	76	38	38	35	35	34	34	33	33	28	28	27	27	25	25	NULL	NULL	23	23	
78	78	48	48	76	76	38	38	35	35	34	34	33	33	28	28	27	27	25	25	NULL	NULL	23	23	
50	50	51	51	46	46	47	47	79	79	80	80	NULL	NULL	NULL	NULL	NULL	NULL	NULL	NULL	NULL	NULL	24	24	
50	50	51	51	46	46	47	47	79	79	80	80	NULL	NULL	NULL	NULL	NULL	NULL	NULL	NULL	NULL	NULL	24	24	
72	72	73	73	74	74	43	43	75	75	42	42	41	41	40	40	39	39	26	26	44	44	19	19	
72	72	73	73	74	74	43	43	75	75	42	42	41	41	40	40	39	39	26	26	44	44	19	19	
