1351
0	32	12	0	-999	-999	2	0	0	0	0	0	0	0	0	
14	14	25	25	2	2	16	16	4	4	27	27	23	23	
14	14	25	25	2	2	16	16	4	4	27	27	23	23	
20	20	NULL	NULL	NULL	NULL	NULL	NULL	NULL	NULL	NULL	NULL	28	28	
20	20	NULL	NULL	NULL	NULL	NULL	NULL	NULL	NULL	NULL	NULL	28	28	
29	29	NULL	NULL	NULL	NULL	NULL	NULL	NULL	NULL	NULL	NULL	3	3	
29	29	NULL	NULL	NULL	NULL	NULL	NULL	NULL	NULL	NULL	NULL	3	3	
9	9	21	21	10	10	22	22	17	17	11	11	12	12	
9	9	21	21	10	10	22	22	17	17	11	11	12	12	
114	114	NULL	NULL	NULL	NULL	NULL	NULL	NULL	NULL	NULL	NULL	94	94	
114	114	NULL	NULL	NULL	NULL	NULL	NULL	NULL	NULL	NULL	NULL	94	94	
26	26	NULL	NULL	NULL	NULL	NULL	NULL	NULL	NULL	NULL	NULL	15	15	
26	26	NULL	NULL	NULL	NULL	NULL	NULL	NULL	NULL	NULL	NULL	15	15	
8	8	5	5	19	19	1	1	117	117	6	6	13	13	
8	8	5	5	19	19	1	1	117	117	6	6	13	13	
1	43	6	12	12	0	2	0	0	0	0	0	0	0	0	
2	43	4	0	12	0	2	0	0	0	0	0	0	0	0	
3	43	12	4	12	0	2	0	0	0	0	0	0	0	0	
4	43	8	0	12	0	2	0	0	0	0	0	0	0	0	
5	43	2	12	12	0	2	0	0	0	0	0	0	0	0	
6	43	10	12	12	0	2	0	0	0	0	0	0	0	0	
7	43	8	12	20	0	2	0	0	0	0	0	0	0	0	
8	43	0	12	12	0	2	0	0	0	0	0	0	0	0	
9	42	0	6	12	0	2	0	0	0	0	0	0	0	0	
10	60	4	6	12	0	2	0	0	0	0	0	0	0	0	
11	37	10	6	12	0	2	0	0	0	0	0	0	0	0	
12	42	12	6	12	0	2	0	0	0	0	0	0	0	0	
13	43	12	12	12	0	2	0	0	0	0	0	0	0	0	
14	43	0	0	12	0	2	0	0	0	0	0	0	0	0	
15	43	12	10	12	0	2	0	0	0	0	0	0	0	0	
16	43	6	0	12	0	2	0	0	0	0	0	0	0	0	
17	61	8	6	12	0	2	0	0	0	0	0	0	0	0	
18	43	12	6	20	0	2	0	0	0	0	0	0	0	0	
19	43	4	12	12	0	2	0	0	0	0	0	0	0	0	
20	43	0	2	12	0	2	0	0	0	0	0	0	0	0	
21	37	2	6	12	0	2	0	0	0	0	0	0	0	0	
22	37	6	6	12	0	2	0	0	0	0	0	0	0	0	
23	43	12	0	12	0	2	0	0	0	0	0	0	0	0	
24	43	0	2	20	0	2	0	0	0	0	0	0	0	0	
25	43	2	0	12	0	2	0	0	0	0	0	0	0	0	
26	43	0	10	12	0	2	0	0	0	0	0	0	0	0	
27	43	10	0	12	0	2	0	0	0	0	0	0	0	0	
28	43	12	2	12	0	2	0	0	0	0	0	0	0	0	
29	43	0	4	12	0	2	0	0	0	0	0	0	0	0	
30	32	18	0	-999	-999	2	0	0	0	0	0	0	0	0	
43	43	47	47	52	52	58	58	51	51	50	50	53	53	
43	43	47	47	52	52	58	58	51	51	50	50	53	53	
36	36	NULL	NULL	NULL	NULL	NULL	NULL	NULL	NULL	NULL	NULL	44	44	
36	36	59	59	NULL	NULL	NULL	NULL	NULL	NULL	NULL	NULL	44	44	
45	45	59	59	135	135	NULL	NULL	NULL	NULL	NULL	NULL	34	34	
45	45	NULL	NULL	135	135	NULL	NULL	NULL	NULL	NULL	NULL	34	34	
40	40	NULL	NULL	130	130	NULL	NULL	NULL	NULL	NULL	NULL	42	42	
40	40	NULL	NULL	130	130	NULL	NULL	NULL	NULL	NULL	NULL	42	42	
31	31	NULL	NULL	127	127	NULL	NULL	NULL	NULL	NULL	NULL	46	46	
31	31	57	57	127	127	NULL	NULL	NULL	NULL	NULL	NULL	46	46	
39	39	57	57	NULL	NULL	NULL	NULL	NULL	NULL	NULL	NULL	41	41	
39	39	NULL	NULL	NULL	NULL	NULL	NULL	NULL	NULL	NULL	NULL	41	41	
49	49	55	55	32	32	56	56	35	35	33	33	38	38	
49	49	55	55	32	32	56	56	35	35	33	33	38	38	
31	43	0	8	18	0	2	0	0	0	0	0	0	0	0	
32	43	4	12	18	0	2	0	0	0	0	0	0	0	0	
33	43	10	12	18	0	2	0	0	0	0	0	0	0	0	
34	43	12	4	18	0	2	0	0	0	0	0	0	0	0	
35	43	8	12	18	0	2	0	0	0	0	0	0	0	0	
36	42	0	2	18	0	2	0	0	0	0	0	0	0	0	
37	43	8	0	14	0	2	0	0	0	0	0	0	0	0	
38	43	12	12	18	0	2	0	0	0	0	0	0	0	0	
39	42	0	10	18	0	2	0	0	0	0	0	0	0	0	
40	43	0	6	18	0	2	0	0	0	0	0	0	0	0	
41	43	12	10	18	0	2	0	0	0	0	0	0	0	0	
42	43	12	6	18	0	2	0	0	0	0	0	0	0	0	
43	43	0	0	18	0	2	0	0	0	0	0	0	0	0	
44	43	12	2	18	0	2	0	0	0	0	0	0	0	0	
45	43	0	4	18	0	2	0	0	0	0	0	0	0	0	
46	43	12	8	18	0	2	0	0	0	0	0	0	0	0	
47	43	2	0	18	0	2	0	0	0	0	0	0	0	0	
48	43	0	8	14	0	2	0	0	0	0	0	0	0	0	
49	43	0	12	18	0	2	0	0	0	0	0	0	0	0	
50	43	10	0	18	0	2	0	0	0	0	0	0	0	0	
51	43	8	0	18	0	2	0	0	0	0	0	0	0	0	
52	43	4	0	18	0	2	0	0	0	0	0	0	0	0	
53	43	12	0	18	0	2	0	0	0	0	0	0	0	0	
54	43	0	10	14	0	2	0	0	0	0	0	0	0	0	
55	43	2	12	18	0	2	0	0	0	0	0	0	0	0	
56	43	6	12	18	0	2	0	0	0	0	0	0	0	0	
57	37	2	9	18	0	2	0	0	0	0	0	0	0	0	
58	43	6	0	18	0	2	0	0	0	0	0	0	0	0	
59	37	2	3	18	0	2	0	0	0	0	0	0	0	0	
60	32	20	16	-999	-999	2	0	0	0	0	0	0	0	0	
61	61	73	73	64	64	63	63	81	81	83	83	67	67	
61	61	73	73	64	64	63	63	81	81	83	83	67	67	
66	66	NULL	NULL	NULL	NULL	NULL	NULL	NULL	NULL	NULL	NULL	77	77	
66	66	NULL	NULL	NULL	NULL	NULL	NULL	NULL	NULL	65	65	77	77	
71	71	NULL	NULL	NULL	NULL	NULL	NULL	76	76	65	65	62	62	
71	71	NULL	NULL	NULL	NULL	NULL	NULL	76	76	NULL	NULL	62	62	
82	82	NULL	NULL	NULL	NULL	NULL	NULL	70	70	NULL	NULL	78	78	
82	82	NULL	NULL	NULL	NULL	NULL	NULL	70	70	NULL	NULL	78	78	
68	68	NULL	NULL	NULL	NULL	NULL	NULL	85	85	NULL	NULL	69	69	
68	68	NULL	NULL	NULL	NULL	NULL	NULL	85	85	80	80	69	69	
74	74	NULL	NULL	NULL	NULL	NULL	NULL	NULL	NULL	80	80	72	72	
74	74	NULL	NULL	NULL	NULL	NULL	NULL	NULL	NULL	NULL	NULL	72	72	
86	86	84	84	88	88	79	79	75	75	87	87	89	89	
86	86	84	84	88	88	79	79	75	75	87	87	89	89	
61	43	0	0	20	16	2	0	0	0	0	0	0	0	0	
62	43	12	4	20	16	2	0	0	0	0	0	0	0	0	
63	43	6	0	20	16	2	0	0	0	0	0	0	0	0	
64	43	4	0	20	16	2	0	0	0	0	0	0	0	0	
65	37	10	3	20	16	2	0	0	0	0	0	0	0	0	
66	43	0	2	20	16	2	0	0	0	0	0	0	0	0	
67	43	12	0	20	16	2	0	0	0	0	0	0	0	0	
68	43	0	8	20	16	2	0	0	0	0	0	0	0	0	
69	43	12	8	20	16	2	0	0	0	0	0	0	0	0	
70	37	8	6	20	16	2	0	0	0	0	0	0	0	0	
71	43	0	4	20	16	2	0	0	0	0	0	0	0	0	
72	42	12	10	20	16	2	0	0	0	0	0	0	0	0	
73	43	2	0	20	16	2	0	0	0	0	0	0	0	0	
74	43	0	10	20	16	2	0	0	0	0	0	0	0	0	
75	43	8	12	20	16	2	0	0	0	0	0	0	0	0	
76	62	8	4	20	16	2	0	0	0	0	0	0	0	0	
77	42	12	2	20	16	2	0	0	0	0	0	0	0	0	
78	43	12	6	20	16	2	0	0	0	0	0	0	0	0	
79	43	6	12	20	16	2	0	0	0	0	0	0	0	0	
80	37	10	9	20	16	2	0	0	0	0	0	0	0	0	
81	43	8	0	20	16	2	0	0	0	0	0	0	0	0	
82	43	0	6	20	16	2	0	0	0	0	0	0	0	0	
83	43	10	0	20	16	2	0	0	0	0	0	0	0	0	
84	43	2	12	20	16	2	0	0	0	0	0	0	0	0	
85	61	8	8	20	16	2	0	0	0	0	0	0	0	0	
86	43	0	12	20	16	2	0	0	0	0	0	0	0	0	
87	43	10	12	20	16	2	0	0	0	0	0	0	0	0	
88	43	4	12	20	16	2	0	0	0	0	0	0	0	0	
89	43	12	12	20	16	2	0	0	0	0	0	0	0	0	
90	32	14	0	-999	-999	2	0	0	0	0	0	0	0	0	
104	104	115	115	92	92	99	99	37	37	96	96	113	113	
104	104	115	115	92	92	99	99	37	37	96	96	113	113	
93	93	NULL	NULL	NULL	NULL	119	119	NULL	NULL	NULL	NULL	118	118	
93	93	NULL	NULL	NULL	NULL	119	119	NULL	NULL	NULL	NULL	118	118	
102	102	NULL	NULL	NULL	NULL	100	100	NULL	NULL	NULL	NULL	103	103	
102	102	NULL	NULL	NULL	NULL	100	100	NULL	NULL	NULL	NULL	103	103	
108	108	112	112	107	107	101	101	NULL	NULL	NULL	NULL	91	91	
108	108	112	112	107	107	101	101	NULL	NULL	NULL	NULL	91	91	
48	48	NULL	NULL	NULL	NULL	NULL	NULL	NULL	NULL	NULL	NULL	111	111	
48	48	NULL	NULL	NULL	NULL	NULL	NULL	NULL	NULL	NULL	NULL	111	111	
54	54	NULL	NULL	NULL	NULL	NULL	NULL	NULL	NULL	NULL	NULL	106	106	
54	54	NULL	NULL	NULL	NULL	NULL	NULL	NULL	NULL	NULL	NULL	106	106	
98	98	95	95	109	109	116	116	97	97	105	105	110	110	
98	98	95	95	109	109	116	116	97	97	105	105	110	110	
91	43	12	6	14	0	2	0	0	0	0	0	0	0	0	
92	43	4	0	14	0	2	0	0	0	0	0	0	0	0	
93	43	0	2	14	0	2	0	0	0	0	0	0	0	0	
94	43	12	8	12	0	2	0	0	0	0	0	0	0	0	
95	43	2	12	14	0	2	0	0	0	0	0	0	0	0	
96	43	10	0	14	0	2	0	0	0	0	0	0	0	0	
97	43	8	12	14	0	2	0	0	0	0	0	0	0	0	
98	43	0	12	14	0	2	0	0	0	0	0	0	0	0	
99	42	6	0	14	0	2	0	0	0	0	0	0	0	0	
100	63	6	4	14	0	2	0	0	0	0	0	0	0	0	
101	37	6	6	14	0	2	0	0	0	0	0	0	0	0	
102	43	0	4	14	0	2	0	0	0	0	0	0	0	0	
103	43	12	4	14	0	2	0	0	0	0	0	0	0	0	
104	43	0	0	14	0	2	0	0	0	0	0	0	0	0	
105	43	10	12	14	0	2	0	0	0	0	0	0	0	0	
106	43	12	10	14	0	2	0	0	0	0	0	0	0	0	
107	62	4	6	14	0	2	0	0	0	0	0	0	0	0	
108	42	0	6	14	0	2	0	0	0	0	0	0	0	0	
109	43	4	12	14	0	2	0	0	0	0	0	0	0	0	
110	43	12	12	14	0	2	0	0	0	0	0	0	0	0	
111	43	12	8	14	0	2	0	0	0	0	0	0	0	0	
112	37	2	6	14	0	2	0	0	0	0	0	0	0	0	
113	43	12	0	14	0	2	0	0	0	0	0	0	0	0	
114	43	0	8	12	0	2	0	0	0	0	0	0	0	0	
115	43	2	0	14	0	2	0	0	0	0	0	0	0	0	
116	43	6	12	14	0	2	0	0	0	0	0	0	0	0	
117	43	8	12	12	0	2	0	0	0	0	0	0	0	0	
118	43	12	2	14	0	2	0	0	0	0	0	0	0	0	
119	37	6	2	14	0	2	0	0	0	0	0	0	0	0	
120	43	12	4	20	0	2	0	0	0	0	0	0	0	0	
121	43	12	2	20	0	2	0	0	0	0	0	0	0	0	
122	43	8	0	20	0	2	0	0	0	0	0	0	0	0	
123	43	10	0	20	0	2	0	0	0	0	0	0	0	0	
124	43	12	10	20	0	2	0	0	0	0	0	0	0	0	
125	43	0	8	20	0	2	0	0	0	0	0	0	0	0	
126	43	12	8	20	0	2	0	0	0	0	0	0	0	0	
127	61	4	8	18	0	2	0	0	0	0	0	0	0	0	
128	43	6	12	20	0	2	0	0	0	0	0	0	0	0	
129	43	12	12	20	0	2	0	0	0	0	0	0	0	0	
130	37	4	6	18	0	2	0	0	0	0	0	0	0	0	
131	43	4	12	20	0	2	0	0	0	0	0	0	0	0	
132	42	10	12	20	0	2	0	0	0	0	0	0	0	0	
133	37	6	2	20	0	2	0	0	0	0	0	0	0	0	
134	43	0	6	20	0	2	0	0	0	0	0	0	0	0	
135	62	4	4	18	0	2	0	0	0	0	0	0	0	0	
136	43	0	0	20	0	2	0	0	0	0	0	0	0	0	
137	37	9	10	20	0	2	0	0	0	0	0	0	0	0	
138	37	7	6	20	0	2	0	0	0	0	0	0	0	0	
139	43	12	0	20	0	2	0	0	0	0	0	0	0	0	
140	64	8	8	20	0	2	0	0	0	0	0	0	0	0	
141	32	20	0	-999	-999	2	0	0	0	0	0	0	0	0	
136	136	144	144	148	148	143	143	122	122	123	123	139	139	
136	136	144	144	148	148	143	143	122	122	123	123	139	139	
24	24	NULL	NULL	NULL	NULL	133	133	NULL	NULL	NULL	NULL	121	121	
24	24	NULL	NULL	NULL	NULL	133	133	NULL	NULL	NULL	NULL	121	121	
149	149	NULL	NULL	NULL	NULL	142	142	NULL	NULL	NULL	NULL	120	120	
149	149	NULL	NULL	NULL	NULL	142	142	NULL	NULL	NULL	NULL	120	120	
134	134	NULL	NULL	NULL	NULL	NULL	138	138	NULL	NULL	NULL	18	18	
134	134	NULL	NULL	NULL	NULL	NULL	138	138	NULL	NULL	NULL	18	18	
125	125	NULL	NULL	NULL	NULL	NULL	NULL	140	140	NULL	NULL	126	126	
125	125	NULL	NULL	NULL	NULL	NULL	NULL	140	140	NULL	NULL	126	126	
147	147	NULL	NULL	NULL	NULL	NULL	NULL	NULL	137	137	NULL	124	124	
147	147	NULL	NULL	NULL	NULL	NULL	NULL	NULL	137	137	NULL	124	124	
145	145	146	146	131	131	128	128	7	7	132	132	129	129	
145	145	146	146	131	131	128	128	7	7	132	132	129	129	
142	63	6	4	20	0	2	0	0	0	0	0	0	0	0	
143	42	6	0	20	0	2	0	0	0	0	0	0	0	0	
144	43	2	0	20	0	2	0	0	0	0	0	0	0	0	
145	43	0	12	20	0	2	0	0	0	0	0	0	0	0	
146	43	2	12	20	0	2	0	0	0	0	0	0	0	0	
147	43	0	10	20	0	2	0	0	0	0	0	0	0	0	
148	43	4	0	20	0	2	0	0	0	0	0	0	0	0	
149	43	0	4	20	0	2	0	0	0	0	0	0	0	0	
150	12	14	12	-999	-999	2	100000	0	0	0	0	0	0	0	
151	77	12	12	-999	-999	2	0	0	0	0	0	0	0	0	
152	77	10	12	-999	-999	2	0	0	0	0	0	0	0	0	
153	77	8	12	-999	-999	2	0	0	0	0	0	0	0	0	
154	40	10	10	-999	-999	2	0	0	0	0	0	0	0	0	
155	40	8	14	-999	-999	2	0	0	0	0	0	0	0	0	
156	40	12	14	-999	-999	2	0	0	0	0	0	0	0	0	
157	40	14	10	-999	-999	2	0	0	0	0	0	0	0	0	
158	40	16	10	-999	-999	2	0	0	0	0	0	0	0	0	
159	40	16	12	-999	-999	2	0	0	0	0	0	0	0	0	
160	40	16	14	-999	-999	2	0	0	0	0	0	0	0	0	
161	40	14	14	-999	-999	2	0	0	0	0	0	0	0	0	
162	40	12	10	-999	-999	2	0	0	0	0	0	0	0	0	
163	40	8	10	-999	-999	2	0	0	0	0	0	0	0	0	
164	40	10	14	-999	-999	2	0	0	0	0	0	0	0	0	
165	61	8	8	5	18	2	0	0	0	0	0	0	0	0	
166	37	6	8	5	18	2	0	0	0	0	0	0	0	0	
167	51	10	20	-999	-999	2	0	0	0	0	0	0	0	0	
168	40	10	8	-999	-999	2	0	0	0	0	0	0	0	0	
169	40	10	6	-999	-999	2	0	0	0	0	0	0	0	0	
170	40	6	16	-999	-999	2	0	0	0	0	0	0	0	0	
171	40	10	2	-999	-999	2	0	0	0	0	0	0	0	0	
172	40	10	0	-999	-999	2	0	0	0	0	0	0	0	0	
173	40	6	10	-999	-999	2	0	0	0	0	0	0	0	0	
174	40	4	10	-999	-999	2	0	0	0	0	0	0	0	0	
175	40	2	10	-999	-999	2	0	0	0	0	0	0	0	0	
176	40	2	16	-999	-999	2	0	0	0	0	0	0	0	0	
177	40	18	10	-999	-999	2	0	0	0	0	0	0	0	0	
178	40	22	10	-999	-999	2	0	0	0	0	0	0	0	0	
179	51	18	20	-999	-999	2	0	0	0	0	0	0	0	0	
180	0	0	22	-999	-999	2	0	2	1	0	0	0	0	0	
181	40	8	16	-999	-999	2	0	0	0	0	0	0	0	0	
182	40	8	18	-999	-999	2	0	0	0	0	0	0	0	0	
183	40	0	16	-999	-999	2	0	0	0	0	0	0	0	0	
184	40	8	22	-999	-999	2	0	0	0	0	0	0	0	0	
185	40	16	16	-999	-999	2	0	0	0	0	0	0	0	0	
186	40	16	18	-999	-999	2	0	0	0	0	0	0	0	0	
187	40	4	16	-999	-999	2	0	0	0	0	0	0	0	0	
188	40	18	22	-999	-999	2	0	0	0	0	0	0	0	0	
189	52	20	10	-999	-999	2	0	0	0	0	0	0	0	0	
190	78	16	7	-999	-999	2	0	0	0	0	0	0	0	0	
191	78	1	1	-999	-999	2	0	0	0	0	0	0	0	0	
192	78	10	18	-999	-999	2	0	0	0	0	0	0	0	0	
193	53	20	8	-999	-999	2	0	0	0	0	0	0	0	0	
194	51	20	12	-999	-999	2	0	0	0	0	0	0	0	0	
195	50	16	20	-999	-999	2	0	0	0	0	0	0	0	0	
196	52	20	20	-999	-999	2	0	0	0	0	0	0	0	0	
197	40	18	18	-999	-999	2	0	0	0	0	0	0	0	0	
198	53	8	20	-999	-999	2	0	0	0	0	0	0	0	0	
199	54	6	20	-999	-999	2	0	0	0	0	0	0	0	0	
200	37	9	10	5	18	2	0	0	0	0	0	0	0	0	
201	50	12	4	-999	-999	2	0	0	0	0	0	0	0	0	
202	51	10	4	-999	-999	2	0	0	0	0	0	0	0	0	
203	54	8	4	-999	-999	2	0	0	0	0	0	0	0	0	
204	32	1	20	-999	-999	2	0	0	0	0	0	0	0	0	
227	227	208	208	212	212	216	216	220	220	224	224	228	228	
227	227	208	208	212	212	216	216	220	220	224	224	228	228	
221	221	NULL	NULL	NULL	NULL	NULL	NULL	NULL	NULL	NULL	NULL	223	223	
221	221	NULL	NULL	NULL	NULL	NULL	NULL	NULL	NULL	NULL	NULL	223	223	
217	217	NULL	NULL	NULL	NULL	NULL	NULL	NULL	NULL	NULL	NULL	219	219	
217	217	NULL	NULL	NULL	NULL	NULL	NULL	NULL	NULL	NULL	NULL	219	219	
213	213	NULL	NULL	NULL	NULL	NULL	NULL	NULL	NULL	NULL	NULL	215	215	
213	213	NULL	NULL	NULL	NULL	NULL	NULL	NULL	NULL	NULL	NULL	215	215	
209	209	NULL	NULL	230	230	231	231	232	232	NULL	NULL	211	211	
209	209	NULL	NULL	230	230	231	231	232	232	NULL	NULL	211	211	
205	205	NULL	229	229	NULL	NULL	NULL	NULL	233	233	NULL	207	207	
205	205	NULL	229	229	NULL	NULL	NULL	NULL	233	233	NULL	207	207	
225	225	206	206	210	210	214	214	218	218	222	222	226	226	
225	225	206	206	210	210	214	214	218	218	222	222	226	226	
205	43	0	10	1	20	2	0	0	0	0	0	0	0	0	
206	42	2	12	1	20	2	0	0	0	0	0	0	0	0	
207	43	12	10	1	20	2	0	0	0	0	0	0	0	0	
208	43	2	0	1	20	2	0	0	0	0	0	0	0	0	
209	43	0	8	1	20	2	0	0	0	0	0	0	0	0	
210	43	4	12	1	20	2	0	0	0	0	0	0	0	0	
211	43	12	8	1	20	2	0	0	0	0	0	0	0	0	
212	43	4	0	1	20	2	0	0	0	0	0	0	0	0	
213	43	0	6	1	20	2	0	0	0	0	0	0	0	0	
214	43	6	12	1	20	2	0	0	0	0	0	0	0	0	
215	43	12	6	1	20	2	0	0	0	0	0	0	0	0	
216	43	6	0	1	20	2	0	0	0	0	0	0	0	0	
217	43	0	4	1	20	2	0	0	0	0	0	0	0	0	
218	43	8	12	1	20	2	0	0	0	0	0	0	0	0	
219	43	12	4	1	20	2	0	0	0	0	0	0	0	0	
220	43	8	0	1	20	2	0	0	0	0	0	0	0	0	
221	43	0	2	1	20	2	0	0	0	0	0	0	0	0	
222	42	10	12	1	20	2	0	0	0	0	0	0	0	0	
223	43	12	2	1	20	2	0	0	0	0	0	0	0	0	
224	43	10	0	1	20	2	0	0	0	0	0	0	0	0	
225	43	0	12	1	20	2	0	0	0	0	0	0	0	0	
226	43	12	12	1	20	2	0	0	0	0	0	0	0	0	
227	43	0	0	1	20	2	0	0	0	0	0	0	0	0	
228	43	12	0	1	20	2	0	0	0	0	0	0	0	0	
229	37	3	10	1	20	2	0	0	0	0	0	0	0	0	
230	62	4	8	1	20	2	0	0	0	0	0	0	0	0	
231	37	6	8	1	20	2	0	0	0	0	0	0	0	0	
232	61	8	8	1	20	2	0	0	0	0	0	0	0	0	
233	37	9	10	1	20	2	0	0	0	0	0	0	0	0	
234	32	2	22	-999	-999	2	0	0	0	0	0	0	0	0	
255	255	235	235	239	239	243	243	247	247	251	251	257	257	
255	255	235	235	239	239	243	243	247	247	251	251	257	257	
236	236	NULL	259	259	NULL	NULL	NULL	NULL	NULL	NULL	NULL	238	238	
236	236	NULL	259	259	NULL	NULL	NULL	NULL	NULL	NULL	NULL	238	238	
240	240	NULL	NULL	260	260	NULL	NULL	NULL	NULL	NULL	NULL	242	242	
240	240	NULL	NULL	260	260	261	261	NULL	NULL	NULL	NULL	242	242	
244	244	NULL	NULL	NULL	NULL	261	261	262	262	263	263	246	246	
244	244	NULL	NULL	NULL	NULL	NULL	NULL	262	262	263	263	246	246	
248	248	NULL	NULL	NULL	NULL	NULL	NULL	NULL	NULL	NULL	NULL	250	250	
248	248	NULL	NULL	NULL	NULL	NULL	NULL	NULL	NULL	NULL	NULL	250	250	
252	252	NULL	NULL	NULL	NULL	NULL	NULL	NULL	NULL	NULL	NULL	254	254	
252	252	NULL	NULL	NULL	NULL	NULL	NULL	NULL	NULL	NULL	NULL	254	254	
256	256	237	237	241	241	245	245	249	249	253	253	258	258	
256	256	237	237	241	241	245	245	249	249	253	253	258	258	
235	42	2	0	2	22	2	0	0	0	0	0	0	0	0	
236	43	0	2	2	22	2	0	0	0	0	0	0	0	0	
237	43	2	12	2	22	2	0	0	0	0	0	0	0	0	
238	43	12	2	2	22	2	0	0	0	0	0	0	0	0	
239	43	4	0	2	22	2	0	0	0	0	0	0	0	0	
240	43	0	4	2	22	2	0	0	0	0	0	0	0	0	
241	43	4	12	2	22	2	0	0	0	0	0	0	0	0	
242	43	12	4	2	22	2	0	0	0	0	0	0	0	0	
243	43	6	0	2	22	2	0	0	0	0	0	0	0	0	
244	43	0	6	2	22	2	0	0	0	0	0	0	0	0	
245	43	6	12	2	22	2	0	0	0	0	0	0	0	0	
246	42	12	6	2	22	2	0	0	0	0	0	0	0	0	
247	43	8	0	2	22	2	0	0	0	0	0	0	0	0	
248	43	0	8	2	22	2	0	0	0	0	0	0	0	0	
249	43	8	12	2	22	2	0	0	0	0	0	0	0	0	
250	43	12	8	2	22	2	0	0	0	0	0	0	0	0	
251	43	10	0	2	22	2	0	0	0	0	0	0	0	0	
252	43	0	10	2	22	2	0	0	0	0	0	0	0	0	
253	43	10	12	2	22	2	0	0	0	0	0	0	0	0	
254	43	12	10	2	22	2	0	0	0	0	0	0	0	0	
255	43	0	0	2	22	2	0	0	0	0	0	0	0	0	
256	43	0	12	2	22	2	0	0	0	0	0	0	0	0	
257	43	12	0	2	22	2	0	0	0	0	0	0	0	0	
258	43	12	12	2	22	2	0	0	0	0	0	0	0	0	
259	37	3	2	2	22	2	0	0	0	0	0	0	0	0	
260	64	4	4	2	22	2	0	0	0	0	0	0	0	0	
261	37	6	5	2	22	2	0	0	0	0	0	0	0	0	
262	60	8	6	2	22	2	0	0	0	0	0	0	0	0	
263	37	10	6	2	22	2	0	0	0	0	0	0	0	0	
264	32	4	22	-999	-999	2	0	0	0	0	0	0	0	0	
285	285	265	265	269	269	273	273	277	277	281	281	287	287	
285	285	265	265	269	269	273	273	277	277	281	281	287	287	
266	266	NULL	NULL	NULL	NULL	289	289	NULL	NULL	NULL	NULL	268	268	
266	266	NULL	NULL	NULL	NULL	289	289	NULL	NULL	NULL	NULL	268	268	
270	270	NULL	NULL	NULL	NULL	290	290	NULL	NULL	NULL	NULL	272	272	
270	270	NULL	NULL	NULL	NULL	290	290	NULL	NULL	NULL	NULL	272	272	
274	274	291	291	292	292	293	293	NULL	NULL	NULL	NULL	276	276	
274	274	291	291	292	292	293	293	NULL	NULL	NULL	NULL	276	276	
278	278	NULL	NULL	NULL	NULL	NULL	NULL	NULL	NULL	NULL	NULL	280	280	
278	278	NULL	NULL	NULL	NULL	NULL	NULL	NULL	NULL	NULL	NULL	280	280	
282	282	NULL	NULL	NULL	NULL	NULL	NULL	NULL	NULL	NULL	NULL	284	284	
282	282	NULL	NULL	NULL	NULL	NULL	NULL	NULL	NULL	NULL	NULL	284	284	
286	286	267	267	271	271	275	275	279	279	283	283	288	288	
286	286	267	267	271	271	275	275	279	279	283	283	288	288	
265	43	2	0	4	22	2	0	0	0	0	0	0	0	0	
266	43	0	2	4	22	2	0	0	0	0	0	0	0	0	
267	43	2	12	4	22	2	0	0	0	0	0	0	0	0	
268	43	12	2	4	22	2	0	0	0	0	0	0	0	0	
269	43	4	0	4	22	2	0	0	0	0	0	0	0	0	
270	43	0	4	4	22	2	0	0	0	0	0	0	0	0	
271	43	4	12	4	22	2	0	0	0	0	0	0	0	0	
272	43	12	4	4	22	2	0	0	0	0	0	0	0	0	
273	42	6	0	4	22	2	0	0	0	0	0	0	0	0	
274	42	0	6	4	22	2	0	0	0	0	0	0	0	0	
275	43	6	12	4	22	2	0	0	0	0	0	0	0	0	
276	43	12	6	4	22	2	0	0	0	0	0	0	0	0	
277	43	8	0	4	22	2	0	0	0	0	0	0	0	0	
278	43	0	8	4	22	2	0	0	0	0	0	0	0	0	
279	43	8	12	4	22	2	0	0	0	0	0	0	0	0	
280	43	12	8	4	22	2	0	0	0	0	0	0	0	0	
281	43	10	0	4	22	2	0	0	0	0	0	0	0	0	
282	43	0	10	4	22	2	0	0	0	0	0	0	0	0	
283	43	10	12	4	22	2	0	0	0	0	0	0	0	0	
284	43	12	10	4	22	2	0	0	0	0	0	0	0	0	
285	43	0	0	4	22	2	0	0	0	0	0	0	0	0	
286	43	0	12	4	22	2	0	0	0	0	0	0	0	0	
287	43	12	0	4	22	2	0	0	0	0	0	0	0	0	
288	43	12	12	4	22	2	0	0	0	0	0	0	0	0	
289	37	6	2	4	22	2	0	0	0	0	0	0	0	0	
290	63	6	4	4	22	2	0	0	0	0	0	0	0	0	
291	37	2	6	4	22	2	0	0	0	0	0	0	0	0	
292	62	4	6	4	22	2	0	0	0	0	0	0	0	0	
293	37	6	6	4	22	2	0	0	0	0	0	0	0	0	
294	32	4	20	-999	-999	2	0	0	0	0	0	0	0	0	
315	315	295	295	299	299	303	303	307	307	311	311	317	317	
315	315	295	295	299	299	303	303	307	307	311	311	317	317	
296	296	NULL	NULL	NULL	NULL	NULL	NULL	NULL	319	319	NULL	298	298	
296	296	NULL	NULL	NULL	NULL	NULL	NULL	NULL	319	319	NULL	298	298	
300	300	NULL	NULL	NULL	NULL	NULL	NULL	320	320	NULL	NULL	302	302	
300	300	NULL	NULL	NULL	NULL	NULL	NULL	320	320	NULL	NULL	302	302	
304	304	NULL	NULL	NULL	NULL	NULL	321	321	NULL	NULL	NULL	306	306	
304	304	NULL	NULL	NULL	NULL	NULL	321	321	NULL	NULL	NULL	306	306	
308	308	NULL	NULL	NULL	NULL	322	322	NULL	NULL	NULL	NULL	310	310	
308	308	NULL	NULL	NULL	NULL	322	322	NULL	NULL	NULL	NULL	310	310	
312	312	NULL	NULL	NULL	NULL	323	323	NULL	NULL	NULL	NULL	314	314	
312	312	NULL	NULL	NULL	NULL	323	323	NULL	NULL	NULL	NULL	314	314	
316	316	297	297	301	301	305	305	309	309	313	313	318	318	
316	316	297	297	301	301	305	305	309	309	313	313	318	318	
295	43	2	0	4	20	2	0	0	0	0	0	0	0	0	
296	43	0	2	4	20	2	0	0	0	0	0	0	0	0	
297	43	2	12	4	20	2	0	0	0	0	0	0	0	0	
298	43	12	2	4	20	2	0	0	0	0	0	0	0	0	
299	43	4	0	4	20	2	0	0	0	0	0	0	0	0	
300	43	0	4	4	20	2	0	0	0	0	0	0	0	0	
301	43	4	12	4	20	2	0	0	0	0	0	0	0	0	
302	43	12	4	4	20	2	0	0	0	0	0	0	0	0	
303	43	6	0	4	20	2	0	0	0	0	0	0	0	0	
304	43	0	6	4	20	2	0	0	0	0	0	0	0	0	
305	42	6	12	4	20	2	0	0	0	0	0	0	0	0	
306	43	12	6	4	20	2	0	0	0	0	0	0	0	0	
307	43	8	0	4	20	2	0	0	0	0	0	0	0	0	
308	43	0	8	4	20	2	0	0	0	0	0	0	0	0	
309	43	8	12	4	20	2	0	0	0	0	0	0	0	0	
310	43	12	8	4	20	2	0	0	0	0	0	0	0	0	
311	42	10	0	4	20	2	0	0	0	0	0	0	0	0	
312	43	0	10	4	20	2	0	0	0	0	0	0	0	0	
313	43	10	12	4	20	2	0	0	0	0	0	0	0	0	
314	43	12	10	4	20	2	0	0	0	0	0	0	0	0	
315	43	0	0	4	20	2	0	0	0	0	0	0	0	0	
316	43	0	12	4	20	2	0	0	0	0	0	0	0	0	
317	43	12	0	4	20	2	0	0	0	0	0	0	0	0	
318	43	12	12	4	20	2	0	0	0	0	0	0	0	0	
319	37	9	2	4	20	2	0	0	0	0	0	0	0	0	
320	64	8	4	4	20	2	0	0	0	0	0	0	0	0	
321	37	7	6	4	20	2	0	0	0	0	0	0	0	0	
322	63	6	8	4	20	2	0	0	0	0	0	0	0	0	
323	37	6	10	4	20	2	0	0	0	0	0	0	0	0	
324	32	5	18	-999	-999	2	0	0	0	0	0	0	0	0	
347	347	328	328	332	332	336	336	340	340	344	344	348	348	
347	347	328	328	332	332	336	336	340	340	344	344	348	348	
341	341	NULL	NULL	NULL	NULL	NULL	NULL	NULL	NULL	NULL	NULL	343	343	
341	341	NULL	NULL	NULL	NULL	NULL	NULL	NULL	NULL	NULL	NULL	343	343	
337	337	NULL	NULL	NULL	NULL	NULL	NULL	NULL	NULL	NULL	NULL	339	339	
337	337	NULL	NULL	NULL	NULL	NULL	NULL	NULL	NULL	NULL	NULL	339	339	
333	333	NULL	NULL	NULL	NULL	NULL	NULL	NULL	NULL	NULL	NULL	335	335	
333	333	NULL	NULL	NULL	NULL	NULL	NULL	NULL	NULL	NULL	NULL	335	335	
329	329	NULL	NULL	350	350	166	166	165	165	NULL	NULL	331	331	
329	329	NULL	NULL	350	350	166	166	165	165	NULL	NULL	331	331	
325	325	NULL	349	349	NULL	NULL	NULL	NULL	200	200	NULL	327	327	
325	325	NULL	349	349	NULL	NULL	NULL	NULL	200	200	NULL	327	327	
345	345	326	326	330	330	334	334	338	338	342	342	346	346	
345	345	326	326	330	330	334	334	338	338	342	342	346	346	
325	43	0	10	5	18	2	0	0	0	0	0	0	0	0	
326	42	2	12	5	18	2	0	0	0	0	0	0	0	0	
327	43	12	10	5	18	2	0	0	0	0	0	0	0	0	
328	43	2	0	5	18	2	0	0	0	0	0	0	0	0	
329	43	0	8	5	18	2	0	0	0	0	0	0	0	0	
330	43	4	12	5	18	2	0	0	0	0	0	0	0	0	
331	43	12	8	5	18	2	0	0	0	0	0	0	0	0	
332	43	4	0	5	18	2	0	0	0	0	0	0	0	0	
333	43	0	6	5	18	2	0	0	0	0	0	0	0	0	
334	43	6	12	5	18	2	0	0	0	0	0	0	0	0	
335	43	12	6	5	18	2	0	0	0	0	0	0	0	0	
336	43	6	0	5	18	2	0	0	0	0	0	0	0	0	
337	43	0	4	5	18	2	0	0	0	0	0	0	0	0	
338	43	8	12	5	18	2	0	0	0	0	0	0	0	0	
339	43	12	4	5	18	2	0	0	0	0	0	0	0	0	
340	43	8	0	5	18	2	0	0	0	0	0	0	0	0	
341	43	0	2	5	18	2	0	0	0	0	0	0	0	0	
342	42	10	12	5	18	2	0	0	0	0	0	0	0	0	
343	43	12	2	5	18	2	0	0	0	0	0	0	0	0	
344	43	10	0	5	18	2	0	0	0	0	0	0	0	0	
345	43	0	12	5	18	2	0	0	0	0	0	0	0	0	
346	43	12	12	5	18	2	0	0	0	0	0	0	0	0	
347	43	0	0	5	18	2	0	0	0	0	0	0	0	0	
348	43	12	0	5	18	2	0	0	0	0	0	0	0	0	
349	37	3	10	5	18	2	0	0	0	0	0	0	0	0	
350	62	4	8	5	18	2	0	0	0	0	0	0	0	0	
351	50	0	8	-999	-999	2	0	0	0	0	0	0	0	0	
352	53	0	10	-999	-999	2	0	0	0	0	0	0	0	0	
353	54	0	12	-999	-999	2	0	0	0	0	0	0	0	0	
354	32	12	18	-999	-999	2	0	0	0	0	0	0	0	0	
377	377	358	358	362	362	366	366	370	370	374	374	378	378	
377	377	358	358	362	362	366	366	370	370	374	374	378	378	
371	371	NULL	NULL	NULL	NULL	NULL	NULL	NULL	NULL	NULL	NULL	373	373	
371	371	NULL	NULL	NULL	NULL	NULL	NULL	NULL	NULL	NULL	NULL	373	373	
367	367	NULL	NULL	NULL	NULL	NULL	NULL	NULL	NULL	NULL	NULL	369	369	
367	367	NULL	NULL	NULL	NULL	NULL	NULL	NULL	NULL	NULL	NULL	369	369	
363	363	379	379	380	380	383	383	NULL	NULL	NULL	NULL	365	365	
363	363	379	379	380	380	383	383	NULL	NULL	NULL	NULL	365	365	
359	359	NULL	NULL	NULL	NULL	382	382	NULL	NULL	NULL	NULL	361	361	
359	359	NULL	NULL	NULL	NULL	382	382	NULL	NULL	NULL	NULL	361	361	
355	355	NULL	NULL	NULL	NULL	381	381	NULL	NULL	NULL	NULL	357	357	
355	355	NULL	NULL	NULL	NULL	381	381	NULL	NULL	NULL	NULL	357	357	
375	375	356	356	360	360	364	364	368	368	372	372	376	376	
375	375	356	356	360	360	364	364	368	368	372	372	376	376	
355	43	0	10	12	18	2	0	0	0	0	0	0	0	0	
356	43	2	12	12	18	2	0	0	0	0	0	0	0	0	
357	43	12	10	12	18	2	0	0	0	0	0	0	0	0	
358	43	2	0	12	18	2	0	0	0	0	0	0	0	0	
359	43	0	8	12	18	2	0	0	0	0	0	0	0	0	
360	43	4	12	12	18	2	0	0	0	0	0	0	0	0	
361	43	12	8	12	18	2	0	0	0	0	0	0	0	0	
362	43	4	0	12	18	2	0	0	0	0	0	0	0	0	
363	42	0	6	12	18	2	0	0	0	0	0	0	0	0	
364	42	6	12	12	18	2	0	0	0	0	0	0	0	0	
365	43	12	6	12	18	2	0	0	0	0	0	0	0	0	
366	43	6	0	12	18	2	0	0	0	0	0	0	0	0	
367	43	0	4	12	18	2	0	0	0	0	0	0	0	0	
368	43	8	12	12	18	2	0	0	0	0	0	0	0	0	
369	43	12	4	12	18	2	0	0	0	0	0	0	0	0	
370	43	8	0	12	18	2	0	0	0	0	0	0	0	0	
371	43	0	2	12	18	2	0	0	0	0	0	0	0	0	
372	43	10	12	12	18	2	0	0	0	0	0	0	0	0	
373	43	12	2	12	18	2	0	0	0	0	0	0	0	0	
374	43	10	0	12	18	2	0	0	0	0	0	0	0	0	
375	43	0	12	12	18	2	0	0	0	0	0	0	0	0	
376	43	12	12	12	18	2	0	0	0	0	0	0	0	0	
377	43	0	0	12	18	2	0	0	0	0	0	0	0	0	
378	43	12	0	12	18	2	0	0	0	0	0	0	0	0	
379	37	2	6	12	18	2	0	0	0	0	0	0	0	0	
380	63	4	6	12	18	2	0	0	0	0	0	0	0	0	
381	37	6	10	12	18	2	0	0	0	0	0	0	0	0	
382	62	6	8	12	18	2	0	0	0	0	0	0	0	0	
383	37	6	6	12	18	2	0	0	0	0	0	0	0	0	
384	32	12	20	-999	-999	2	0	0	0	0	0	0	0	0	
400	400	404	404	405	405	409	409	395	395	387	387	408	408	
400	400	404	404	405	405	409	409	395	395	387	387	408	408	
397	397	NULL	NULL	NULL	NULL	389	389	NULL	NULL	NULL	NULL	391	391	
397	397	NULL	NULL	NULL	NULL	389	389	NULL	NULL	NULL	NULL	391	391	
398	398	NULL	NULL	NULL	NULL	385	385	NULL	NULL	NULL	NULL	403	403	
398	398	NULL	NULL	NULL	NULL	385	385	NULL	NULL	NULL	NULL	403	403	
407	407	NULL	NULL	NULL	NULL	NULL	390	390	NULL	NULL	NULL	388	388	
407	407	NULL	NULL	NULL	NULL	NULL	390	390	NULL	NULL	NULL	388	388	
412	412	NULL	NULL	NULL	NULL	NULL	NULL	406	406	NULL	NULL	413	413	
412	412	NULL	NULL	NULL	NULL	NULL	NULL	406	406	410	410	413	413	
396	396	NULL	NULL	NULL	NULL	NULL	NULL	NULL	NULL	410	410	394	394	
396	396	NULL	NULL	NULL	NULL	NULL	NULL	NULL	NULL	NULL	NULL	394	394	
402	402	411	411	401	401	393	393	392	392	386	386	399	399	
402	402	411	411	401	401	393	393	392	392	386	386	399	399	
385	60	6	4	12	20	2	0	0	0	0	0	0	0	0	
386	43	10	12	12	20	2	0	0	0	0	0	0	0	0	
387	43	10	0	12	20	2	0	0	0	0	0	0	0	0	
388	43	12	6	12	20	2	0	0	0	0	0	0	0	0	
389	37	6	2	12	20	2	0	0	0	0	0	0	0	0	
390	37	7	6	12	20	2	0	0	0	0	0	0	0	0	
391	43	12	2	12	20	2	0	0	0	0	0	0	0	0	
392	43	8	12	12	20	2	0	0	0	0	0	0	0	0	
393	43	6	12	12	20	2	0	0	0	0	0	0	0	0	
394	42	12	10	12	20	2	0	0	0	0	0	0	0	0	
395	43	8	0	12	20	2	0	0	0	0	0	0	0	0	
396	43	0	10	12	20	2	0	0	0	0	0	0	0	0	
397	43	0	2	12	20	2	0	0	0	0	0	0	0	0	
398	43	0	4	12	20	2	0	0	0	0	0	0	0	0	
399	43	12	12	12	20	2	0	0	0	0	0	0	0	0	
400	43	0	0	12	20	2	0	0	0	0	0	0	0	0	
401	43	4	12	12	20	2	0	0	0	0	0	0	0	0	
402	43	0	12	12	20	2	0	0	0	0	0	0	0	0	
403	43	12	4	12	20	2	0	0	0	0	0	0	0	0	
404	43	2	0	12	20	2	0	0	0	0	0	0	0	0	
405	43	4	0	12	20	2	0	0	0	0	0	0	0	0	
406	64	8	8	12	20	2	0	0	0	0	0	0	0	0	
407	43	0	6	12	20	2	0	0	0	0	0	0	0	0	
408	43	12	0	12	20	2	0	0	0	0	0	0	0	0	
409	42	6	0	12	20	2	0	0	0	0	0	0	0	0	
410	37	10	9	12	20	2	0	0	0	0	0	0	0	0	
411	43	2	12	12	20	2	0	0	0	0	0	0	0	0	
412	43	0	8	12	20	2	0	0	0	0	0	0	0	0	
413	43	12	8	12	20	2	0	0	0	0	0	0	0	0	
414	32	14	20	-999	-999	2	0	0	0	0	0	0	0	0	
435	435	416	416	420	420	424	424	428	428	432	432	436	436	
435	435	416	416	420	420	424	424	428	428	432	432	436	436	
415	415	NULL	NULL	NULL	NULL	NULL	NULL	NULL	NULL	NULL	NULL	417	417	
415	415	NULL	NULL	NULL	NULL	NULL	NULL	NULL	NULL	NULL	NULL	417	417	
419	419	NULL	NULL	NULL	NULL	NULL	NULL	NULL	NULL	NULL	NULL	421	421	
419	419	NULL	NULL	NULL	NULL	NULL	NULL	NULL	NULL	NULL	NULL	421	421	
423	423	NULL	NULL	NULL	NULL	NULL	NULL	442	442	443	443	425	425	
423	423	NULL	NULL	NULL	NULL	441	441	442	442	443	443	425	425	
427	427	NULL	NULL	440	440	441	441	NULL	NULL	NULL	NULL	429	429	
427	427	439	439	440	440	NULL	NULL	NULL	NULL	NULL	NULL	429	429	
431	431	439	439	NULL	NULL	NULL	NULL	NULL	NULL	NULL	NULL	433	433	
431	431	NULL	NULL	NULL	NULL	NULL	NULL	NULL	NULL	NULL	NULL	433	433	
437	437	418	418	422	422	426	426	430	430	434	434	438	438	
437	437	418	418	422	422	426	426	430	430	434	434	438	438	
415	43	0	2	14	20	2	0	0	0	0	0	0	0	0	
416	43	2	0	14	20	2	0	0	0	0	0	0	0	0	
417	43	12	2	14	20	2	0	0	0	0	0	0	0	0	
418	43	2	12	14	20	2	0	0	0	0	0	0	0	0	
419	43	0	4	14	20	2	0	0	0	0	0	0	0	0	
420	43	4	0	14	20	2	0	0	0	0	0	0	0	0	
421	43	12	4	14	20	2	0	0	0	0	0	0	0	0	
422	43	4	12	14	20	2	0	0	0	0	0	0	0	0	
423	43	0	6	14	20	2	0	0	0	0	0	0	0	0	
424	43	6	0	14	20	2	0	0	0	0	0	0	0	0	
425	42	12	6	14	20	2	0	0	0	0	0	0	0	0	
426	43	6	12	14	20	2	0	0	0	0	0	0	0	0	
427	43	0	8	14	20	2	0	0	0	0	0	0	0	0	
428	43	8	0	14	20	2	0	0	0	0	0	0	0	0	
429	43	12	8	14	20	2	0	0	0	0	0	0	0	0	
430	43	8	12	14	20	2	0	0	0	0	0	0	0	0	
431	42	0	10	14	20	2	0	0	0	0	0	0	0	0	
432	43	10	0	14	20	2	0	0	0	0	0	0	0	0	
433	43	12	10	14	20	2	0	0	0	0	0	0	0	0	
434	43	10	12	14	20	2	0	0	0	0	0	0	0	0	
435	43	0	0	14	20	2	0	0	0	0	0	0	0	0	
436	43	12	0	14	20	2	0	0	0	0	0	0	0	0	
437	43	0	12	14	20	2	0	0	0	0	0	0	0	0	
438	43	12	12	14	20	2	0	0	0	0	0	0	0	0	
439	37	2	9	14	20	2	0	0	0	0	0	0	0	0	
440	64	4	8	14	20	2	0	0	0	0	0	0	0	0	
441	37	6	7	14	20	2	0	0	0	0	0	0	0	0	
442	63	8	6	14	20	2	0	0	0	0	0	0	0	0	
443	37	10	6	14	20	2	0	0	0	0	0	0	0	0	
444	32	22	19	-999	-999	2	0	0	0	0	0	0	0	0	
465	465	445	445	449	449	453	453	457	457	461	461	467	467	
465	465	445	445	449	449	453	453	457	457	461	461	467	467	
446	446	NULL	NULL	NULL	NULL	NULL	NULL	NULL	NULL	NULL	NULL	448	448	
446	446	469	469	NULL	NULL	NULL	NULL	NULL	NULL	NULL	NULL	448	448	
450	450	469	469	470	470	NULL	NULL	NULL	NULL	NULL	NULL	452	452	
450	450	NULL	NULL	470	470	NULL	NULL	NULL	NULL	NULL	NULL	452	452	
454	454	NULL	NULL	471	471	NULL	NULL	NULL	NULL	NULL	NULL	456	456	
454	454	NULL	NULL	471	471	NULL	NULL	NULL	NULL	NULL	NULL	456	456	
458	458	NULL	NULL	472	472	NULL	NULL	NULL	NULL	NULL	NULL	460	460	
458	458	473	473	472	472	NULL	NULL	NULL	NULL	NULL	NULL	460	460	
462	462	473	473	NULL	NULL	NULL	NULL	NULL	NULL	NULL	NULL	464	464	
462	462	NULL	NULL	NULL	NULL	NULL	NULL	NULL	NULL	NULL	NULL	464	464	
466	466	447	447	451	451	455	455	459	459	463	463	468	468	
466	466	447	447	451	451	455	455	459	459	463	463	468	468	
445	43	2	0	22	19	2	0	0	0	0	0	0	0	0	
446	42	0	2	22	19	2	0	0	0	0	0	0	0	0	
447	43	2	12	22	19	2	0	0	0	0	0	0	0	0	
448	43	12	2	22	19	2	0	0	0	0	0	0	0	0	
449	43	4	0	22	19	2	0	0	0	0	0	0	0	0	
450	43	0	4	22	19	2	0	0	0	0	0	0	0	0	
451	43	4	12	22	19	2	0	0	0	0	0	0	0	0	
452	43	12	4	22	19	2	0	0	0	0	0	0	0	0	
453	43	6	0	22	19	2	0	0	0	0	0	0	0	0	
454	43	0	6	22	19	2	0	0	0	0	0	0	0	0	
455	43	6	12	22	19	2	0	0	0	0	0	0	0	0	
456	43	12	6	22	19	2	0	0	0	0	0	0	0	0	
457	43	8	0	22	19	2	0	0	0	0	0	0	0	0	
458	43	0	8	22	19	2	0	0	0	0	0	0	0	0	
459	43	8	12	22	19	2	0	0	0	0	0	0	0	0	
460	43	12	8	22	19	2	0	0	0	0	0	0	0	0	
461	43	10	0	22	19	2	0	0	0	0	0	0	0	0	
462	42	0	10	22	19	2	0	0	0	0	0	0	0	0	
463	43	10	12	22	19	2	0	0	0	0	0	0	0	0	
464	43	12	10	22	19	2	0	0	0	0	0	0	0	0	
465	43	0	0	22	19	2	0	0	0	0	0	0	0	0	
466	43	0	12	22	19	2	0	0	0	0	0	0	0	0	
467	43	12	0	22	19	2	0	0	0	0	0	0	0	0	
468	43	12	12	22	19	2	0	0	0	0	0	0	0	0	
469	37	2	3	22	19	2	0	0	0	0	0	0	0	0	
470	62	4	4	22	19	2	0	0	0	0	0	0	0	0	
471	37	4	6	22	19	2	0	0	0	0	0	0	0	0	
472	61	4	8	22	19	2	0	0	0	0	0	0	0	0	
473	37	2	9	22	19	2	0	0	0	0	0	0	0	0	
474	32	20	18	-999	-999	2	0	0	0	0	0	0	0	0	
497	497	491	491	487	487	483	483	479	479	475	475	495	495	
497	497	491	491	487	487	483	483	479	479	475	475	495	495	
478	478	NULL	NULL	NULL	NULL	NULL	NULL	NULL	NULL	NULL	NULL	476	476	
478	478	NULL	NULL	NULL	NULL	NULL	NULL	NULL	NULL	499	499	476	476	
482	482	NULL	NULL	NULL	NULL	NULL	NULL	500	500	499	499	480	480	
482	482	NULL	NULL	NULL	NULL	NULL	NULL	500	500	NULL	NULL	480	480	
486	486	NULL	NULL	NULL	NULL	NULL	NULL	501	501	NULL	NULL	484	484	
486	486	NULL	NULL	NULL	NULL	NULL	NULL	501	501	NULL	NULL	484	484	
490	490	NULL	NULL	NULL	NULL	NULL	NULL	502	502	NULL	NULL	488	488	
490	490	NULL	NULL	NULL	NULL	NULL	NULL	502	502	503	503	488	488	
494	494	NULL	NULL	NULL	NULL	NULL	NULL	NULL	NULL	503	503	492	492	
494	494	NULL	NULL	NULL	NULL	NULL	NULL	NULL	NULL	NULL	NULL	492	492	
498	498	493	493	489	489	485	485	481	481	477	477	496	496	
498	498	493	493	489	489	485	485	481	481	477	477	496	496	
475	43	10	0	20	18	2	0	0	0	0	0	0	0	0	
476	42	12	2	20	18	2	0	0	0	0	0	0	0	0	
477	43	10	12	20	18	2	0	0	0	0	0	0	0	0	
478	43	0	2	20	18	2	0	0	0	0	0	0	0	0	
479	43	8	0	20	18	2	0	0	0	0	0	0	0	0	
480	43	12	4	20	18	2	0	0	0	0	0	0	0	0	
481	43	8	12	20	18	2	0	0	0	0	0	0	0	0	
482	43	0	4	20	18	2	0	0	0	0	0	0	0	0	
483	43	6	0	20	18	2	0	0	0	0	0	0	0	0	
484	43	12	6	20	18	2	0	0	0	0	0	0	0	0	
485	43	6	12	20	18	2	0	0	0	0	0	0	0	0	
486	43	0	6	20	18	2	0	0	0	0	0	0	0	0	
487	43	4	0	20	18	2	0	0	0	0	0	0	0	0	
488	43	12	8	20	18	2	0	0	0	0	0	0	0	0	
489	43	4	12	20	18	2	0	0	0	0	0	0	0	0	
490	43	0	8	20	18	2	0	0	0	0	0	0	0	0	
491	43	2	0	20	18	2	0	0	0	0	0	0	0	0	
492	42	12	10	20	18	2	0	0	0	0	0	0	0	0	
493	43	2	12	20	18	2	0	0	0	0	0	0	0	0	
494	43	0	10	20	18	2	0	0	0	0	0	0	0	0	
495	43	12	0	20	18	2	0	0	0	0	0	0	0	0	
496	43	12	12	20	18	2	0	0	0	0	0	0	0	0	
497	43	0	0	20	18	2	0	0	0	0	0	0	0	0	
498	43	0	12	20	18	2	0	0	0	0	0	0	0	0	
499	37	10	3	20	18	2	0	0	0	0	0	0	0	0	
500	62	8	4	20	18	2	0	0	0	0	0	0	0	0	
501	37	8	6	20	18	2	0	0	0	0	0	0	0	0	
502	61	8	8	20	18	2	0	0	0	0	0	0	0	0	
503	37	10	9	20	18	2	0	0	0	0	0	0	0	0	
504	32	22	17	-999	-999	2	0	0	0	0	0	0	0	0	
525	525	505	505	509	509	513	513	517	517	521	521	527	527	
525	525	505	505	509	509	513	513	517	517	521	521	527	527	
506	506	NULL	NULL	NULL	NULL	NULL	NULL	NULL	NULL	NULL	NULL	508	508	
506	506	529	529	NULL	NULL	NULL	NULL	NULL	NULL	NULL	NULL	508	508	
510	510	529	529	530	530	NULL	NULL	NULL	NULL	NULL	NULL	512	512	
510	510	NULL	NULL	530	530	NULL	NULL	NULL	NULL	NULL	NULL	512	512	
514	514	NULL	NULL	531	531	NULL	NULL	NULL	NULL	NULL	NULL	516	516	
514	514	NULL	NULL	531	531	NULL	NULL	NULL	NULL	NULL	NULL	516	516	
518	518	NULL	NULL	532	532	NULL	NULL	NULL	NULL	NULL	NULL	520	520	
518	518	533	533	532	532	NULL	NULL	NULL	NULL	NULL	NULL	520	520	
522	522	533	533	NULL	NULL	NULL	NULL	NULL	NULL	NULL	NULL	524	524	
522	522	NULL	NULL	NULL	NULL	NULL	NULL	NULL	NULL	NULL	NULL	524	524	
526	526	507	507	511	511	515	515	519	519	523	523	528	528	
526	526	507	507	511	511	515	515	519	519	523	523	528	528	
505	43	2	0	22	17	2	0	0	0	0	0	0	0	0	
506	42	0	2	22	17	2	0	0	0	0	0	0	0	0	
507	43	2	12	22	17	2	0	0	0	0	0	0	0	0	
508	43	12	2	22	17	2	0	0	0	0	0	0	0	0	
509	43	4	0	22	17	2	0	0	0	0	0	0	0	0	
510	43	0	4	22	17	2	0	0	0	0	0	0	0	0	
511	43	4	12	22	17	2	0	0	0	0	0	0	0	0	
512	43	12	4	22	17	2	0	0	0	0	0	0	0	0	
513	43	6	0	22	17	2	0	0	0	0	0	0	0	0	
514	43	0	6	22	17	2	0	0	0	0	0	0	0	0	
515	43	6	12	22	17	2	0	0	0	0	0	0	0	0	
516	43	12	6	22	17	2	0	0	0	0	0	0	0	0	
517	43	8	0	22	17	2	0	0	0	0	0	0	0	0	
518	43	0	8	22	17	2	0	0	0	0	0	0	0	0	
519	43	8	12	22	17	2	0	0	0	0	0	0	0	0	
520	43	12	8	22	17	2	0	0	0	0	0	0	0	0	
521	43	10	0	22	17	2	0	0	0	0	0	0	0	0	
522	42	0	10	22	17	2	0	0	0	0	0	0	0	0	
523	43	10	12	22	17	2	0	0	0	0	0	0	0	0	
524	43	12	10	22	17	2	0	0	0	0	0	0	0	0	
525	43	0	0	22	17	2	0	0	0	0	0	0	0	0	
526	43	0	12	22	17	2	0	0	0	0	0	0	0	0	
527	43	12	0	22	17	2	0	0	0	0	0	0	0	0	
528	43	12	12	22	17	2	0	0	0	0	0	0	0	0	
529	37	2	3	22	17	2	0	0	0	0	0	0	0	0	
530	62	4	4	22	17	2	0	0	0	0	0	0	0	0	
531	37	4	6	22	17	2	0	0	0	0	0	0	0	0	
532	61	4	8	22	17	2	0	0	0	0	0	0	0	0	
533	37	2	9	22	17	2	0	0	0	0	0	0	0	0	
534	32	16	0	-999	-999	2	0	0	0	0	0	0	0	0	
559	559	558	558	541	541	552	552	548	548	542	542	557	557	
559	559	558	558	541	541	552	552	548	548	542	542	557	557	
553	553	NULL	NULL	NULL	NULL	547	547	NULL	NULL	NULL	NULL	545	545	
553	553	NULL	NULL	NULL	NULL	547	547	NULL	NULL	NULL	NULL	545	545	
537	537	NULL	NULL	NULL	NULL	543	543	NULL	NULL	NULL	NULL	554	554	
537	537	NULL	NULL	NULL	NULL	543	543	NULL	NULL	NULL	NULL	554	554	
563	563	NULL	NULL	NULL	NULL	NULL	539	539	NULL	NULL	NULL	562	562	
563	563	NULL	NULL	NULL	NULL	NULL	539	539	NULL	NULL	NULL	562	562	
546	546	NULL	NULL	NULL	NULL	NULL	NULL	535	535	NULL	NULL	544	544	
546	546	NULL	NULL	NULL	NULL	NULL	NULL	535	535	555	555	544	544	
560	560	NULL	NULL	NULL	NULL	NULL	NULL	NULL	NULL	555	555	538	538	
560	560	NULL	NULL	NULL	NULL	NULL	NULL	NULL	NULL	NULL	NULL	538	538	
536	536	549	549	556	556	550	550	561	561	540	540	551	551	
536	536	549	549	556	556	550	550	561	561	540	540	551	551	
535	64	8	8	16	0	2	0	0	0	0	0	0	0	0	
536	43	0	12	16	0	2	0	0	0	0	0	0	0	0	
537	43	0	4	16	0	2	0	0	0	0	0	0	0	0	
538	42	12	10	16	0	2	0	0	0	0	0	0	0	0	
539	37	7	6	16	0	2	0	0	0	0	0	0	0	0	
540	43	10	12	16	0	2	0	0	0	0	0	0	0	0	
541	43	4	0	16	0	2	0	0	0	0	0	0	0	0	
542	43	10	0	16	0	2	0	0	0	0	0	0	0	0	
543	60	6	4	16	0	2	0	0	0	0	0	0	0	0	
544	43	12	8	16	0	2	0	0	0	0	0	0	0	0	
545	43	12	2	16	0	2	0	0	0	0	0	0	0	0	
546	43	0	8	16	0	2	0	0	0	0	0	0	0	0	
547	37	6	2	16	0	2	0	0	0	0	0	0	0	0	
548	43	8	0	16	0	2	0	0	0	0	0	0	0	0	
549	43	2	12	16	0	2	0	0	0	0	0	0	0	0	
550	43	6	12	16	0	2	0	0	0	0	0	0	0	0	
551	43	12	12	16	0	2	0	0	0	0	0	0	0	0	
552	42	6	0	16	0	2	0	0	0	0	0	0	0	0	
553	43	0	2	16	0	2	0	0	0	0	0	0	0	0	
554	43	12	4	16	0	2	0	0	0	0	0	0	0	0	
555	37	10	9	16	0	2	0	0	0	0	0	0	0	0	
556	43	4	12	16	0	2	0	0	0	0	0	0	0	0	
557	43	12	0	16	0	2	0	0	0	0	0	0	0	0	
558	43	2	0	16	0	2	0	0	0	0	0	0	0	0	
559	43	0	0	16	0	2	0	0	0	0	0	0	0	0	
560	43	0	10	16	0	2	0	0	0	0	0	0	0	0	
561	43	8	12	16	0	2	0	0	0	0	0	0	0	0	
562	43	12	6	16	0	2	0	0	0	0	0	0	0	0	
563	43	0	6	16	0	2	0	0	0	0	0	0	0	0	
564	32	22	15	-999	-999	2	0	0	0	0	0	0	0	0	
587	587	581	581	577	577	573	573	569	569	565	565	585	585	
587	587	581	581	577	577	573	573	569	569	565	565	585	585	
568	568	NULL	NULL	NULL	NULL	589	589	NULL	NULL	NULL	NULL	566	566	
568	568	NULL	NULL	NULL	NULL	589	589	NULL	NULL	NULL	NULL	566	566	
572	572	NULL	NULL	NULL	NULL	590	590	NULL	NULL	NULL	NULL	570	570	
572	572	NULL	NULL	NULL	NULL	590	590	NULL	NULL	NULL	NULL	570	570	
576	576	NULL	NULL	NULL	591	591	NULL	NULL	NULL	NULL	NULL	574	574	
576	576	NULL	NULL	NULL	591	591	NULL	NULL	NULL	NULL	NULL	574	574	
580	580	NULL	NULL	592	592	NULL	NULL	NULL	NULL	NULL	NULL	578	578	
580	580	593	593	592	592	NULL	NULL	NULL	NULL	NULL	NULL	578	578	
584	584	593	593	NULL	NULL	NULL	NULL	NULL	NULL	NULL	NULL	582	582	
584	584	NULL	NULL	NULL	NULL	NULL	NULL	NULL	NULL	NULL	NULL	582	582	
588	588	583	583	579	579	575	575	571	571	567	567	586	586	
588	588	583	583	579	579	575	575	571	571	567	567	586	586	
565	43	10	0	22	15	2	0	0	0	0	0	0	0	0	
566	43	12	2	22	15	2	0	0	0	0	0	0	0	0	
567	43	10	12	22	15	2	0	0	0	0	0	0	0	0	
568	43	0	2	22	15	2	0	0	0	0	0	0	0	0	
569	43	8	0	22	15	2	0	0	0	0	0	0	0	0	
570	43	12	4	22	15	2	0	0	0	0	0	0	0	0	
571	43	8	12	22	15	2	0	0	0	0	0	0	0	0	
572	43	0	4	22	15	2	0	0	0	0	0	0	0	0	
573	42	6	0	22	15	2	0	0	0	0	0	0	0	0	
574	43	12	6	22	15	2	0	0	0	0	0	0	0	0	
575	43	6	12	22	15	2	0	0	0	0	0	0	0	0	
576	43	0	6	22	15	2	0	0	0	0	0	0	0	0	
577	43	4	0	22	15	2	0	0	0	0	0	0	0	0	
578	43	12	8	22	15	2	0	0	0	0	0	0	0	0	
579	43	4	12	22	15	2	0	0	0	0	0	0	0	0	
580	43	0	8	22	15	2	0	0	0	0	0	0	0	0	
581	43	2	0	22	15	2	0	0	0	0	0	0	0	0	
582	43	12	10	22	15	2	0	0	0	0	0	0	0	0	
583	43	2	12	22	15	2	0	0	0	0	0	0	0	0	
584	42	0	10	22	15	2	0	0	0	0	0	0	0	0	
585	43	12	0	22	15	2	0	0	0	0	0	0	0	0	
586	43	12	12	22	15	2	0	0	0	0	0	0	0	0	
587	43	0	0	22	15	2	0	0	0	0	0	0	0	0	
588	43	0	12	22	15	2	0	0	0	0	0	0	0	0	
589	37	6	2	22	15	2	0	0	0	0	0	0	0	0	
590	60	6	4	22	15	2	0	0	0	0	0	0	0	0	
591	37	5	6	22	15	2	0	0	0	0	0	0	0	0	
592	64	4	8	22	15	2	0	0	0	0	0	0	0	0	
593	37	2	9	22	15	2	0	0	0	0	0	0	0	0	
594	32	22	13	-999	-999	2	0	0	0	0	0	0	0	0	
618	618	613	613	609	609	605	605	601	601	597	597	616	616	
618	618	613	613	609	609	605	605	601	601	597	597	616	616	
614	614	NULL	NULL	NULL	NULL	NULL	NULL	NULL	NULL	NULL	NULL	612	612	
614	614	623	623	NULL	NULL	NULL	NULL	NULL	NULL	NULL	NULL	612	612	
610	610	623	623	622	622	NULL	NULL	NULL	NULL	NULL	NULL	608	608	
610	610	NULL	NULL	622	622	NULL	NULL	NULL	NULL	NULL	NULL	608	608	
606	606	NULL	NULL	NULL	621	621	NULL	NULL	NULL	NULL	NULL	604	604	
606	606	NULL	NULL	NULL	621	621	NULL	NULL	NULL	NULL	NULL	604	604	
602	602	NULL	NULL	NULL	NULL	620	620	NULL	NULL	NULL	NULL	600	600	
602	602	NULL	NULL	NULL	NULL	620	620	NULL	NULL	NULL	NULL	600	600	
598	598	NULL	NULL	NULL	NULL	619	619	NULL	NULL	NULL	NULL	596	596	
598	598	NULL	NULL	NULL	NULL	619	619	NULL	NULL	NULL	NULL	596	596	
617	617	611	611	607	607	603	603	599	599	595	595	615	615	
617	617	611	611	607	607	603	603	599	599	595	595	615	615	
595	43	10	12	22	13	2	0	0	0	0	0	0	0	0	
596	43	12	10	22	13	2	0	0	0	0	0	0	0	0	
597	43	10	0	22	13	2	0	0	0	0	0	0	0	0	
598	43	0	10	22	13	2	0	0	0	0	0	0	0	0	
599	43	8	12	22	13	2	0	0	0	0	0	0	0	0	
600	43	12	8	22	13	2	0	0	0	0	0	0	0	0	
601	43	8	0	22	13	2	0	0	0	0	0	0	0	0	
602	43	0	8	22	13	2	0	0	0	0	0	0	0	0	
603	42	6	12	22	13	2	0	0	0	0	0	0	0	0	
604	43	12	6	22	13	2	0	0	0	0	0	0	0	0	
605	43	6	0	22	13	2	0	0	0	0	0	0	0	0	
606	43	0	6	22	13	2	0	0	0	0	0	0	0	0	
607	43	4	12	22	13	2	0	0	0	0	0	0	0	0	
608	43	12	4	22	13	2	0	0	0	0	0	0	0	0	
609	43	4	0	22	13	2	0	0	0	0	0	0	0	0	
610	43	0	4	22	13	2	0	0	0	0	0	0	0	0	
611	43	2	12	22	13	2	0	0	0	0	0	0	0	0	
612	43	12	2	22	13	2	0	0	0	0	0	0	0	0	
613	43	2	0	22	13	2	0	0	0	0	0	0	0	0	
614	42	0	2	22	13	2	0	0	0	0	0	0	0	0	
615	43	12	12	22	13	2	0	0	0	0	0	0	0	0	
616	43	12	0	22	13	2	0	0	0	0	0	0	0	0	
617	43	0	12	22	13	2	0	0	0	0	0	0	0	0	
618	43	0	0	22	13	2	0	0	0	0	0	0	0	0	
619	37	6	10	22	13	2	0	0	0	0	0	0	0	0	
620	60	6	8	22	13	2	0	0	0	0	0	0	0	0	
621	37	5	6	22	13	2	0	0	0	0	0	0	0	0	
622	64	4	4	22	13	2	0	0	0	0	0	0	0	0	
623	37	2	3	22	13	2	0	0	0	0	0	0	0	0	
624	40	16	2	-999	-999	2	0	0	0	0	0	0	0	0	
625	40	18	2	-999	-999	2	0	0	0	0	0	0	0	0	
626	40	12	2	-999	-999	2	0	0	0	0	0	0	0	0	
627	40	14	2	-999	-999	2	0	0	0	0	0	0	0	0	
628	40	20	2	-999	-999	2	0	0	0	0	0	0	0	0	
629	40	22	2	-999	-999	2	0	0	0	0	0	0	0	0	
630	40	22	0	-999	-999	2	0	0	0	0	0	0	0	0	
631	32	18	8	-999	-999	2	0	0	0	0	0	0	0	0	
654	654	635	635	639	639	643	643	647	647	651	651	655	655	
654	654	635	635	639	639	643	643	647	647	651	651	655	655	
648	648	NULL	NULL	NULL	NULL	NULL	NULL	NULL	NULL	NULL	NULL	650	650	
648	648	656	656	NULL	NULL	NULL	NULL	NULL	NULL	NULL	NULL	650	650	
644	644	656	656	657	657	NULL	NULL	NULL	NULL	NULL	NULL	646	646	
644	644	NULL	NULL	657	657	658	658	NULL	NULL	NULL	NULL	646	646	
640	640	NULL	NULL	NULL	NULL	658	658	659	659	660	660	642	642	
640	640	NULL	NULL	NULL	NULL	NULL	NULL	659	659	660	660	642	642	
636	636	NULL	NULL	NULL	NULL	NULL	NULL	NULL	NULL	NULL	NULL	638	638	
636	636	NULL	NULL	NULL	NULL	NULL	NULL	NULL	NULL	NULL	NULL	638	638	
632	632	NULL	NULL	NULL	NULL	NULL	NULL	NULL	NULL	NULL	NULL	634	634	
632	632	NULL	NULL	NULL	NULL	NULL	NULL	NULL	NULL	NULL	NULL	634	634	
652	652	633	633	637	637	641	641	645	645	649	649	653	653	
652	652	633	633	637	637	641	641	645	645	649	649	653	653	
632	43	0	10	18	8	2	0	0	0	0	0	0	0	0	
633	43	2	12	18	8	2	0	0	0	0	0	0	0	0	
634	43	12	10	18	8	2	0	0	0	0	0	0	0	0	
635	43	2	0	18	8	2	0	0	0	0	0	0	0	0	
636	43	0	8	18	8	2	0	0	0	0	0	0	0	0	
637	43	4	12	18	8	2	0	0	0	0	0	0	0	0	
638	43	12	8	18	8	2	0	0	0	0	0	0	0	0	
639	43	4	0	18	8	2	0	0	0	0	0	0	0	0	
640	43	0	6	18	8	2	0	0	0	0	0	0	0	0	
641	43	6	12	18	8	2	0	0	0	0	0	0	0	0	
642	42	12	6	18	8	2	0	0	0	0	0	0	0	0	
643	43	6	0	18	8	2	0	0	0	0	0	0	0	0	
644	43	0	4	18	8	2	0	0	0	0	0	0	0	0	
645	43	8	12	18	8	2	0	0	0	0	0	0	0	0	
646	43	12	4	18	8	2	0	0	0	0	0	0	0	0	
647	43	8	0	18	8	2	0	0	0	0	0	0	0	0	
648	42	0	2	18	8	2	0	0	0	0	0	0	0	0	
649	43	10	12	18	8	2	0	0	0	0	0	0	0	0	
650	43	12	2	18	8	2	0	0	0	0	0	0	0	0	
651	43	10	0	18	8	2	0	0	0	0	0	0	0	0	
652	43	0	12	18	8	2	0	0	0	0	0	0	0	0	
653	43	12	12	18	8	2	0	0	0	0	0	0	0	0	
654	43	0	0	18	8	2	0	0	0	0	0	0	0	0	
655	43	12	0	18	8	2	0	0	0	0	0	0	0	0	
656	37	2	3	18	8	2	0	0	0	0	0	0	0	0	
657	64	4	4	18	8	2	0	0	0	0	0	0	0	0	
658	37	6	5	18	8	2	0	0	0	0	0	0	0	0	
659	63	8	6	18	8	2	0	0	0	0	0	0	0	0	
660	37	10	6	18	8	2	0	0	0	0	0	0	0	0	
661	32	18	6	-999	-999	2	0	0	0	0	0	0	0	0	
682	682	663	663	667	667	671	671	675	675	679	679	683	683	
682	682	663	663	667	667	671	671	675	675	679	679	683	683	
662	662	NULL	NULL	NULL	NULL	NULL	NULL	NULL	NULL	NULL	NULL	664	664	
662	662	NULL	NULL	NULL	NULL	NULL	NULL	NULL	NULL	NULL	NULL	664	664	
666	666	NULL	NULL	NULL	NULL	NULL	NULL	NULL	NULL	NULL	NULL	668	668	
666	666	NULL	NULL	NULL	NULL	NULL	NULL	NULL	NULL	NULL	NULL	668	668	
670	670	NULL	NULL	NULL	NULL	NULL	NULL	689	689	690	690	672	672	
670	670	NULL	NULL	NULL	NULL	688	688	689	689	690	690	672	672	
674	674	NULL	NULL	687	687	688	688	NULL	NULL	NULL	NULL	676	676	
674	674	686	686	687	687	NULL	NULL	NULL	NULL	NULL	NULL	676	676	
678	678	686	686	NULL	NULL	NULL	NULL	NULL	NULL	NULL	NULL	680	680	
678	678	NULL	NULL	NULL	NULL	NULL	NULL	NULL	NULL	NULL	NULL	680	680	
684	684	665	665	669	669	673	673	677	677	681	681	685	685	
684	684	665	665	669	669	673	673	677	677	681	681	685	685	
662	43	0	2	18	6	2	0	0	0	0	0	0	0	0	
663	43	2	0	18	6	2	0	0	0	0	0	0	0	0	
664	43	12	2	18	6	2	0	0	0	0	0	0	0	0	
665	43	2	12	18	6	2	0	0	0	0	0	0	0	0	
666	43	0	4	18	6	2	0	0	0	0	0	0	0	0	
667	43	4	0	18	6	2	0	0	0	0	0	0	0	0	
668	43	12	4	18	6	2	0	0	0	0	0	0	0	0	
669	43	4	12	18	6	2	0	0	0	0	0	0	0	0	
670	43	0	6	18	6	2	0	0	0	0	0	0	0	0	
671	43	6	0	18	6	2	0	0	0	0	0	0	0	0	
672	42	12	6	18	6	2	0	0	0	0	0	0	0	0	
673	43	6	12	18	6	2	0	0	0	0	0	0	0	0	
674	43	0	8	18	6	2	0	0	0	0	0	0	0	0	
675	43	8	0	18	6	2	0	0	0	0	0	0	0	0	
676	43	12	8	18	6	2	0	0	0	0	0	0	0	0	
677	43	8	12	18	6	2	0	0	0	0	0	0	0	0	
678	42	0	10	18	6	2	0	0	0	0	0	0	0	0	
679	43	10	0	18	6	2	0	0	0	0	0	0	0	0	
680	43	12	10	18	6	2	0	0	0	0	0	0	0	0	
681	43	10	12	18	6	2	0	0	0	0	0	0	0	0	
682	43	0	0	18	6	2	0	0	0	0	0	0	0	0	
683	43	12	0	18	6	2	0	0	0	0	0	0	0	0	
684	43	0	12	18	6	2	0	0	0	0	0	0	0	0	
685	43	12	12	18	6	2	0	0	0	0	0	0	0	0	
686	37	2	9	18	6	2	0	0	0	0	0	0	0	0	
687	64	4	8	18	6	2	0	0	0	0	0	0	0	0	
688	37	6	7	18	6	2	0	0	0	0	0	0	0	0	
689	63	8	6	18	6	2	0	0	0	0	0	0	0	0	
690	37	10	6	18	6	2	0	0	0	0	0	0	0	0	
691	32	20	6	-999	-999	2	0	0	0	0	0	0	0	0	
712	712	692	692	696	696	700	700	704	704	708	708	714	714	
712	712	692	692	696	696	700	700	704	704	708	708	714	714	
693	693	NULL	NULL	NULL	NULL	716	716	NULL	NULL	NULL	NULL	695	695	
693	693	NULL	NULL	NULL	NULL	716	716	NULL	NULL	NULL	NULL	695	695	
697	697	NULL	NULL	NULL	NULL	717	717	NULL	NULL	NULL	NULL	699	699	
697	697	NULL	NULL	NULL	NULL	717	717	NULL	NULL	NULL	NULL	699	699	
701	701	718	718	719	719	720	720	NULL	NULL	NULL	NULL	703	703	
701	701	718	718	719	719	720	720	NULL	NULL	NULL	NULL	703	703	
705	705	NULL	NULL	NULL	NULL	NULL	NULL	NULL	NULL	NULL	NULL	707	707	
705	705	NULL	NULL	NULL	NULL	NULL	NULL	NULL	NULL	NULL	NULL	707	707	
709	709	NULL	NULL	NULL	NULL	NULL	NULL	NULL	NULL	NULL	NULL	711	711	
709	709	NULL	NULL	NULL	NULL	NULL	NULL	NULL	NULL	NULL	NULL	711	711	
713	713	694	694	698	698	702	702	706	706	710	710	715	715	
713	713	694	694	698	698	702	702	706	706	710	710	715	715	
692	43	2	0	20	6	2	0	0	0	0	0	0	0	0	
693	43	0	2	20	6	2	0	0	0	0	0	0	0	0	
694	43	2	12	20	6	2	0	0	0	0	0	0	0	0	
695	43	12	2	20	6	2	0	0	0	0	0	0	0	0	
696	43	4	0	20	6	2	0	0	0	0	0	0	0	0	
697	43	0	4	20	6	2	0	0	0	0	0	0	0	0	
698	43	4	12	20	6	2	0	0	0	0	0	0	0	0	
699	43	12	4	20	6	2	0	0	0	0	0	0	0	0	
700	42	6	0	20	6	2	0	0	0	0	0	0	0	0	
701	42	0	6	20	6	2	0	0	0	0	0	0	0	0	
702	43	6	12	20	6	2	0	0	0	0	0	0	0	0	
703	43	12	6	20	6	2	0	0	0	0	0	0	0	0	
704	43	8	0	20	6	2	0	0	0	0	0	0	0	0	
705	43	0	8	20	6	2	0	0	0	0	0	0	0	0	
706	43	8	12	20	6	2	0	0	0	0	0	0	0	0	
707	43	12	8	20	6	2	0	0	0	0	0	0	0	0	
708	43	10	0	20	6	2	0	0	0	0	0	0	0	0	
709	43	0	10	20	6	2	0	0	0	0	0	0	0	0	
710	43	10	12	20	6	2	0	0	0	0	0	0	0	0	
711	43	12	10	20	6	2	0	0	0	0	0	0	0	0	
712	43	0	0	20	6	2	0	0	0	0	0	0	0	0	
713	43	0	12	20	6	2	0	0	0	0	0	0	0	0	
714	43	12	0	20	6	2	0	0	0	0	0	0	0	0	
715	43	12	12	20	6	2	0	0	0	0	0	0	0	0	
716	37	6	2	20	6	2	0	0	0	0	0	0	0	0	
717	63	6	4	20	6	2	0	0	0	0	0	0	0	0	
718	37	2	6	20	6	2	0	0	0	0	0	0	0	0	
719	62	4	6	20	6	2	0	0	0	0	0	0	0	0	
720	37	6	6	20	6	2	0	0	0	0	0	0	0	0	
721	32	20	4	-999	-999	2	0	0	0	0	0	0	0	0	
744	744	725	725	729	729	733	733	737	737	741	741	745	745	
744	744	725	725	729	729	733	733	737	737	741	741	745	745	
738	738	NULL	NULL	NULL	NULL	NULL	NULL	NULL	NULL	NULL	NULL	740	740	
738	738	NULL	NULL	NULL	NULL	NULL	NULL	NULL	NULL	NULL	NULL	740	740	
734	734	NULL	NULL	NULL	NULL	NULL	NULL	NULL	NULL	NULL	NULL	736	736	
734	734	NULL	NULL	NULL	NULL	NULL	NULL	NULL	NULL	NULL	NULL	736	736	
730	730	746	746	747	747	750	750	NULL	NULL	NULL	NULL	732	732	
730	730	746	746	747	747	750	750	NULL	NULL	NULL	NULL	732	732	
726	726	NULL	NULL	NULL	NULL	749	749	NULL	NULL	NULL	NULL	728	728	
726	726	NULL	NULL	NULL	NULL	749	749	NULL	NULL	NULL	NULL	728	728	
722	722	NULL	NULL	NULL	NULL	748	748	NULL	NULL	NULL	NULL	724	724	
722	722	NULL	NULL	NULL	NULL	748	748	NULL	NULL	NULL	NULL	724	724	
742	742	723	723	727	727	731	731	735	735	739	739	743	743	
742	742	723	723	727	727	731	731	735	735	739	739	743	743	
722	43	0	10	20	4	2	0	0	0	0	0	0	0	0	
723	43	2	12	20	4	2	0	0	0	0	0	0	0	0	
724	43	12	10	20	4	2	0	0	0	0	0	0	0	0	
725	43	2	0	20	4	2	0	0	0	0	0	0	0	0	
726	43	0	8	20	4	2	0	0	0	0	0	0	0	0	
727	43	4	12	20	4	2	0	0	0	0	0	0	0	0	
728	43	12	8	20	4	2	0	0	0	0	0	0	0	0	
729	43	4	0	20	4	2	0	0	0	0	0	0	0	0	
730	42	0	6	20	4	2	0	0	0	0	0	0	0	0	
731	42	6	12	20	4	2	0	0	0	0	0	0	0	0	
732	43	12	6	20	4	2	0	0	0	0	0	0	0	0	
733	43	6	0	20	4	2	0	0	0	0	0	0	0	0	
734	43	0	4	20	4	2	0	0	0	0	0	0	0	0	
735	43	8	12	20	4	2	0	0	0	0	0	0	0	0	
736	43	12	4	20	4	2	0	0	0	0	0	0	0	0	
737	43	8	0	20	4	2	0	0	0	0	0	0	0	0	
738	43	0	2	20	4	2	0	0	0	0	0	0	0	0	
739	43	10	12	20	4	2	0	0	0	0	0	0	0	0	
740	43	12	2	20	4	2	0	0	0	0	0	0	0	0	
741	43	10	0	20	4	2	0	0	0	0	0	0	0	0	
742	43	0	12	20	4	2	0	0	0	0	0	0	0	0	
743	43	12	12	20	4	2	0	0	0	0	0	0	0	0	
744	43	0	0	20	4	2	0	0	0	0	0	0	0	0	
745	43	12	0	20	4	2	0	0	0	0	0	0	0	0	
746	37	2	6	20	4	2	0	0	0	0	0	0	0	0	
747	63	4	6	20	4	2	0	0	0	0	0	0	0	0	
748	37	6	10	20	4	2	0	0	0	0	0	0	0	0	
749	62	6	8	20	4	2	0	0	0	0	0	0	0	0	
750	37	6	6	20	4	2	0	0	0	0	0	0	0	0	
751	32	18	4	-999	-999	2	0	0	0	0	0	0	0	0	
772	772	752	752	756	756	760	760	764	764	768	768	774	774	
772	772	752	752	756	756	760	760	764	764	768	768	774	774	
753	753	NULL	NULL	NULL	NULL	NULL	NULL	NULL	NULL	NULL	NULL	755	755	
753	753	NULL	NULL	NULL	NULL	NULL	NULL	NULL	NULL	NULL	NULL	755	755	
757	757	NULL	NULL	NULL	NULL	NULL	NULL	NULL	NULL	NULL	NULL	759	759	
757	757	NULL	NULL	NULL	NULL	NULL	NULL	NULL	NULL	NULL	NULL	759	759	
761	761	776	776	777	777	778	778	779	779	780	780	763	763	
761	761	776	776	777	777	778	778	779	779	780	780	763	763	
765	765	NULL	NULL	NULL	NULL	NULL	NULL	NULL	NULL	NULL	NULL	767	767	
765	765	NULL	NULL	NULL	NULL	NULL	NULL	NULL	NULL	NULL	NULL	767	767	
769	769	NULL	NULL	NULL	NULL	NULL	NULL	NULL	NULL	NULL	NULL	771	771	
769	769	NULL	NULL	NULL	NULL	NULL	NULL	NULL	NULL	NULL	NULL	771	771	
773	773	754	754	758	758	762	762	766	766	770	770	775	775	
773	773	754	754	758	758	762	762	766	766	770	770	775	775	
752	43	2	0	18	4	2	0	0	0	0	0	0	0	0	
753	43	0	2	18	4	2	0	0	0	0	0	0	0	0	
754	43	2	12	18	4	2	0	0	0	0	0	0	0	0	
755	43	12	2	18	4	2	0	0	0	0	0	0	0	0	
756	43	4	0	18	4	2	0	0	0	0	0	0	0	0	
757	43	0	4	18	4	2	0	0	0	0	0	0	0	0	
758	43	4	12	18	4	2	0	0	0	0	0	0	0	0	
759	43	12	4	18	4	2	0	0	0	0	0	0	0	0	
760	43	6	0	18	4	2	0	0	0	0	0	0	0	0	
761	42	0	6	18	4	2	0	0	0	0	0	0	0	0	
762	43	6	12	18	4	2	0	0	0	0	0	0	0	0	
763	42	12	6	18	4	2	0	0	0	0	0	0	0	0	
764	43	8	0	18	4	2	0	0	0	0	0	0	0	0	
765	43	0	8	18	4	2	0	0	0	0	0	0	0	0	
766	43	8	12	18	4	2	0	0	0	0	0	0	0	0	
767	43	12	8	18	4	2	0	0	0	0	0	0	0	0	
768	43	10	0	18	4	2	0	0	0	0	0	0	0	0	
769	43	0	10	18	4	2	0	0	0	0	0	0	0	0	
770	43	10	12	18	4	2	0	0	0	0	0	0	0	0	
771	43	12	10	18	4	2	0	0	0	0	0	0	0	0	
772	43	0	0	18	4	2	0	0	0	0	0	0	0	0	
773	43	0	12	18	4	2	0	0	0	0	0	0	0	0	
774	43	12	0	18	4	2	0	0	0	0	0	0	0	0	
775	43	12	12	18	4	2	0	0	0	0	0	0	0	0	
776	37	2	6	18	4	2	0	0	0	0	0	0	0	0	
777	60	4	6	18	4	2	0	0	0	0	0	0	0	0	
778	37	6	6	18	4	2	0	0	0	0	0	0	0	0	
779	61	8	6	18	4	2	0	0	0	0	0	0	0	0	
780	37	10	6	18	4	2	0	0	0	0	0	0	0	0	
781	32	16	4	-999	-999	2	0	0	0	0	0	0	0	0	
802	802	782	782	786	786	790	790	794	794	798	798	804	804	
802	802	782	782	786	786	790	790	794	794	798	798	804	804	
783	783	NULL	NULL	NULL	NULL	NULL	NULL	NULL	NULL	NULL	NULL	785	785	
783	783	NULL	NULL	NULL	NULL	NULL	NULL	NULL	NULL	NULL	NULL	785	785	
787	787	NULL	NULL	NULL	NULL	NULL	NULL	NULL	NULL	NULL	NULL	789	789	
787	787	NULL	NULL	NULL	NULL	NULL	NULL	NULL	NULL	NULL	NULL	789	789	
791	791	806	806	807	807	808	808	809	809	810	810	793	793	
791	791	806	806	807	807	808	808	809	809	810	810	793	793	
795	795	NULL	NULL	NULL	NULL	NULL	NULL	NULL	NULL	NULL	NULL	797	797	
795	795	NULL	NULL	NULL	NULL	NULL	NULL	NULL	NULL	NULL	NULL	797	797	
799	799	NULL	NULL	NULL	NULL	NULL	NULL	NULL	NULL	NULL	NULL	801	801	
799	799	NULL	NULL	NULL	NULL	NULL	NULL	NULL	NULL	NULL	NULL	801	801	
803	803	784	784	788	788	792	792	796	796	800	800	805	805	
803	803	784	784	788	788	792	792	796	796	800	800	805	805	
782	43	2	0	16	4	2	0	0	0	0	0	0	0	0	
783	43	0	2	16	4	2	0	0	0	0	0	0	0	0	
784	43	2	12	16	4	2	0	0	0	0	0	0	0	0	
785	43	12	2	16	4	2	0	0	0	0	0	0	0	0	
786	43	4	0	16	4	2	0	0	0	0	0	0	0	0	
787	43	0	4	16	4	2	0	0	0	0	0	0	0	0	
788	43	4	12	16	4	2	0	0	0	0	0	0	0	0	
789	43	12	4	16	4	2	0	0	0	0	0	0	0	0	
790	43	6	0	16	4	2	0	0	0	0	0	0	0	0	
791	42	0	6	16	4	2	0	0	0	0	0	0	0	0	
792	43	6	12	16	4	2	0	0	0	0	0	0	0	0	
793	42	12	6	16	4	2	0	0	0	0	0	0	0	0	
794	43	8	0	16	4	2	0	0	0	0	0	0	0	0	
795	43	0	8	16	4	2	0	0	0	0	0	0	0	0	
796	43	8	12	16	4	2	0	0	0	0	0	0	0	0	
797	43	12	8	16	4	2	0	0	0	0	0	0	0	0	
798	43	10	0	16	4	2	0	0	0	0	0	0	0	0	
799	43	0	10	16	4	2	0	0	0	0	0	0	0	0	
800	43	10	12	16	4	2	0	0	0	0	0	0	0	0	
801	43	12	10	16	4	2	0	0	0	0	0	0	0	0	
802	43	0	0	16	4	2	0	0	0	0	0	0	0	0	
803	43	0	12	16	4	2	0	0	0	0	0	0	0	0	
804	43	12	0	16	4	2	0	0	0	0	0	0	0	0	
805	43	12	12	16	4	2	0	0	0	0	0	0	0	0	
806	37	2	6	16	4	2	0	0	0	0	0	0	0	0	
807	60	4	6	16	4	2	0	0	0	0	0	0	0	0	
808	37	6	6	16	4	2	0	0	0	0	0	0	0	0	
809	61	8	6	16	4	2	0	0	0	0	0	0	0	0	
810	37	10	6	16	4	2	0	0	0	0	0	0	0	0	
811	32	14	4	-999	-999	2	0	0	0	0	0	0	0	0	
835	835	830	830	826	826	822	822	818	818	814	814	833	833	
835	835	830	830	826	826	822	822	818	818	814	814	833	833	
831	831	NULL	NULL	NULL	NULL	NULL	NULL	NULL	NULL	NULL	NULL	829	829	
831	831	NULL	NULL	NULL	NULL	NULL	NULL	NULL	NULL	NULL	NULL	829	829	
827	827	NULL	NULL	NULL	NULL	NULL	NULL	NULL	NULL	NULL	NULL	825	825	
827	827	NULL	NULL	NULL	NULL	NULL	NULL	NULL	NULL	NULL	NULL	825	825	
823	823	NULL	NULL	NULL	NULL	840	840	839	839	838	838	821	821	
823	823	NULL	NULL	NULL	NULL	840	840	839	839	838	838	821	821	
819	819	NULL	NULL	NULL	NULL	837	837	NULL	NULL	NULL	NULL	817	817	
819	819	NULL	NULL	NULL	NULL	837	837	NULL	NULL	NULL	NULL	817	817	
815	815	NULL	NULL	NULL	NULL	836	836	NULL	NULL	NULL	NULL	813	813	
815	815	NULL	NULL	NULL	NULL	836	836	NULL	NULL	NULL	NULL	813	813	
834	834	828	828	824	824	820	820	816	816	812	812	832	832	
834	834	828	828	824	824	820	820	816	816	812	812	832	832	
812	43	10	12	14	4	2	0	0	0	0	0	0	0	0	
813	43	12	10	14	4	2	0	0	0	0	0	0	0	0	
814	43	10	0	14	4	2	0	0	0	0	0	0	0	0	
815	43	0	10	14	4	2	0	0	0	0	0	0	0	0	
816	43	8	12	14	4	2	0	0	0	0	0	0	0	0	
817	43	12	8	14	4	2	0	0	0	0	0	0	0	0	
818	43	8	0	14	4	2	0	0	0	0	0	0	0	0	
819	43	0	8	14	4	2	0	0	0	0	0	0	0	0	
820	42	6	12	14	4	2	0	0	0	0	0	0	0	0	
821	42	12	6	14	4	2	0	0	0	0	0	0	0	0	
822	43	6	0	14	4	2	0	0	0	0	0	0	0	0	
823	43	0	6	14	4	2	0	0	0	0	0	0	0	0	
824	43	4	12	14	4	2	0	0	0	0	0	0	0	0	
825	43	12	4	14	4	2	0	0	0	0	0	0	0	0	
826	43	4	0	14	4	2	0	0	0	0	0	0	0	0	
827	43	0	4	14	4	2	0	0	0	0	0	0	0	0	
828	43	2	12	14	4	2	0	0	0	0	0	0	0	0	
829	43	12	2	14	4	2	0	0	0	0	0	0	0	0	
830	43	2	0	14	4	2	0	0	0	0	0	0	0	0	
831	43	0	2	14	4	2	0	0	0	0	0	0	0	0	
832	43	12	12	14	4	2	0	0	0	0	0	0	0	0	
833	43	12	0	14	4	2	0	0	0	0	0	0	0	0	
834	43	0	12	14	4	2	0	0	0	0	0	0	0	0	
835	43	0	0	14	4	2	0	0	0	0	0	0	0	0	
836	37	6	10	14	4	2	0	0	0	0	0	0	0	0	
837	63	6	8	14	4	2	0	0	0	0	0	0	0	0	
838	37	10	6	14	4	2	0	0	0	0	0	0	0	0	
839	62	8	6	14	4	2	0	0	0	0	0	0	0	0	
840	37	6	6	14	4	2	0	0	0	0	0	0	0	0	
841	32	14	6	-999	-999	2	0	0	0	0	0	0	0	0	
862	862	842	842	846	846	850	850	854	854	858	858	864	864	
862	862	842	842	846	846	850	850	854	854	858	858	864	864	
843	843	NULL	NULL	NULL	NULL	866	866	NULL	NULL	NULL	NULL	845	845	
843	843	NULL	NULL	NULL	NULL	866	866	NULL	NULL	NULL	NULL	845	845	
847	847	NULL	NULL	NULL	NULL	867	867	NULL	NULL	NULL	NULL	849	849	
847	847	NULL	NULL	NULL	NULL	867	867	NULL	NULL	NULL	NULL	849	849	
851	851	868	868	869	869	870	870	NULL	NULL	NULL	NULL	853	853	
851	851	868	868	869	869	870	870	NULL	NULL	NULL	NULL	853	853	
855	855	NULL	NULL	NULL	NULL	NULL	NULL	NULL	NULL	NULL	NULL	857	857	
855	855	NULL	NULL	NULL	NULL	NULL	NULL	NULL	NULL	NULL	NULL	857	857	
859	859	NULL	NULL	NULL	NULL	NULL	NULL	NULL	NULL	NULL	NULL	861	861	
859	859	NULL	NULL	NULL	NULL	NULL	NULL	NULL	NULL	NULL	NULL	861	861	
863	863	844	844	848	848	852	852	856	856	860	860	865	865	
863	863	844	844	848	848	852	852	856	856	860	860	865	865	
842	43	2	0	14	6	2	0	0	0	0	0	0	0	0	
843	43	0	2	14	6	2	0	0	0	0	0	0	0	0	
844	43	2	12	14	6	2	0	0	0	0	0	0	0	0	
845	43	12	2	14	6	2	0	0	0	0	0	0	0	0	
846	43	4	0	14	6	2	0	0	0	0	0	0	0	0	
847	43	0	4	14	6	2	0	0	0	0	0	0	0	0	
848	43	4	12	14	6	2	0	0	0	0	0	0	0	0	
849	43	12	4	14	6	2	0	0	0	0	0	0	0	0	
850	42	6	0	14	6	2	0	0	0	0	0	0	0	0	
851	42	0	6	14	6	2	0	0	0	0	0	0	0	0	
852	43	6	12	14	6	2	0	0	0	0	0	0	0	0	
853	43	12	6	14	6	2	0	0	0	0	0	0	0	0	
854	43	8	0	14	6	2	0	0	0	0	0	0	0	0	
855	43	0	8	14	6	2	0	0	0	0	0	0	0	0	
856	43	8	12	14	6	2	0	0	0	0	0	0	0	0	
857	43	12	8	14	6	2	0	0	0	0	0	0	0	0	
858	43	10	0	14	6	2	0	0	0	0	0	0	0	0	
859	43	0	10	14	6	2	0	0	0	0	0	0	0	0	
860	43	10	12	14	6	2	0	0	0	0	0	0	0	0	
861	43	12	10	14	6	2	0	0	0	0	0	0	0	0	
862	43	0	0	14	6	2	0	0	0	0	0	0	0	0	
863	43	0	12	14	6	2	0	0	0	0	0	0	0	0	
864	43	12	0	14	6	2	0	0	0	0	0	0	0	0	
865	43	12	12	14	6	2	0	0	0	0	0	0	0	0	
866	37	6	2	14	6	2	0	0	0	0	0	0	0	0	
867	63	6	4	14	6	2	0	0	0	0	0	0	0	0	
868	37	2	6	14	6	2	0	0	0	0	0	0	0	0	
869	62	4	6	14	6	2	0	0	0	0	0	0	0	0	
870	37	6	6	14	6	2	0	0	0	0	0	0	0	0	
871	32	12	6	-999	-999	2	0	0	0	0	0	0	0	0	
893	893	889	889	885	885	881	881	877	877	873	873	892	892	
893	893	889	889	885	885	881	881	877	877	873	873	892	892	
874	874	NULL	NULL	NULL	NULL	898	898	NULL	NULL	NULL	NULL	872	872	
874	874	NULL	NULL	NULL	NULL	898	898	NULL	NULL	NULL	NULL	872	872	
878	878	NULL	NULL	NULL	NULL	899	899	NULL	NULL	NULL	NULL	876	876	
878	878	NULL	NULL	NULL	NULL	899	899	NULL	NULL	NULL	NULL	876	876	
882	882	NULL	NULL	NULL	NULL	900	900	897	897	896	896	880	880	
882	882	NULL	NULL	NULL	NULL	900	900	897	897	896	896	880	880	
886	886	NULL	NULL	NULL	NULL	NULL	NULL	NULL	NULL	NULL	NULL	884	884	
886	886	NULL	NULL	NULL	NULL	NULL	NULL	NULL	NULL	NULL	NULL	884	884	
890	890	NULL	NULL	NULL	NULL	NULL	NULL	NULL	NULL	NULL	NULL	888	888	
890	890	NULL	NULL	NULL	NULL	NULL	NULL	NULL	NULL	NULL	NULL	888	888	
895	895	891	891	887	887	883	883	879	879	875	875	894	894	
895	895	891	891	887	887	883	883	879	879	875	875	894	894	
872	43	12	2	12	6	2	0	0	0	0	0	0	0	0	
873	43	10	0	12	6	2	0	0	0	0	0	0	0	0	
874	43	0	2	12	6	2	0	0	0	0	0	0	0	0	
875	43	10	12	12	6	2	0	0	0	0	0	0	0	0	
876	43	12	4	12	6	2	0	0	0	0	0	0	0	0	
877	43	8	0	12	6	2	0	0	0	0	0	0	0	0	
878	43	0	4	12	6	2	0	0	0	0	0	0	0	0	
879	43	8	12	12	6	2	0	0	0	0	0	0	0	0	
880	42	12	6	12	6	2	0	0	0	0	0	0	0	0	
881	42	6	0	12	6	2	0	0	0	0	0	0	0	0	
882	43	0	6	12	6	2	0	0	0	0	0	0	0	0	
883	43	6	12	12	6	2	0	0	0	0	0	0	0	0	
884	43	12	8	12	6	2	0	0	0	0	0	0	0	0	
885	43	4	0	12	6	2	0	0	0	0	0	0	0	0	
886	43	0	8	12	6	2	0	0	0	0	0	0	0	0	
887	43	4	12	12	6	2	0	0	0	0	0	0	0	0	
888	43	12	10	12	6	2	0	0	0	0	0	0	0	0	
889	43	2	0	12	6	2	0	0	0	0	0	0	0	0	
890	43	0	10	12	6	2	0	0	0	0	0	0	0	0	
891	43	2	12	12	6	2	0	0	0	0	0	0	0	0	
892	43	12	0	12	6	2	0	0	0	0	0	0	0	0	
893	43	0	0	12	6	2	0	0	0	0	0	0	0	0	
894	43	12	12	12	6	2	0	0	0	0	0	0	0	0	
895	43	0	12	12	6	2	0	0	0	0	0	0	0	0	
896	37	10	6	12	6	2	0	0	0	0	0	0	0	0	
897	63	8	6	12	6	2	0	0	0	0	0	0	0	0	
898	37	6	2	12	6	2	0	0	0	0	0	0	0	0	
899	62	6	4	12	6	2	0	0	0	0	0	0	0	0	
900	37	6	6	12	6	2	0	0	0	0	0	0	0	0	
901	32	7	2	-999	-999	2	0	0	0	0	0	0	0	0	
924	924	905	905	909	909	913	913	917	917	921	921	925	925	
924	924	905	905	909	909	913	913	917	917	921	921	925	925	
918	918	NULL	NULL	NULL	NULL	927	927	NULL	NULL	NULL	NULL	920	920	
918	918	NULL	NULL	NULL	NULL	927	927	NULL	NULL	NULL	NULL	920	920	
914	914	NULL	NULL	NULL	NULL	926	926	NULL	NULL	NULL	NULL	916	916	
914	914	NULL	NULL	NULL	NULL	926	926	NULL	NULL	NULL	NULL	916	916	
910	910	NULL	NULL	NULL	NULL	NULL	928	928	NULL	NULL	NULL	912	912	
910	910	NULL	NULL	NULL	NULL	NULL	928	928	NULL	NULL	NULL	912	912	
906	906	NULL	NULL	NULL	NULL	NULL	NULL	929	929	NULL	NULL	908	908	
906	906	NULL	NULL	NULL	NULL	NULL	NULL	929	929	NULL	NULL	908	908	
902	902	NULL	NULL	NULL	NULL	NULL	NULL	NULL	930	930	NULL	904	904	
902	902	NULL	NULL	NULL	NULL	NULL	NULL	NULL	930	930	NULL	904	904	
922	922	903	903	907	907	911	911	915	915	919	919	923	923	
922	922	903	903	907	907	911	911	915	915	919	919	923	923	
902	43	0	10	7	2	2	0	0	0	0	0	0	0	0	
903	43	2	12	7	2	2	0	0	0	0	0	0	0	0	
904	43	12	10	7	2	2	0	0	0	0	0	0	0	0	
905	43	2	0	7	2	2	0	0	0	0	0	0	0	0	
906	43	0	8	7	2	2	0	0	0	0	0	0	0	0	
907	43	4	12	7	2	2	0	0	0	0	0	0	0	0	
908	43	12	8	7	2	2	0	0	0	0	0	0	0	0	
909	43	4	0	7	2	2	0	0	0	0	0	0	0	0	
910	43	0	6	7	2	2	0	0	0	0	0	0	0	0	
911	43	6	12	7	2	2	0	0	0	0	0	0	0	0	
912	43	12	6	7	2	2	0	0	0	0	0	0	0	0	
913	42	6	0	7	2	2	0	0	0	0	0	0	0	0	
914	43	0	4	7	2	2	0	0	0	0	0	0	0	0	
915	43	8	12	7	2	2	0	0	0	0	0	0	0	0	
916	43	12	4	7	2	2	0	0	0	0	0	0	0	0	
917	43	8	0	7	2	2	0	0	0	0	0	0	0	0	
918	43	0	2	7	2	2	0	0	0	0	0	0	0	0	
919	42	10	12	7	2	2	0	0	0	0	0	0	0	0	
920	43	12	2	7	2	2	0	0	0	0	0	0	0	0	
921	43	10	0	7	2	2	0	0	0	0	0	0	0	0	
922	43	0	12	7	2	2	0	0	0	0	0	0	0	0	
923	43	12	12	7	2	2	0	0	0	0	0	0	0	0	
924	43	0	0	7	2	2	0	0	0	0	0	0	0	0	
925	43	12	0	7	2	2	0	0	0	0	0	0	0	0	
926	63	6	4	7	2	2	0	0	0	0	0	0	0	0	
927	37	6	2	7	2	2	0	0	0	0	0	0	0	0	
928	37	7	6	7	2	2	0	0	0	0	0	0	0	0	
929	64	8	8	7	2	2	0	0	0	0	0	0	0	0	
930	37	9	10	7	2	2	0	0	0	0	0	0	0	0	
931	32	7	0	-999	-999	2	0	0	0	0	0	0	0	0	
954	954	935	935	939	939	943	943	947	947	951	951	955	955	
954	954	935	935	939	939	943	943	947	947	951	951	955	955	
948	948	NULL	NULL	NULL	NULL	NULL	NULL	NULL	NULL	NULL	NULL	950	950	
948	948	NULL	NULL	NULL	NULL	NULL	NULL	NULL	NULL	NULL	NULL	950	950	
944	944	NULL	NULL	NULL	NULL	NULL	NULL	NULL	NULL	NULL	NULL	946	946	
944	944	NULL	NULL	NULL	NULL	NULL	NULL	NULL	NULL	NULL	NULL	946	946	
940	940	956	956	957	957	960	960	NULL	NULL	NULL	NULL	942	942	
940	940	956	956	957	957	960	960	NULL	NULL	NULL	NULL	942	942	
936	936	NULL	NULL	NULL	NULL	959	959	NULL	NULL	NULL	NULL	938	938	
936	936	NULL	NULL	NULL	NULL	959	959	NULL	NULL	NULL	NULL	938	938	
932	932	NULL	NULL	NULL	NULL	958	958	NULL	NULL	NULL	NULL	934	934	
932	932	NULL	NULL	NULL	NULL	958	958	NULL	NULL	NULL	NULL	934	934	
952	952	933	933	937	937	941	941	945	945	949	949	953	953	
952	952	933	933	937	937	941	941	945	945	949	949	953	953	
932	43	0	10	7	0	2	0	0	0	0	0	0	0	0	
933	43	2	12	7	0	2	0	0	0	0	0	0	0	0	
934	43	12	10	7	0	2	0	0	0	0	0	0	0	0	
935	43	2	0	7	0	2	0	0	0	0	0	0	0	0	
936	43	0	8	7	0	2	0	0	0	0	0	0	0	0	
937	43	4	12	7	0	2	0	0	0	0	0	0	0	0	
938	43	12	8	7	0	2	0	0	0	0	0	0	0	0	
939	43	4	0	7	0	2	0	0	0	0	0	0	0	0	
940	42	0	6	7	0	2	0	0	0	0	0	0	0	0	
941	42	6	12	7	0	2	0	0	0	0	0	0	0	0	
942	43	12	6	7	0	2	0	0	0	0	0	0	0	0	
943	43	6	0	7	0	2	0	0	0	0	0	0	0	0	
944	43	0	4	7	0	2	0	0	0	0	0	0	0	0	
945	43	8	12	7	0	2	0	0	0	0	0	0	0	0	
946	43	12	4	7	0	2	0	0	0	0	0	0	0	0	
947	43	8	0	7	0	2	0	0	0	0	0	0	0	0	
948	43	0	2	7	0	2	0	0	0	0	0	0	0	0	
949	43	10	12	7	0	2	0	0	0	0	0	0	0	0	
950	43	12	2	7	0	2	0	0	0	0	0	0	0	0	
951	43	10	0	7	0	2	0	0	0	0	0	0	0	0	
952	43	0	12	7	0	2	0	0	0	0	0	0	0	0	
953	43	12	12	7	0	2	0	0	0	0	0	0	0	0	
954	43	0	0	7	0	2	0	0	0	0	0	0	0	0	
955	43	12	0	7	0	2	0	0	0	0	0	0	0	0	
956	37	2	6	7	0	2	0	0	0	0	0	0	0	0	
957	63	4	6	7	0	2	0	0	0	0	0	0	0	0	
958	37	6	10	7	0	2	0	0	0	0	0	0	0	0	
959	62	6	8	7	0	2	0	0	0	0	0	0	0	0	
960	37	6	6	7	0	2	0	0	0	0	0	0	0	0	
961	32	5	0	-999	-999	2	0	0	0	0	0	0	0	0	
983	983	979	979	975	975	971	971	967	967	963	963	982	982	
983	983	979	979	975	975	971	971	967	967	963	963	982	982	
964	964	NULL	NULL	NULL	NULL	NULL	NULL	NULL	NULL	NULL	NULL	962	962	
964	964	NULL	NULL	NULL	NULL	NULL	NULL	NULL	NULL	NULL	NULL	962	962	
968	968	NULL	NULL	NULL	NULL	NULL	NULL	NULL	NULL	NULL	NULL	966	966	
968	968	NULL	NULL	NULL	NULL	NULL	NULL	NULL	NULL	NULL	NULL	966	966	
972	972	NULL	NULL	NULL	NULL	NULL	NULL	987	987	986	986	970	970	
972	972	NULL	NULL	NULL	NULL	988	988	987	987	986	986	970	970	
976	976	NULL	NULL	989	989	988	988	NULL	NULL	NULL	NULL	974	974	
976	976	990	990	989	989	NULL	NULL	NULL	NULL	NULL	NULL	974	974	
980	980	990	990	NULL	NULL	NULL	NULL	NULL	NULL	NULL	NULL	978	978	
980	980	NULL	NULL	NULL	NULL	NULL	NULL	NULL	NULL	NULL	NULL	978	978	
985	985	981	981	977	977	973	973	969	969	965	965	984	984	
985	985	981	981	977	977	973	973	969	969	965	965	984	984	
962	43	12	2	5	0	2	0	0	0	0	0	0	0	0	
963	43	10	0	5	0	2	0	0	0	0	0	0	0	0	
964	43	0	2	5	0	2	0	0	0	0	0	0	0	0	
965	43	10	12	5	0	2	0	0	0	0	0	0	0	0	
966	43	12	4	5	0	2	0	0	0	0	0	0	0	0	
967	43	8	0	5	0	2	0	0	0	0	0	0	0	0	
968	43	0	4	5	0	2	0	0	0	0	0	0	0	0	
969	43	8	12	5	0	2	0	0	0	0	0	0	0	0	
970	42	12	6	5	0	2	0	0	0	0	0	0	0	0	
971	43	6	0	5	0	2	0	0	0	0	0	0	0	0	
972	43	0	6	5	0	2	0	0	0	0	0	0	0	0	
973	43	6	12	5	0	2	0	0	0	0	0	0	0	0	
974	43	12	8	5	0	2	0	0	0	0	0	0	0	0	
975	43	4	0	5	0	2	0	0	0	0	0	0	0	0	
976	43	0	8	5	0	2	0	0	0	0	0	0	0	0	
977	43	4	12	5	0	2	0	0	0	0	0	0	0	0	
978	43	12	10	5	0	2	0	0	0	0	0	0	0	0	
979	43	2	0	5	0	2	0	0	0	0	0	0	0	0	
980	42	0	10	5	0	2	0	0	0	0	0	0	0	0	
981	43	2	12	5	0	2	0	0	0	0	0	0	0	0	
982	43	12	0	5	0	2	0	0	0	0	0	0	0	0	
983	43	0	0	5	0	2	0	0	0	0	0	0	0	0	
984	43	12	12	5	0	2	0	0	0	0	0	0	0	0	
985	43	0	12	5	0	2	0	0	0	0	0	0	0	0	
986	37	10	6	5	0	2	0	0	0	0	0	0	0	0	
987	63	8	6	5	0	2	0	0	0	0	0	0	0	0	
988	37	6	7	5	0	2	0	0	0	0	0	0	0	0	
989	64	4	8	5	0	2	0	0	0	0	0	0	0	0	
990	37	2	9	5	0	2	0	0	0	0	0	0	0	0	
991	32	3	1	-999	-999	2	0	0	0	0	0	0	0	0	
1014	1014	995	995	999	999	1003	1003	1007	1007	1011	1011	1015	1015	
1014	1014	995	995	999	999	1003	1003	1007	1007	1011	1011	1015	1015	
1008	1008	NULL	NULL	NULL	NULL	NULL	NULL	NULL	NULL	NULL	NULL	1010	1010	
1008	1008	NULL	NULL	NULL	NULL	NULL	NULL	NULL	NULL	1020	1020	1010	1010	
1004	1004	NULL	NULL	NULL	NULL	NULL	NULL	1019	1019	1020	1020	1006	1006	
1004	1004	NULL	NULL	NULL	NULL	1018	1018	1019	1019	NULL	NULL	1006	1006	
1000	1000	1016	1016	1017	1017	1018	1018	NULL	NULL	NULL	NULL	1002	1002	
1000	1000	1016	1016	1017	1017	NULL	NULL	NULL	NULL	NULL	NULL	1002	1002	
996	996	NULL	NULL	NULL	NULL	NULL	NULL	NULL	NULL	NULL	NULL	998	998	
996	996	NULL	NULL	NULL	NULL	NULL	NULL	NULL	NULL	NULL	NULL	998	998	
992	992	NULL	NULL	NULL	NULL	NULL	NULL	NULL	NULL	NULL	NULL	994	994	
992	992	NULL	NULL	NULL	NULL	NULL	NULL	NULL	NULL	NULL	NULL	994	994	
1012	1012	993	993	997	997	1001	1001	1005	1005	1009	1009	1013	1013	
1012	1012	993	993	997	997	1001	1001	1005	1005	1009	1009	1013	1013	
992	43	0	10	3	1	2	0	0	0	0	0	0	0	0	
993	43	2	12	3	1	2	0	0	0	0	0	0	0	0	
994	43	12	10	3	1	2	0	0	0	0	0	0	0	0	
995	43	2	0	3	1	2	0	0	0	0	0	0	0	0	
996	43	0	8	3	1	2	0	0	0	0	0	0	0	0	
997	43	4	12	3	1	2	0	0	0	0	0	0	0	0	
998	43	12	8	3	1	2	0	0	0	0	0	0	0	0	
999	43	4	0	3	1	2	0	0	0	0	0	0	0	0	
1000	42	0	6	3	1	2	0	0	0	0	0	0	0	0	
1001	43	6	12	3	1	2	0	0	0	0	0	0	0	0	
1002	43	12	6	3	1	2	0	0	0	0	0	0	0	0	
1003	43	6	0	3	1	2	0	0	0	0	0	0	0	0	
1004	43	0	4	3	1	2	0	0	0	0	0	0	0	0	
1005	43	8	12	3	1	2	0	0	0	0	0	0	0	0	
1006	43	12	4	3	1	2	0	0	0	0	0	0	0	0	
1007	43	8	0	3	1	2	0	0	0	0	0	0	0	0	
1008	43	0	2	3	1	2	0	0	0	0	0	0	0	0	
1009	43	10	12	3	1	2	0	0	0	0	0	0	0	0	
1010	42	12	2	3	1	2	0	0	0	0	0	0	0	0	
1011	43	10	0	3	1	2	0	0	0	0	0	0	0	0	
1012	43	0	12	3	1	2	0	0	0	0	0	0	0	0	
1013	43	12	12	3	1	2	0	0	0	0	0	0	0	0	
1014	43	0	0	3	1	2	0	0	0	0	0	0	0	0	
1015	43	12	0	3	1	2	0	0	0	0	0	0	0	0	
1016	37	2	6	3	1	2	0	0	0	0	0	0	0	0	
1017	63	4	6	3	1	2	0	0	0	0	0	0	0	0	
1018	37	6	5	3	1	2	0	0	0	0	0	0	0	0	
1019	64	8	4	3	1	2	0	0	0	0	0	0	0	0	
1020	37	10	3	3	1	2	0	0	0	0	0	0	0	0	
1021	32	2	12	-999	-999	2	0	0	0	0	0	0	0	0	
1031	1031	1025	1025	1043	1043	1047	1047	1045	1045	1029	1029	1044	1044	
1031	1031	1025	1025	1043	1043	1047	1047	1045	1045	1029	1029	1044	1044	
1036	1036	NULL	NULL	NULL	NULL	NULL	NULL	NULL	NULL	NULL	NULL	1026	1026	
1036	1036	NULL	NULL	NULL	NULL	NULL	NULL	NULL	NULL	NULL	NULL	1026	1026	
1027	1027	NULL	NULL	NULL	NULL	NULL	NULL	NULL	NULL	NULL	NULL	1038	1038	
1027	1027	NULL	NULL	NULL	NULL	NULL	NULL	NULL	NULL	NULL	NULL	1038	1038	
1032	1032	1028	1028	1049	1049	1035	1035	1042	1042	1046	1046	1050	1050	
1032	1032	1028	1028	1049	1049	1035	1035	1042	1042	1046	1046	1050	1050	
1041	1041	NULL	NULL	NULL	NULL	NULL	NULL	NULL	NULL	NULL	NULL	1033	1033	
1041	1041	NULL	NULL	NULL	NULL	NULL	NULL	NULL	NULL	NULL	NULL	1033	1033	
1024	1024	NULL	NULL	NULL	NULL	NULL	NULL	NULL	NULL	NULL	NULL	1039	1039	
1024	1024	NULL	NULL	NULL	NULL	NULL	NULL	NULL	NULL	NULL	NULL	1039	1039	
1023	1023	1048	1048	1040	1040	1030	1030	1037	1037	1022	1022	1034	1034	
1023	1023	1048	1048	1040	1040	1030	1030	1037	1037	1022	1022	1034	1034	
1022	43	10	12	2	12	2	0	0	0	0	0	0	0	0	
1023	43	0	12	2	12	2	0	0	0	0	0	0	0	0	
1024	43	0	10	2	12	2	0	0	0	0	0	0	0	0	
1025	43	2	0	2	12	2	0	0	0	0	0	0	0	0	
1026	43	12	2	2	12	2	0	0	0	0	0	0	0	0	
1027	43	0	4	2	12	2	0	0	0	0	0	0	0	0	
1028	37	2	6	2	12	2	0	0	0	0	0	0	0	0	
1029	43	10	0	2	12	2	0	0	0	0	0	0	0	0	
1030	43	6	12	2	12	2	0	0	0	0	0	0	0	0	
1031	43	0	0	2	12	2	0	0	0	0	0	0	0	0	
1032	42	0	6	2	12	2	0	0	0	0	0	0	0	0	
1033	43	12	8	2	12	2	0	0	0	0	0	0	0	0	
1034	43	12	12	2	12	2	0	0	0	0	0	0	0	0	
1035	37	6	6	2	12	2	0	0	0	0	0	0	0	0	
1036	43	0	2	2	12	2	0	0	0	0	0	0	0	0	
1037	43	8	12	2	12	2	0	0	0	0	0	0	0	0	
1038	43	12	4	2	12	2	0	0	0	0	0	0	0	0	
1039	43	12	10	2	12	2	0	0	0	0	0	0	0	0	
1040	43	4	12	2	12	2	0	0	0	0	0	0	0	0	
1041	43	0	8	2	12	2	0	0	0	0	0	0	0	0	
1042	61	8	6	2	12	2	0	0	0	0	0	0	0	0	
1043	43	4	0	2	12	2	0	0	0	0	0	0	0	0	
1044	43	12	0	2	12	2	0	0	0	0	0	0	0	0	
1045	43	8	0	2	12	2	0	0	0	0	0	0	0	0	
1046	37	10	6	2	12	2	0	0	0	0	0	0	0	0	
1047	43	6	0	2	12	2	0	0	0	0	0	0	0	0	
1048	43	2	12	2	12	2	0	0	0	0	0	0	0	0	
1049	60	4	6	2	12	2	0	0	0	0	0	0	0	0	
1050	42	12	6	2	12	2	0	0	0	0	0	0	0	0	
1051	32	6	12	-999	-999	2	0	0	0	0	0	0	0	0	
1062	1062	1059	1059	1076	1076	1058	1058	1070	1070	1075	1075	1066	1066	
1062	1062	1059	1059	1076	1076	1058	1058	1070	1070	1075	1075	1066	1066	
1065	1065	NULL	NULL	NULL	NULL	NULL	NULL	NULL	NULL	NULL	NULL	1064	1064	
1065	1065	NULL	NULL	NULL	NULL	NULL	NULL	NULL	NULL	NULL	NULL	1064	1064	
1079	1079	NULL	NULL	NULL	NULL	NULL	NULL	NULL	NULL	NULL	NULL	1073	1073	
1079	1079	NULL	NULL	NULL	NULL	NULL	NULL	NULL	NULL	NULL	NULL	1073	1073	
1057	1057	1053	1053	1061	1061	1072	1072	1067	1067	1078	1078	1054	1054	
1057	1057	1053	1053	1061	1061	1072	1072	1067	1067	1078	1078	1054	1054	
1060	1060	NULL	NULL	NULL	NULL	NULL	NULL	NULL	NULL	NULL	NULL	1069	1069	
1060	1060	NULL	NULL	NULL	NULL	NULL	NULL	NULL	NULL	NULL	NULL	1069	1069	
1052	1052	NULL	NULL	NULL	NULL	NULL	NULL	NULL	NULL	NULL	NULL	1068	1068	
1052	1052	NULL	NULL	NULL	NULL	NULL	NULL	NULL	NULL	NULL	NULL	1068	1068	
1077	1077	1063	1063	1071	1071	1056	1056	1080	1080	1055	1055	1074	1074	
1077	1077	1063	1063	1071	1071	1056	1056	1080	1080	1055	1055	1074	1074	
1052	43	0	10	6	12	2	0	0	0	0	0	0	0	0	
1053	37	2	6	6	12	2	0	0	0	0	0	0	0	0	
1054	42	12	6	6	12	2	0	0	0	0	0	0	0	0	
1055	43	10	12	6	12	2	0	0	0	0	0	0	0	0	
1056	43	6	12	6	12	2	0	0	0	0	0	0	0	0	
1057	42	0	6	6	12	2	0	0	0	0	0	0	0	0	
1058	43	6	0	6	12	2	0	0	0	0	0	0	0	0	
1059	43	2	0	6	12	2	0	0	0	0	0	0	0	0	
1060	43	0	8	6	12	2	0	0	0	0	0	0	0	0	
1061	60	4	6	6	12	2	0	0	0	0	0	0	0	0	
1062	43	0	0	6	12	2	0	0	0	0	0	0	0	0	
1063	43	2	12	6	12	2	0	0	0	0	0	0	0	0	
1064	43	12	2	6	12	2	0	0	0	0	0	0	0	0	
1065	43	0	2	6	12	2	0	0	0	0	0	0	0	0	
1066	43	12	0	6	12	2	0	0	0	0	0	0	0	0	
1067	61	8	6	6	12	2	0	0	0	0	0	0	0	0	
1068	43	12	10	6	12	2	0	0	0	0	0	0	0	0	
1069	43	12	8	6	12	2	0	0	0	0	0	0	0	0	
1070	43	8	0	6	12	2	0	0	0	0	0	0	0	0	
1071	43	4	12	6	12	2	0	0	0	0	0	0	0	0	
1072	37	6	6	6	12	2	0	0	0	0	0	0	0	0	
1073	43	12	4	6	12	2	0	0	0	0	0	0	0	0	
1074	43	12	12	6	12	2	0	0	0	0	0	0	0	0	
1075	43	10	0	6	12	2	0	0	0	0	0	0	0	0	
1076	43	4	0	6	12	2	0	0	0	0	0	0	0	0	
1077	43	0	12	6	12	2	0	0	0	0	0	0	0	0	
1078	37	10	6	6	12	2	0	0	0	0	0	0	0	0	
1079	43	0	4	6	12	2	0	0	0	0	0	0	0	0	
1080	43	8	12	6	12	2	0	0	0	0	0	0	0	0	
1081	32	4	12	-999	-999	2	0	0	0	0	0	0	0	0	
1085	1085	1105	1105	1088	1088	1110	1110	1095	1095	1106	1106	1104	1104	
1085	1085	1105	1105	1088	1088	1110	1110	1095	1095	1106	1106	1104	1104	
1100	1100	NULL	NULL	NULL	NULL	NULL	NULL	NULL	NULL	NULL	NULL	1092	1092	
1100	1100	NULL	NULL	NULL	NULL	NULL	NULL	NULL	NULL	NULL	NULL	1092	1092	
1084	1084	NULL	NULL	NULL	NULL	NULL	NULL	NULL	NULL	NULL	NULL	1101	1101	
1084	1084	NULL	NULL	NULL	NULL	NULL	NULL	NULL	NULL	NULL	NULL	1101	1101	
1099	1099	1094	1094	1090	1090	1086	1086	1082	1082	1102	1102	1109	1109	
1099	1099	1094	1094	1090	1090	1086	1086	1082	1082	1102	1102	1109	1109	
1093	1093	NULL	NULL	NULL	NULL	NULL	NULL	NULL	NULL	NULL	NULL	1107	1107	
1093	1093	NULL	NULL	NULL	NULL	NULL	NULL	NULL	NULL	NULL	NULL	1107	1107	
1091	1091	NULL	NULL	NULL	NULL	NULL	NULL	NULL	NULL	NULL	NULL	1087	1087	
1091	1091	NULL	NULL	NULL	NULL	NULL	NULL	NULL	NULL	NULL	NULL	1087	1087	
1083	1083	1096	1096	1103	1103	1097	1097	1108	1108	1089	1089	1098	1098	
1083	1083	1096	1096	1103	1103	1097	1097	1108	1108	1089	1089	1098	1098	
1082	61	8	6	4	12	2	0	0	0	0	0	0	0	0	
1083	43	0	12	4	12	2	0	0	0	0	0	0	0	0	
1084	43	0	4	4	12	2	0	0	0	0	0	0	0	0	
1085	43	0	0	4	12	2	0	0	0	0	0	0	0	0	
1086	37	6	6	4	12	2	0	0	0	0	0	0	0	0	
1087	43	12	10	4	12	2	0	0	0	0	0	0	0	0	
1088	43	4	0	4	12	2	0	0	0	0	0	0	0	0	
1089	43	10	12	4	12	2	0	0	0	0	0	0	0	0	
1090	60	4	6	4	12	2	0	0	0	0	0	0	0	0	
1091	43	0	10	4	12	2	0	0	0	0	0	0	0	0	
1092	43	12	2	4	12	2	0	0	0	0	0	0	0	0	
1093	43	0	8	4	12	2	0	0	0	0	0	0	0	0	
1094	37	2	6	4	12	2	0	0	0	0	0	0	0	0	
1095	43	8	0	4	12	2	0	0	0	0	0	0	0	0	
1096	43	2	12	4	12	2	0	0	0	0	0	0	0	0	
1097	43	6	12	4	12	2	0	0	0	0	0	0	0	0	
1098	43	12	12	4	12	2	0	0	0	0	0	0	0	0	
1099	42	0	6	4	12	2	0	0	0	0	0	0	0	0	
1100	43	0	2	4	12	2	0	0	0	0	0	0	0	0	
1101	43	12	4	4	12	2	0	0	0	0	0	0	0	0	
1102	37	10	6	4	12	2	0	0	0	0	0	0	0	0	
1103	43	4	12	4	12	2	0	0	0	0	0	0	0	0	
1104	43	12	0	4	12	2	0	0	0	0	0	0	0	0	
1105	43	2	0	4	12	2	0	0	0	0	0	0	0	0	
1106	43	10	0	4	12	2	0	0	0	0	0	0	0	0	
1107	43	12	8	4	12	2	0	0	0	0	0	0	0	0	
1108	43	8	12	4	12	2	0	0	0	0	0	0	0	0	
1109	42	12	6	4	12	2	0	0	0	0	0	0	0	0	
1110	43	6	0	4	12	2	0	0	0	0	0	0	0	0	
1111	32	1	3	-999	-999	2	0	0	0	0	0	0	0	0	
1132	1132	1112	1112	1116	1116	1120	1120	1124	1124	1128	1128	1134	1134	
1132	1132	1112	1112	1116	1116	1120	1120	1124	1124	1128	1128	1134	1134	
1113	1113	NULL	NULL	NULL	NULL	1136	1136	NULL	NULL	NULL	NULL	1115	1115	
1113	1113	NULL	NULL	NULL	NULL	1136	1136	NULL	NULL	NULL	NULL	1115	1115	
1117	1117	NULL	NULL	NULL	NULL	1137	1137	NULL	NULL	NULL	NULL	1119	1119	
1117	1117	NULL	NULL	NULL	NULL	1137	1137	NULL	NULL	NULL	NULL	1119	1119	
1121	1121	NULL	NULL	NULL	NULL	NULL	1138	1138	NULL	NULL	NULL	1123	1123	
1121	1121	NULL	NULL	NULL	NULL	NULL	1138	1138	NULL	NULL	NULL	1123	1123	
1125	1125	NULL	NULL	NULL	NULL	NULL	NULL	1139	1139	NULL	NULL	1127	1127	
1125	1125	NULL	NULL	NULL	NULL	NULL	NULL	1139	1139	1140	1140	1127	1127	
1129	1129	NULL	NULL	NULL	NULL	NULL	NULL	NULL	NULL	1140	1140	1131	1131	
1129	1129	NULL	NULL	NULL	NULL	NULL	NULL	NULL	NULL	NULL	NULL	1131	1131	
1133	1133	1114	1114	1118	1118	1122	1122	1126	1126	1130	1130	1135	1135	
1133	1133	1114	1114	1118	1118	1122	1122	1126	1126	1130	1130	1135	1135	
1112	43	2	0	1	3	2	0	0	0	0	0	0	0	0	
1113	43	0	2	1	3	2	0	0	0	0	0	0	0	0	
1114	43	2	12	1	3	2	0	0	0	0	0	0	0	0	
1115	43	12	2	1	3	2	0	0	0	0	0	0	0	0	
1116	43	4	0	1	3	2	0	0	0	0	0	0	0	0	
1117	43	0	4	1	3	2	0	0	0	0	0	0	0	0	
1118	43	4	12	1	3	2	0	0	0	0	0	0	0	0	
1119	43	12	4	1	3	2	0	0	0	0	0	0	0	0	
1120	42	6	0	1	3	2	0	0	0	0	0	0	0	0	
1121	43	0	6	1	3	2	0	0	0	0	0	0	0	0	
1122	43	6	12	1	3	2	0	0	0	0	0	0	0	0	
1123	43	12	6	1	3	2	0	0	0	0	0	0	0	0	
1124	43	8	0	1	3	2	0	0	0	0	0	0	0	0	
1125	43	0	8	1	3	2	0	0	0	0	0	0	0	0	
1126	43	8	12	1	3	2	0	0	0	0	0	0	0	0	
1127	43	12	8	1	3	2	0	0	0	0	0	0	0	0	
1128	43	10	0	1	3	2	0	0	0	0	0	0	0	0	
1129	43	0	10	1	3	2	0	0	0	0	0	0	0	0	
1130	43	10	12	1	3	2	0	0	0	0	0	0	0	0	
1131	42	12	10	1	3	2	0	0	0	0	0	0	0	0	
1132	43	0	0	1	3	2	0	0	0	0	0	0	0	0	
1133	43	0	12	1	3	2	0	0	0	0	0	0	0	0	
1134	43	12	0	1	3	2	0	0	0	0	0	0	0	0	
1135	43	12	12	1	3	2	0	0	0	0	0	0	0	0	
1136	37	6	2	1	3	2	0	0	0	0	0	0	0	0	
1137	60	6	4	1	3	2	0	0	0	0	0	0	0	0	
1138	37	7	6	1	3	2	0	0	0	0	0	0	0	0	
1139	64	8	8	1	3	2	0	0	0	0	0	0	0	0	
1140	37	10	9	1	3	2	0	0	0	0	0	0	0	0	
1141	32	3	3	-999	-999	2	0	0	0	0	0	0	0	0	
1163	1163	1159	1159	1155	1155	1151	1151	1147	1147	1143	1143	1162	1162	
1163	1163	1159	1159	1155	1155	1151	1151	1147	1147	1143	1143	1162	1162	
1144	1144	NULL	NULL	NULL	NULL	NULL	NULL	NULL	NULL	NULL	NULL	1142	1142	
1144	1144	NULL	NULL	NULL	NULL	NULL	NULL	NULL	NULL	NULL	NULL	1142	1142	
1148	1148	NULL	NULL	NULL	NULL	NULL	NULL	NULL	NULL	NULL	NULL	1146	1146	
1148	1148	NULL	NULL	NULL	NULL	NULL	NULL	NULL	NULL	NULL	NULL	1146	1146	
1152	1152	NULL	NULL	NULL	NULL	NULL	NULL	1167	1167	1166	1166	1150	1150	
1152	1152	NULL	NULL	NULL	NULL	1168	1168	1167	1167	1166	1166	1150	1150	
1156	1156	NULL	NULL	1169	1169	1168	1168	NULL	NULL	NULL	NULL	1154	1154	
1156	1156	1170	1170	1169	1169	NULL	NULL	NULL	NULL	NULL	NULL	1154	1154	
1160	1160	1170	1170	NULL	NULL	NULL	NULL	NULL	NULL	NULL	NULL	1158	1158	
1160	1160	NULL	NULL	NULL	NULL	NULL	NULL	NULL	NULL	NULL	NULL	1158	1158	
1165	1165	1161	1161	1157	1157	1153	1153	1149	1149	1145	1145	1164	1164	
1165	1165	1161	1161	1157	1157	1153	1153	1149	1149	1145	1145	1164	1164	
1142	43	12	2	3	3	2	0	0	0	0	0	0	0	0	
1143	43	10	0	3	3	2	0	0	0	0	0	0	0	0	
1144	43	0	2	3	3	2	0	0	0	0	0	0	0	0	
1145	43	10	12	3	3	2	0	0	0	0	0	0	0	0	
1146	43	12	4	3	3	2	0	0	0	0	0	0	0	0	
1147	43	8	0	3	3	2	0	0	0	0	0	0	0	0	
1148	43	0	4	3	3	2	0	0	0	0	0	0	0	0	
1149	43	8	12	3	3	2	0	0	0	0	0	0	0	0	
1150	42	12	6	3	3	2	0	0	0	0	0	0	0	0	
1151	43	6	0	3	3	2	0	0	0	0	0	0	0	0	
1152	43	0	6	3	3	2	0	0	0	0	0	0	0	0	
1153	43	6	12	3	3	2	0	0	0	0	0	0	0	0	
1154	43	12	8	3	3	2	0	0	0	0	0	0	0	0	
1155	43	4	0	3	3	2	0	0	0	0	0	0	0	0	
1156	43	0	8	3	3	2	0	0	0	0	0	0	0	0	
1157	43	4	12	3	3	2	0	0	0	0	0	0	0	0	
1158	43	12	10	3	3	2	0	0	0	0	0	0	0	0	
1159	43	2	0	3	3	2	0	0	0	0	0	0	0	0	
1160	42	0	10	3	3	2	0	0	0	0	0	0	0	0	
1161	43	2	12	3	3	2	0	0	0	0	0	0	0	0	
1162	43	12	0	3	3	2	0	0	0	0	0	0	0	0	
1163	43	0	0	3	3	2	0	0	0	0	0	0	0	0	
1164	43	12	12	3	3	2	0	0	0	0	0	0	0	0	
1165	43	0	12	3	3	2	0	0	0	0	0	0	0	0	
1166	37	10	6	3	3	2	0	0	0	0	0	0	0	0	
1167	63	8	6	3	3	2	0	0	0	0	0	0	0	0	
1168	37	6	7	3	3	2	0	0	0	0	0	0	0	0	
1169	64	4	8	3	3	2	0	0	0	0	0	0	0	0	
1170	37	2	9	3	3	2	0	0	0	0	0	0	0	0	
1171	32	5	3	-999	-999	2	0	0	0	0	0	0	0	0	
1192	1192	1173	1173	1177	1177	1181	1181	1185	1185	1189	1189	1193	1193	
1192	1192	1173	1173	1177	1177	1181	1181	1185	1185	1189	1189	1193	1193	
1172	1172	NULL	NULL	NULL	NULL	NULL	NULL	NULL	NULL	NULL	NULL	1174	1174	
1172	1172	NULL	NULL	NULL	NULL	NULL	NULL	NULL	NULL	NULL	NULL	1174	1174	
1176	1176	NULL	NULL	NULL	NULL	NULL	NULL	NULL	NULL	NULL	NULL	1178	1178	
1176	1176	NULL	NULL	NULL	NULL	NULL	NULL	NULL	NULL	NULL	NULL	1178	1178	
1180	1180	1196	1196	1197	1197	NULL	NULL	NULL	NULL	NULL	NULL	1182	1182	
1180	1180	1196	1196	1197	1197	1198	1198	NULL	NULL	NULL	NULL	1182	1182	
1184	1184	NULL	NULL	NULL	NULL	1198	1198	1199	1199	NULL	NULL	1186	1186	
1184	1184	NULL	NULL	NULL	NULL	NULL	NULL	1199	1199	NULL	NULL	1186	1186	
1188	1188	NULL	NULL	NULL	NULL	NULL	NULL	NULL	1200	1200	NULL	1190	1190	
1188	1188	NULL	NULL	NULL	NULL	NULL	NULL	NULL	1200	1200	NULL	1190	1190	
1194	1194	1175	1175	1179	1179	1183	1183	1187	1187	1191	1191	1195	1195	
1194	1194	1175	1175	1179	1179	1183	1183	1187	1187	1191	1191	1195	1195	
1172	43	0	2	5	3	2	0	0	0	0	0	0	0	0	
1173	43	2	0	5	3	2	0	0	0	0	0	0	0	0	
1174	43	12	2	5	3	2	0	0	0	0	0	0	0	0	
1175	43	2	12	5	3	2	0	0	0	0	0	0	0	0	
1176	43	0	4	5	3	2	0	0	0	0	0	0	0	0	
1177	43	4	0	5	3	2	0	0	0	0	0	0	0	0	
1178	43	12	4	5	3	2	0	0	0	0	0	0	0	0	
1179	43	4	12	5	3	2	0	0	0	0	0	0	0	0	
1180	42	0	6	5	3	2	0	0	0	0	0	0	0	0	
1181	43	6	0	5	3	2	0	0	0	0	0	0	0	0	
1182	43	12	6	5	3	2	0	0	0	0	0	0	0	0	
1183	43	6	12	5	3	2	0	0	0	0	0	0	0	0	
1184	43	0	8	5	3	2	0	0	0	0	0	0	0	0	
1185	43	8	0	5	3	2	0	0	0	0	0	0	0	0	
1186	43	12	8	5	3	2	0	0	0	0	0	0	0	0	
1187	43	8	12	5	3	2	0	0	0	0	0	0	0	0	
1188	43	0	10	5	3	2	0	0	0	0	0	0	0	0	
1189	43	10	0	5	3	2	0	0	0	0	0	0	0	0	
1190	43	12	10	5	3	2	0	0	0	0	0	0	0	0	
1191	42	10	12	5	3	2	0	0	0	0	0	0	0	0	
1192	43	0	0	5	3	2	0	0	0	0	0	0	0	0	
1193	43	12	0	5	3	2	0	0	0	0	0	0	0	0	
1194	43	0	12	5	3	2	0	0	0	0	0	0	0	0	
1195	43	12	12	5	3	2	0	0	0	0	0	0	0	0	
1196	37	2	6	5	3	2	0	0	0	0	0	0	0	0	
1197	60	4	6	5	3	2	0	0	0	0	0	0	0	0	
1198	37	6	7	5	3	2	0	0	0	0	0	0	0	0	
1199	64	8	8	5	3	2	0	0	0	0	0	0	0	0	
1200	37	9	10	5	3	2	0	0	0	0	0	0	0	0	
1201	32	6	5	-999	-999	2	0	0	0	0	0	0	0	0	
1225	1225	1220	1220	1216	1216	1212	1212	1208	1208	1204	1204	1223	1223	
1225	1225	1220	1220	1216	1216	1212	1212	1208	1208	1204	1204	1223	1223	
1221	1221	NULL	1230	1230	NULL	NULL	NULL	NULL	NULL	NULL	NULL	1219	1219	
1221	1221	NULL	1230	1230	NULL	NULL	NULL	NULL	NULL	NULL	NULL	1219	1219	
1217	1217	NULL	NULL	1229	1229	NULL	NULL	NULL	NULL	NULL	NULL	1215	1215	
1217	1217	NULL	NULL	1229	1229	NULL	NULL	NULL	NULL	NULL	NULL	1215	1215	
1213	1213	NULL	NULL	NULL	1228	1228	NULL	NULL	NULL	NULL	NULL	1211	1211	
1213	1213	NULL	NULL	NULL	1228	1228	NULL	NULL	NULL	NULL	NULL	1211	1211	
1209	1209	NULL	NULL	NULL	NULL	1227	1227	NULL	NULL	NULL	NULL	1207	1207	
1209	1209	NULL	NULL	NULL	NULL	1227	1227	NULL	NULL	NULL	NULL	1207	1207	
1205	1205	NULL	NULL	NULL	NULL	1226	1226	NULL	NULL	NULL	NULL	1203	1203	
1205	1205	NULL	NULL	NULL	NULL	1226	1226	NULL	NULL	NULL	NULL	1203	1203	
1224	1224	1218	1218	1214	1214	1210	1210	1206	1206	1202	1202	1222	1222	
1224	1224	1218	1218	1214	1214	1210	1210	1206	1206	1202	1202	1222	1222	
1202	43	10	12	6	5	2	0	0	0	0	0	0	0	0	
1203	43	12	10	6	5	2	0	0	0	0	0	0	0	0	
1204	43	10	0	6	5	2	0	0	0	0	0	0	0	0	
1205	43	0	10	6	5	2	0	0	0	0	0	0	0	0	
1206	43	8	12	6	5	2	0	0	0	0	0	0	0	0	
1207	43	12	8	6	5	2	0	0	0	0	0	0	0	0	
1208	43	8	0	6	5	2	0	0	0	0	0	0	0	0	
1209	43	0	8	6	5	2	0	0	0	0	0	0	0	0	
1210	42	6	12	6	5	2	0	0	0	0	0	0	0	0	
1211	43	12	6	6	5	2	0	0	0	0	0	0	0	0	
1212	43	6	0	6	5	2	0	0	0	0	0	0	0	0	
1213	43	0	6	6	5	2	0	0	0	0	0	0	0	0	
1214	43	4	12	6	5	2	0	0	0	0	0	0	0	0	
1215	43	12	4	6	5	2	0	0	0	0	0	0	0	0	
1216	43	4	0	6	5	2	0	0	0	0	0	0	0	0	
1217	43	0	4	6	5	2	0	0	0	0	0	0	0	0	
1218	43	2	12	6	5	2	0	0	0	0	0	0	0	0	
1219	43	12	2	6	5	2	0	0	0	0	0	0	0	0	
1220	42	2	0	6	5	2	0	0	0	0	0	0	0	0	
1221	43	0	2	6	5	2	0	0	0	0	0	0	0	0	
1222	43	12	12	6	5	2	0	0	0	0	0	0	0	0	
1223	43	12	0	6	5	2	0	0	0	0	0	0	0	0	
1224	43	0	12	6	5	2	0	0	0	0	0	0	0	0	
1225	43	0	0	6	5	2	0	0	0	0	0	0	0	0	
1226	37	6	10	6	5	2	0	0	0	0	0	0	0	0	
1227	63	6	8	6	5	2	0	0	0	0	0	0	0	0	
1228	37	5	6	6	5	2	0	0	0	0	0	0	0	0	
1229	64	4	4	6	5	2	0	0	0	0	0	0	0	0	
1230	37	3	2	6	5	2	0	0	0	0	0	0	0	0	
1231	32	6	7	-999	-999	2	0	0	0	0	0	0	0	0	
1254	1254	1248	1248	1244	1244	1240	1240	1236	1236	1232	1232	1252	1252	
1254	1254	1248	1248	1244	1244	1240	1240	1236	1236	1232	1232	1252	1252	
1235	1235	NULL	NULL	NULL	NULL	1256	1256	NULL	NULL	NULL	NULL	1233	1233	
1235	1235	NULL	NULL	NULL	NULL	1256	1256	NULL	NULL	NULL	NULL	1233	1233	
1239	1239	NULL	NULL	NULL	NULL	1257	1257	NULL	NULL	NULL	NULL	1237	1237	
1239	1239	NULL	NULL	NULL	NULL	1257	1257	NULL	NULL	NULL	NULL	1237	1237	
1243	1243	NULL	NULL	NULL	1258	1258	NULL	NULL	NULL	NULL	NULL	1241	1241	
1243	1243	NULL	NULL	NULL	1258	1258	NULL	NULL	NULL	NULL	NULL	1241	1241	
1247	1247	NULL	NULL	1259	1259	NULL	NULL	NULL	NULL	NULL	NULL	1245	1245	
1247	1247	1260	1260	1259	1259	NULL	NULL	NULL	NULL	NULL	NULL	1245	1245	
1251	1251	1260	1260	NULL	NULL	NULL	NULL	NULL	NULL	NULL	NULL	1249	1249	
1251	1251	NULL	NULL	NULL	NULL	NULL	NULL	NULL	NULL	NULL	NULL	1249	1249	
1255	1255	1250	1250	1246	1246	1242	1242	1238	1238	1234	1234	1253	1253	
1255	1255	1250	1250	1246	1246	1242	1242	1238	1238	1234	1234	1253	1253	
1232	43	10	0	6	7	2	0	0	0	0	0	0	0	0	
1233	43	12	2	6	7	2	0	0	0	0	0	0	0	0	
1234	43	10	12	6	7	2	0	0	0	0	0	0	0	0	
1235	43	0	2	6	7	2	0	0	0	0	0	0	0	0	
1236	43	8	0	6	7	2	0	0	0	0	0	0	0	0	
1237	43	12	4	6	7	2	0	0	0	0	0	0	0	0	
1238	43	8	12	6	7	2	0	0	0	0	0	0	0	0	
1239	43	0	4	6	7	2	0	0	0	0	0	0	0	0	
1240	42	6	0	6	7	2	0	0	0	0	0	0	0	0	
1241	43	12	6	6	7	2	0	0	0	0	0	0	0	0	
1242	43	6	12	6	7	2	0	0	0	0	0	0	0	0	
1243	43	0	6	6	7	2	0	0	0	0	0	0	0	0	
1244	43	4	0	6	7	2	0	0	0	0	0	0	0	0	
1245	43	12	8	6	7	2	0	0	0	0	0	0	0	0	
1246	43	4	12	6	7	2	0	0	0	0	0	0	0	0	
1247	43	0	8	6	7	2	0	0	0	0	0	0	0	0	
1248	43	2	0	6	7	2	0	0	0	0	0	0	0	0	
1249	43	12	10	6	7	2	0	0	0	0	0	0	0	0	
1250	43	2	12	6	7	2	0	0	0	0	0	0	0	0	
1251	42	0	10	6	7	2	0	0	0	0	0	0	0	0	
1252	43	12	0	6	7	2	0	0	0	0	0	0	0	0	
1253	43	12	12	6	7	2	0	0	0	0	0	0	0	0	
1254	43	0	0	6	7	2	0	0	0	0	0	0	0	0	
1255	43	0	12	6	7	2	0	0	0	0	0	0	0	0	
1256	37	6	2	6	7	2	0	0	0	0	0	0	0	0	
1257	60	6	4	6	7	2	0	0	0	0	0	0	0	0	
1258	37	5	6	6	7	2	0	0	0	0	0	0	0	0	
1259	64	4	8	6	7	2	0	0	0	0	0	0	0	0	
1260	37	2	9	6	7	2	0	0	0	0	0	0	0	0	
1261	32	4	8	-999	-999	2	0	0	0	0	0	0	0	0	
1284	1284	1265	1265	1269	1269	1273	1273	1277	1277	1281	1281	1285	1285	
1284	1284	1265	1265	1269	1269	1273	1273	1277	1277	1281	1281	1285	1285	
1278	1278	NULL	NULL	NULL	NULL	NULL	NULL	NULL	NULL	NULL	NULL	1280	1280	
1278	1278	NULL	NULL	NULL	NULL	NULL	NULL	NULL	NULL	1290	1290	1280	1280	
1274	1274	NULL	NULL	NULL	NULL	NULL	NULL	1289	1289	1290	1290	1276	1276	
1274	1274	NULL	NULL	NULL	NULL	1288	1288	1289	1289	NULL	NULL	1276	1276	
1270	1270	1286	1286	1287	1287	1288	1288	NULL	NULL	NULL	NULL	1272	1272	
1270	1270	1286	1286	1287	1287	NULL	NULL	NULL	NULL	NULL	NULL	1272	1272	
1266	1266	NULL	NULL	NULL	NULL	NULL	NULL	NULL	NULL	NULL	NULL	1268	1268	
1266	1266	NULL	NULL	NULL	NULL	NULL	NULL	NULL	NULL	NULL	NULL	1268	1268	
1262	1262	NULL	NULL	NULL	NULL	NULL	NULL	NULL	NULL	NULL	NULL	1264	1264	
1262	1262	NULL	NULL	NULL	NULL	NULL	NULL	NULL	NULL	NULL	NULL	1264	1264	
1282	1282	1263	1263	1267	1267	1271	1271	1275	1275	1279	1279	1283	1283	
1282	1282	1263	1263	1267	1267	1271	1271	1275	1275	1279	1279	1283	1283	
1262	43	0	10	4	8	2	0	0	0	0	0	0	0	0	
1263	43	2	12	4	8	2	0	0	0	0	0	0	0	0	
1264	43	12	10	4	8	2	0	0	0	0	0	0	0	0	
1265	43	2	0	4	8	2	0	0	0	0	0	0	0	0	
1266	43	0	8	4	8	2	0	0	0	0	0	0	0	0	
1267	43	4	12	4	8	2	0	0	0	0	0	0	0	0	
1268	43	12	8	4	8	2	0	0	0	0	0	0	0	0	
1269	43	4	0	4	8	2	0	0	0	0	0	0	0	0	
1270	42	0	6	4	8	2	0	0	0	0	0	0	0	0	
1271	43	6	12	4	8	2	0	0	0	0	0	0	0	0	
1272	43	12	6	4	8	2	0	0	0	0	0	0	0	0	
1273	43	6	0	4	8	2	0	0	0	0	0	0	0	0	
1274	43	0	4	4	8	2	0	0	0	0	0	0	0	0	
1275	43	8	12	4	8	2	0	0	0	0	0	0	0	0	
1276	43	12	4	4	8	2	0	0	0	0	0	0	0	0	
1277	43	8	0	4	8	2	0	0	0	0	0	0	0	0	
1278	43	0	2	4	8	2	0	0	0	0	0	0	0	0	
1279	43	10	12	4	8	2	0	0	0	0	0	0	0	0	
1280	42	12	2	4	8	2	0	0	0	0	0	0	0	0	
1281	43	10	0	4	8	2	0	0	0	0	0	0	0	0	
1282	43	0	12	4	8	2	0	0	0	0	0	0	0	0	
1283	43	12	12	4	8	2	0	0	0	0	0	0	0	0	
1284	43	0	0	4	8	2	0	0	0	0	0	0	0	0	
1285	43	12	0	4	8	2	0	0	0	0	0	0	0	0	
1286	37	2	6	4	8	2	0	0	0	0	0	0	0	0	
1287	63	4	6	4	8	2	0	0	0	0	0	0	0	0	
1288	37	6	5	4	8	2	0	0	0	0	0	0	0	0	
1289	64	8	4	4	8	2	0	0	0	0	0	0	0	0	
1290	37	10	3	4	8	2	0	0	0	0	0	0	0	0	
1291	32	2	8	-999	-999	2	0	0	0	0	0	0	0	0	
1315	1315	1311	1311	1307	1307	1303	1303	1299	1299	1295	1295	1314	1314	
1315	1315	1311	1311	1307	1307	1303	1303	1299	1299	1295	1295	1314	1314	
1310	1310	NULL	1320	1320	NULL	NULL	NULL	NULL	NULL	NULL	NULL	1308	1308	
1310	1310	NULL	1320	1320	NULL	NULL	NULL	NULL	NULL	NULL	NULL	1308	1308	
1306	1306	NULL	NULL	1319	1319	NULL	NULL	NULL	NULL	NULL	NULL	1304	1304	
1306	1306	NULL	NULL	1319	1319	1318	1318	NULL	NULL	NULL	NULL	1304	1304	
1302	1302	NULL	NULL	NULL	NULL	1318	1318	1317	1317	1316	1316	1300	1300	
1302	1302	NULL	NULL	NULL	NULL	NULL	NULL	1317	1317	1316	1316	1300	1300	
1298	1298	NULL	NULL	NULL	NULL	NULL	NULL	NULL	NULL	NULL	NULL	1296	1296	
1298	1298	NULL	NULL	NULL	NULL	NULL	NULL	NULL	NULL	NULL	NULL	1296	1296	
1294	1294	NULL	NULL	NULL	NULL	NULL	NULL	NULL	NULL	NULL	NULL	1292	1292	
1294	1294	NULL	NULL	NULL	NULL	NULL	NULL	NULL	NULL	NULL	NULL	1292	1292	
1313	1313	1309	1309	1305	1305	1301	1301	1297	1297	1293	1293	1312	1312	
1313	1313	1309	1309	1305	1305	1301	1301	1297	1297	1293	1293	1312	1312	
1292	43	12	10	2	8	2	0	0	0	0	0	0	0	0	
1293	43	10	12	2	8	2	0	0	0	0	0	0	0	0	
1294	43	0	10	2	8	2	0	0	0	0	0	0	0	0	
1295	43	10	0	2	8	2	0	0	0	0	0	0	0	0	
1296	43	12	8	2	8	2	0	0	0	0	0	0	0	0	
1297	43	8	12	2	8	2	0	0	0	0	0	0	0	0	
1298	43	0	8	2	8	2	0	0	0	0	0	0	0	0	
1299	43	8	0	2	8	2	0	0	0	0	0	0	0	0	
1300	42	12	6	2	8	2	0	0	0	0	0	0	0	0	
1301	43	6	12	2	8	2	0	0	0	0	0	0	0	0	
1302	43	0	6	2	8	2	0	0	0	0	0	0	0	0	
1303	43	6	0	2	8	2	0	0	0	0	0	0	0	0	
1304	43	12	4	2	8	2	0	0	0	0	0	0	0	0	
1305	43	4	12	2	8	2	0	0	0	0	0	0	0	0	
1306	43	0	4	2	8	2	0	0	0	0	0	0	0	0	
1307	43	4	0	2	8	2	0	0	0	0	0	0	0	0	
1308	43	12	2	2	8	2	0	0	0	0	0	0	0	0	
1309	43	2	12	2	8	2	0	0	0	0	0	0	0	0	
1310	43	0	2	2	8	2	0	0	0	0	0	0	0	0	
1311	42	2	0	2	8	2	0	0	0	0	0	0	0	0	
1312	43	12	12	2	8	2	0	0	0	0	0	0	0	0	
1313	43	0	12	2	8	2	0	0	0	0	0	0	0	0	
1314	43	12	0	2	8	2	0	0	0	0	0	0	0	0	
1315	43	0	0	2	8	2	0	0	0	0	0	0	0	0	
1316	37	10	6	2	8	2	0	0	0	0	0	0	0	0	
1317	60	8	6	2	8	2	0	0	0	0	0	0	0	0	
1318	37	6	5	2	8	2	0	0	0	0	0	0	0	0	
1319	64	4	4	2	8	2	0	0	0	0	0	0	0	0	
1320	37	3	2	2	8	2	0	0	0	0	0	0	0	0	
1321	32	1	6	-999	-999	2	0	0	0	0	0	0	0	0	
1344	1344	1325	1325	1329	1329	1333	1333	1337	1337	1341	1341	1345	1345	
1344	1344	1325	1325	1329	1329	1333	1333	1337	1337	1341	1341	1345	1345	
1338	1338	NULL	NULL	NULL	NULL	NULL	NULL	NULL	NULL	NULL	NULL	1340	1340	
1338	1338	NULL	NULL	NULL	NULL	NULL	NULL	NULL	NULL	NULL	NULL	1340	1340	
1334	1334	NULL	NULL	NULL	NULL	NULL	NULL	NULL	NULL	NULL	NULL	1336	1336	
1334	1334	NULL	NULL	NULL	NULL	NULL	NULL	NULL	NULL	NULL	NULL	1336	1336	
1330	1330	NULL	NULL	NULL	NULL	NULL	NULL	NULL	NULL	NULL	NULL	1332	1332	
1330	1330	NULL	NULL	NULL	NULL	NULL	NULL	NULL	NULL	NULL	NULL	1332	1332	
1326	1326	NULL	NULL	1347	1347	1348	1348	1349	1349	NULL	NULL	1328	1328	
1326	1326	NULL	NULL	1347	1347	1348	1348	1349	1349	NULL	NULL	1328	1328	
1322	1322	NULL	1346	1346	NULL	NULL	NULL	NULL	1350	1350	NULL	1324	1324	
1322	1322	NULL	1346	1346	NULL	NULL	NULL	NULL	1350	1350	NULL	1324	1324	
1342	1342	1323	1323	1327	1327	1331	1331	1335	1335	1339	1339	1343	1343	
1342	1342	1323	1323	1327	1327	1331	1331	1335	1335	1339	1339	1343	1343	
1322	43	0	10	1	6	2	0	0	0	0	0	0	0	0	
1323	42	2	12	1	6	2	0	0	0	0	0	0	0	0	
1324	43	12	10	1	6	2	0	0	0	0	0	0	0	0	
1325	43	2	0	1	6	2	0	0	0	0	0	0	0	0	
1326	43	0	8	1	6	2	0	0	0	0	0	0	0	0	
1327	43	4	12	1	6	2	0	0	0	0	0	0	0	0	
1328	43	12	8	1	6	2	0	0	0	0	0	0	0	0	
1329	43	4	0	1	6	2	0	0	0	0	0	0	0	0	
1330	43	0	6	1	6	2	0	0	0	0	0	0	0	0	
1331	43	6	12	1	6	2	0	0	0	0	0	0	0	0	
1332	43	12	6	1	6	2	0	0	0	0	0	0	0	0	
1333	43	6	0	1	6	2	0	0	0	0	0	0	0	0	
1334	43	0	4	1	6	2	0	0	0	0	0	0	0	0	
1335	43	8	12	1	6	2	0	0	0	0	0	0	0	0	
1336	43	12	4	1	6	2	0	0	0	0	0	0	0	0	
1337	43	8	0	1	6	2	0	0	0	0	0	0	0	0	
1338	43	0	2	1	6	2	0	0	0	0	0	0	0	0	
1339	42	10	12	1	6	2	0	0	0	0	0	0	0	0	
1340	43	12	2	1	6	2	0	0	0	0	0	0	0	0	
1341	43	10	0	1	6	2	0	0	0	0	0	0	0	0	
1342	43	0	12	1	6	2	0	0	0	0	0	0	0	0	
1343	43	12	12	1	6	2	0	0	0	0	0	0	0	0	
1344	43	0	0	1	6	2	0	0	0	0	0	0	0	0	
1345	43	12	0	1	6	2	0	0	0	0	0	0	0	0	
1346	37	3	10	1	6	2	0	0	0	0	0	0	0	0	
1347	62	4	8	1	6	2	0	0	0	0	0	0	0	0	
1348	37	6	8	1	6	2	0	0	0	0	0	0	0	0	
1349	61	8	8	1	6	2	0	0	0	0	0	0	0	0	
1350	37	9	10	1	6	2	0	0	0	0	0	0	0	0	
NULL	NULL	NULL	NULL	NULL	961	961	931	931	NULL	172	172	0	0	90	90	534	534	30	30	141	141	630	630	
NULL	191	191	991	991	961	961	931	931	NULL	172	172	0	0	90	90	534	534	30	30	141	141	630	630	
NULL	191	191	991	991	NULL	NULL	901	901	NULL	171	171	626	626	627	627	624	624	625	625	628	628	629	629	
NULL	1111	1111	1141	1141	1171	1171	901	901	NULL	171	171	626	626	627	627	624	624	625	625	628	628	629	629	
NULL	1111	1111	1141	1141	1171	1171	NULL	203	203	202	202	201	201	811	811	781	781	751	751	721	721	NULL	NULL	
NULL	NULL	NULL	NULL	NULL	NULL	1201	1201	203	203	202	202	201	201	811	811	781	781	751	751	721	721	NULL	NULL	
NULL	1321	1321	NULL	NULL	NULL	1201	1201	NULL	NULL	169	169	871	871	841	841	NULL	NULL	661	661	691	691	NULL	NULL	
NULL	1321	1321	NULL	NULL	NULL	1231	1231	NULL	NULL	169	169	871	871	841	841	190	190	661	661	691	691	NULL	NULL	
351	351	1291	1291	1261	1261	1231	1231	NULL	NULL	168	168	NULL	NULL	NULL	NULL	190	190	631	631	193	193	NULL	NULL	
351	351	1291	1291	1261	1261	NULL	NULL	NULL	NULL	168	168	NULL	NULL	NULL	NULL	NULL	NULL	631	631	193	193	NULL	NULL	
352	352	175	175	174	174	173	173	163	163	154	154	162	162	157	157	158	158	177	177	189	189	178	178	
352	352	175	175	174	174	173	173	163	163	154	154	162	162	157	157	158	158	177	177	189	189	178	178	
353	353	1021	1021	1081	1081	1051	1051	153	153	152	152	151	151	150	150	159	159	NULL	NULL	194	194	NULL	NULL	
353	353	1021	1021	1081	1081	1051	1051	153	153	152	152	151	151	150	150	159	159	NULL	NULL	194	194	594	594	
NULL	NULL	NULL	NULL	NULL	NULL	NULL	NULL	155	155	164	164	156	156	161	161	160	160	NULL	NULL	NULL	NULL	594	594	
NULL	NULL	NULL	NULL	NULL	NULL	NULL	NULL	155	155	164	164	156	156	161	161	160	160	NULL	NULL	NULL	NULL	564	564	
183	183	176	176	187	187	170	170	181	181	NULL	NULL	NULL	NULL	NULL	NULL	185	185	NULL	NULL	60	60	564	564	
183	183	176	176	187	187	170	170	181	181	NULL	NULL	NULL	NULL	NULL	NULL	185	185	NULL	NULL	60	60	504	504	
NULL	NULL	NULL	NULL	NULL	324	324	NULL	182	182	192	192	354	354	NULL	NULL	186	186	197	197	474	474	504	504	
NULL	NULL	NULL	NULL	NULL	324	324	NULL	182	182	192	192	354	354	NULL	NULL	186	186	197	197	474	474	444	444	
NULL	204	204	NULL	294	294	199	199	198	198	167	167	384	384	414	414	195	195	179	179	196	196	444	444	
NULL	204	204	NULL	294	294	199	199	198	198	167	167	384	384	414	414	195	195	179	179	196	196	NULL	NULL	
180	180	234	234	264	264	NULL	NULL	184	184	NULL	NULL	NULL	NULL	NULL	NULL	NULL	NULL	188	188	NULL	NULL	NULL	NULL	
180	180	234	234	264	264	NULL	NULL	184	184	NULL	NULL	NULL	NULL	NULL	NULL	NULL	NULL	188	188	NULL	NULL	NULL	NULL	
