101
0	0	0	12	-999	-999	2	0	2	1000	0	0	0	0	0	
1	12	22	10	-999	-999	2	100000	0	0	0	0	0	0	0	
2	37	2	12	-999	-999	2	0	0	0	5	0	0	0	0	
3	37	22	8	-999	-999	2	0	0	0	8	0	0	0	0	
4	37	8	16	-999	-999	2	0	0	0	7	0	0	0	0	
5	40	0	10	-999	-999	2	0	0	0	0	0	0	0	0	
6	40	0	14	-999	-999	2	0	0	0	0	0	0	0	0	
7	37	6	16	-999	-999	2	0	0	0	9	0	0	0	0	
8	40	20	10	-999	-999	2	0	0	0	0	0	0	0	0	
9	37	4	16	-999	-999	2	0	0	0	7	0	0	0	0	
10	40	20	12	-999	-999	2	0	0	0	0	0	0	0	0	
11	40	22	12	-999	-999	2	0	0	0	0	0	0	0	0	
12	37	4	8	-999	-999	2	0	0	0	2	0	0	0	0	
13	37	6	8	-999	-999	2	0	0	0	3	0	0	0	0	
14	37	8	8	-999	-999	2	0	0	0	21	0	0	0	0	
15	37	10	8	-999	-999	2	0	0	0	4	0	0	0	0	
16	37	10	10	-999	-999	2	0	0	0	4	0	0	0	0	
17	37	10	12	-999	-999	2	0	0	0	5	0	0	0	0	
18	37	10	14	-999	-999	2	0	0	0	6	0	0	0	0	
19	37	10	16	-999	-999	2	0	0	0	7	0	0	0	0	
20	37	2	8	-999	-999	2	0	0	0	1	0	0	0	0	
21	37	2	16	-999	-999	2	0	0	0	8	0	0	0	0	
22	37	1	6	-999	-999	2	0	0	0	3	0	0	0	0	
23	37	4	6	-999	-999	2	0	0	0	2	0	0	0	0	
24	37	7	6	-999	-999	2	0	0	0	3	0	0	0	0	
25	37	12	7	-999	-999	2	0	0	0	32	0	0	0	0	
26	37	12	9	-999	-999	2	0	0	0	5	0	0	0	0	
27	37	12	12	-999	-999	2	0	0	0	5	0	0	0	0	
28	37	12	15	-999	-999	2	0	0	0	5	0	0	0	0	
29	37	11	18	-999	-999	2	0	0	0	4	0	0	0	0	
30	37	9	18	-999	-999	2	0	0	0	5	0	0	0	0	
31	37	5	18	-999	-999	2	0	0	0	5	0	0	0	0	
32	37	2	18	-999	-999	2	0	0	0	8	0	0	0	0	
33	37	9	6	-999	-999	2	0	0	0	4	0	0	0	0	
34	37	7	18	-999	-999	2	0	0	0	7	0	0	0	0	
35	37	11	5	-999	-999	2	0	0	0	3	0	0	0	0	
36	37	8	4	-999	-999	2	0	0	0	4	0	0	0	0	
37	37	10	3	-999	-999	2	0	0	0	7	0	0	0	0	
38	37	14	6	-999	-999	2	0	0	0	2	0	0	0	0	
39	37	14	9	-999	-999	2	0	0	0	4	0	0	0	0	
40	37	14	11	-999	-999	2	0	0	0	2	0	0	0	0	
41	37	14	15	-999	-999	2	0	0	0	5	0	0	0	0	
42	37	14	13	-999	-999	2	0	0	0	2	0	0	0	0	
43	37	13	17	-999	-999	2	0	0	0	3	0	0	0	0	
44	37	2	4	-999	-999	2	0	0	0	3	0	0	0	0	
45	37	4	4	-999	-999	2	0	0	0	5	0	0	0	0	
46	37	6	4	-999	-999	2	0	0	0	5	0	0	0	0	
47	37	3	2	-999	-999	2	0	0	0	4	0	0	0	0	
48	37	5	1	-999	-999	2	0	0	0	6	0	0	0	0	
49	37	7	2	-999	-999	2	0	0	0	4	0	0	0	0	
50	37	9	1	-999	-999	2	0	0	0	5	0	0	0	0	
51	37	12	3	-999	-999	2	0	0	0	4	0	0	0	0	
52	37	14	4	-999	-999	2	0	0	0	3	0	0	0	0	
53	37	11	1	-999	-999	2	0	0	0	5	0	0	0	0	
54	37	13	1	-999	-999	2	0	0	0	5	0	0	0	0	
55	37	15	2	-999	-999	2	0	0	0	6	0	0	0	0	
56	37	16	8	-999	-999	2	0	0	0	2	0	0	0	0	
57	37	18	7	-999	-999	2	0	0	0	3	0	0	0	0	
58	37	20	8	-999	-999	2	0	0	0	4	0	0	0	0	
59	37	21	6	-999	-999	2	0	0	0	7	0	0	0	0	
60	37	19	5	-999	-999	2	0	0	0	6	0	0	0	0	
61	37	2	22	-999	-999	2	0	0	0	4	0	0	0	0	
62	37	17	3	-999	-999	2	0	0	0	5	0	0	0	0	
63	37	19	3	-999	-999	2	0	0	0	8	0	0	0	0	
64	37	21	4	-999	-999	2	0	0	0	2	0	0	0	0	
65	37	17	1	-999	-999	2	0	0	0	10	0	0	0	0	
66	37	19	1	-999	-999	2	0	0	0	11	0	0	0	0	
67	37	21	2	-999	-999	2	0	0	0	12	0	0	0	0	
68	37	16	10	-999	-999	2	0	0	0	12	0	0	0	0	
69	37	18	10	-999	-999	2	0	0	0	11	0	0	0	0	
70	37	17	12	-999	-999	2	0	0	0	3	0	0	0	0	
71	37	16	14	-999	-999	2	0	0	0	12	0	0	0	0	
72	37	18	15	-999	-999	2	0	0	0	12	0	0	0	0	
73	37	20	14	-999	-999	2	0	0	0	10	0	0	0	0	
74	37	22	15	-999	-999	2	0	0	0	12	0	0	0	0	
75	37	16	16	-999	-999	2	0	0	0	9	0	0	0	0	
76	37	18	17	-999	-999	2	0	0	0	6	0	0	0	0	
77	37	20	16	-999	-999	2	0	0	0	4	0	0	0	0	
78	37	22	18	-999	-999	2	0	0	0	12	0	0	0	0	
79	37	20	18	-999	-999	2	0	0	0	2	0	0	0	0	
80	37	21	20	-999	-999	2	0	0	0	1	0	0	0	0	
81	37	18	19	-999	-999	2	0	0	0	2	0	0	0	0	
82	37	15	18	-999	-999	2	0	0	0	7	0	0	0	0	
83	37	16	20	-999	-999	2	0	0	0	4	0	0	0	0	
84	37	19	21	-999	-999	2	0	0	0	4	0	0	0	0	
85	37	17	22	-999	-999	2	0	0	0	4	0	0	0	0	
86	37	15	22	-999	-999	2	0	0	0	5	0	0	0	0	
87	37	14	20	-999	-999	2	0	0	0	7	0	0	0	0	
88	37	13	22	-999	-999	2	0	0	0	1	0	0	0	0	
89	37	12	20	-999	-999	2	0	0	0	5	0	0	0	0	
90	37	9	20	-999	-999	2	0	0	0	8	0	0	0	0	
91	37	16	6	-999	-999	2	0	0	0	11	0	0	0	0	
92	37	11	22	-999	-999	2	0	0	0	3	0	0	0	0	
93	37	7	20	-999	-999	2	0	0	0	5	0	0	0	0	
94	37	6	22	-999	-999	2	0	0	0	3	0	0	0	0	
95	37	2	20	-999	-999	2	0	0	0	5	0	0	0	0	
96	37	4	20	-999	-999	2	0	0	0	8	0	0	0	0	
97	37	4	22	-999	-999	2	0	0	0	5	0	0	0	0	
98	37	9	22	-999	-999	2	0	0	0	5	0	0	0	0	
99	37	4	12	-999	-999	2	0	0	0	0	0	0	0	0	
100	37	3	14	-999	-999	2	0	0	0	0	0	0	0	0	
NULL	NULL	NULL	NULL	NULL	NULL	NULL	NULL	NULL	NULL	NULL	NULL	NULL	NULL	NULL	NULL	NULL	NULL	NULL	NULL	NULL	NULL	NULL	NULL	
NULL	NULL	NULL	NULL	NULL	48	48	NULL	NULL	50	50	53	53	54	54	NULL	NULL	65	65	66	66	NULL	NULL	NULL	
NULL	NULL	NULL	47	47	48	48	49	49	50	50	53	53	54	54	55	55	65	65	66	66	67	67	NULL	
NULL	NULL	NULL	47	47	NULL	NULL	49	49	NULL	37	37	51	51	NULL	55	55	62	62	63	63	67	67	NULL	
NULL	NULL	44	44	45	45	46	46	36	36	37	37	51	51	52	52	NULL	62	62	63	63	64	64	NULL	
NULL	NULL	44	44	45	45	46	46	36	36	NULL	35	35	NULL	52	52	NULL	NULL	NULL	60	60	64	64	NULL	
NULL	22	22	NULL	23	23	NULL	24	24	33	33	35	35	NULL	38	38	91	91	NULL	60	60	59	59	NULL	
NULL	22	22	NULL	23	23	NULL	24	24	33	33	NULL	25	25	38	38	91	91	57	57	NULL	59	59	NULL	
NULL	NULL	20	20	12	12	13	13	14	14	15	15	25	25	NULL	NULL	56	56	57	57	58	58	3	3	
NULL	NULL	20	20	12	12	13	13	14	14	15	15	26	26	39	39	56	56	NULL	NULL	58	58	3	3	
5	5	NULL	NULL	NULL	NULL	NULL	NULL	NULL	NULL	16	16	26	26	39	39	68	68	69	69	8	8	1	1	
5	5	NULL	NULL	NULL	NULL	NULL	NULL	NULL	NULL	16	16	NULL	NULL	40	40	68	68	69	69	8	8	1	1	
0	0	2	2	99	99	NULL	NULL	NULL	NULL	17	17	27	27	40	40	NULL	70	70	NULL	10	10	11	11	
0	0	2	2	99	99	NULL	NULL	NULL	NULL	17	17	27	27	42	42	NULL	70	70	NULL	10	10	11	11	
6	6	NULL	100	100	NULL	NULL	NULL	NULL	NULL	18	18	NULL	NULL	42	42	71	71	NULL	NULL	73	73	NULL	NULL	
6	6	NULL	100	100	NULL	NULL	NULL	NULL	NULL	18	18	28	28	41	41	71	71	72	72	73	73	74	74	
NULL	NULL	21	21	9	9	7	7	4	4	19	19	28	28	41	41	75	75	72	72	77	77	74	74	
NULL	NULL	21	21	9	9	7	7	4	4	19	19	NULL	43	43	NULL	75	75	76	76	77	77	NULL	NULL	
NULL	NULL	32	32	NULL	31	31	34	34	30	30	29	29	43	43	82	82	NULL	76	76	79	79	78	78	
NULL	NULL	32	32	NULL	31	31	34	34	30	30	29	29	NULL	NULL	82	82	NULL	81	81	79	79	78	78	
NULL	NULL	95	95	96	96	NULL	93	93	90	90	NULL	89	89	87	87	83	83	81	81	NULL	80	80	NULL	
NULL	NULL	95	95	96	96	NULL	93	93	90	90	NULL	89	89	87	87	83	83	NULL	84	84	80	80	NULL	
NULL	NULL	61	61	97	97	94	94	NULL	98	98	92	92	88	88	86	86	85	85	84	84	NULL	NULL	NULL	
NULL	NULL	61	61	97	97	94	94	NULL	98	98	92	92	88	88	86	86	85	85	NULL	NULL	NULL	NULL	NULL	
