220
0	0	11	20	-999	-999	2	0	2	1000	0	0	0	0	0	
1	0	2	11	-999	-999	2	0	2	1000	0	0	0	0	0	
2	0	11	2	-999	-999	2	0	2	1000	0	0	0	0	0	
3	0	20	11	-999	-999	2	0	2	1000	0	0	0	0	0	
4	32	11	11	-999	-999	2	0	0	0	0	0	0	0	0	
25	25	5	5	9	9	13	13	17	17	21	21	27	27	
25	25	5	5	9	9	13	13	17	17	21	21	27	27	
6	6	29	29	30	30	31	31	32	32	33	33	8	8	
6	6	29	29	30	30	31	31	32	32	33	33	8	8	
10	10	44	44	45	45	46	46	47	47	34	34	12	12	
10	10	44	44	45	45	46	46	47	47	34	34	12	12	
14	14	43	43	52	52	53	53	48	48	35	35	16	16	
14	14	43	43	52	52	53	53	48	48	35	35	16	16	
18	18	42	42	51	51	50	50	49	49	36	36	20	20	
18	18	42	42	51	51	50	50	49	49	36	36	20	20	
22	22	41	41	40	40	39	39	38	38	37	37	24	24	
22	22	41	41	40	40	39	39	38	38	37	37	24	24	
26	26	7	7	11	11	15	15	19	19	23	23	28	28	
26	26	7	7	11	11	15	15	19	19	23	23	28	28	
5	42	2	0	11	11	2	1	0	0	0	0	0	0	0	
6	42	0	2	11	11	2	11	0	0	0	0	0	0	0	
7	42	2	12	11	11	2	1	0	0	0	0	0	0	0	
8	42	12	2	11	11	2	1	0	0	0	0	0	0	0	
9	42	4	0	11	11	2	1	0	0	0	0	0	0	0	
10	42	0	4	11	11	2	11	0	0	0	0	0	0	0	
11	42	4	12	11	11	2	11	0	0	0	0	0	0	0	
12	42	12	4	11	11	2	1	0	0	0	0	0	0	0	
13	42	6	0	11	11	2	1	0	0	0	0	0	0	0	
14	42	0	6	11	11	2	11	0	0	0	0	0	0	0	
15	42	6	12	11	11	2	1	0	0	0	0	0	0	0	
16	42	12	6	11	11	2	1	0	0	0	0	0	0	0	
17	42	8	0	11	11	2	1	0	0	0	0	0	0	0	
18	42	0	8	11	11	2	1111	0	0	0	0	0	0	0	
19	42	8	12	11	11	2	1	0	0	0	0	0	0	0	
20	42	12	8	11	11	2	1	0	0	0	0	0	0	0	
21	42	10	0	11	11	2	1	0	0	0	0	0	0	0	
22	42	0	10	11	11	2	1	0	0	0	0	0	0	0	
23	42	10	12	11	11	2	1	0	0	0	0	0	0	0	
24	42	12	10	11	11	2	1	0	0	0	0	0	0	0	
25	42	0	0	11	11	2	1	0	0	0	0	0	0	0	
26	43	0	12	11	11	2	0	0	0	0	0	0	0	0	
27	43	12	0	11	11	2	0	0	0	0	0	0	0	0	
28	43	12	12	11	11	2	0	0	0	0	0	0	0	0	
29	73	2	2	11	11	2	100	8	1	0	0	0	0	0	
30	73	4	2	11	11	2	0	5	1	0	0	0	0	0	
31	73	6	2	11	11	2	0	5	1	0	0	0	0	0	
32	73	8	2	11	11	2	0	5	1	0	0	0	0	0	
33	73	10	2	11	11	2	0	5	1	0	0	0	0	0	
34	73	10	4	11	11	2	0	5	1	0	0	0	0	0	
35	73	10	6	11	11	2	0	5	1	0	0	0	0	0	
36	73	10	8	11	11	2	0	5	1	0	0	0	0	0	
37	73	10	10	11	11	2	0	5	1	0	0	0	0	0	
38	73	8	10	11	11	2	0	5	1	0	0	0	0	0	
39	73	6	10	11	11	2	0	5	1	0	0	0	0	0	
40	73	4	10	11	11	2	0	5	1	0	0	0	0	0	
41	73	2	10	11	11	2	0	5	1	0	0	0	0	0	
42	73	2	8	11	11	2	0	5	1	0	0	0	0	0	
43	73	2	6	11	11	2	0	5	1	0	0	0	0	0	
44	73	2	4	11	11	2	0	5	1	0	0	0	0	0	
45	73	4	4	11	11	2	0	5	1	0	0	0	0	0	
46	73	6	4	11	11	2	0	5	1	0	0	0	0	0	
47	73	8	4	11	11	2	0	5	1	0	0	0	0	0	
48	73	8	6	11	11	2	0	5	1	0	0	0	0	0	
49	73	8	8	11	11	2	0	5	1	0	0	0	0	0	
50	73	6	8	11	11	2	0	5	1	0	0	0	0	0	
51	73	4	8	11	11	2	0	5	1	0	0	0	0	0	
52	73	4	6	11	11	2	0	5	1	0	0	0	0	0	
53	73	6	6	11	11	2	0	5	1	0	0	0	0	0	
54	0	20	14	-999	-999	2	0	2	1000	0	0	0	0	0	
55	0	5	2	-999	-999	2	0	2	1000	0	0	0	0	0	
56	0	5	20	-999	-999	2	0	2	1000	0	0	0	0	0	
57	0	2	17	-999	-999	2	0	2	1000	0	0	0	0	0	
58	0	20	17	-999	-999	2	0	2	1000	0	0	0	0	0	
59	0	14	2	-999	-999	2	0	2	1000	0	0	0	0	0	
60	0	2	8	-999	-999	2	0	2	1000	0	0	0	0	0	
61	0	20	8	-999	-999	2	0	2	1000	0	0	0	0	0	
62	0	2	5	-999	-999	2	0	2	1000	0	0	0	0	0	
63	0	14	20	-999	-999	2	0	2	1000	0	0	0	0	0	
64	0	2	14	-999	-999	2	0	2	1000	0	0	0	0	0	
65	0	8	2	-999	-999	2	0	2	1000	0	0	0	0	0	
66	0	17	2	-999	-999	2	0	2	1000	0	0	0	0	0	
67	0	8	20	-999	-999	2	0	2	1000	0	0	0	0	0	
68	0	17	20	-999	-999	2	0	2	1000	0	0	0	0	0	
69	0	20	5	-999	-999	2	0	2	1000	0	0	0	0	0	
70	39	10	10	13	11	2	0	0	0	0	0	0	0	0	
71	39	6	10	13	11	2	0	0	0	0	0	0	0	0	
72	39	2	10	13	11	2	0	0	0	0	0	0	0	0	
73	39	4	10	13	11	2	0	0	0	0	0	0	0	0	
74	39	8	10	13	11	2	0	0	0	0	0	0	0	0	
75	32	17	11	-999	-999	2	0	0	0	0	0	0	0	0	
96	96	76	76	80	80	84	84	88	88	92	92	98	98	
96	96	76	76	80	80	84	84	88	88	92	92	98	98	
77	77	108	108	107	107	106	106	105	105	100	100	79	79	
77	77	108	108	107	107	106	106	105	105	100	100	79	79	
81	81	109	109	110	110	111	111	112	112	101	101	83	83	
81	81	109	109	110	110	111	111	112	112	101	101	83	83	
85	85	116	116	115	115	114	114	113	113	102	102	87	87	
85	85	116	116	115	115	114	114	113	113	102	102	87	87	
89	89	117	117	118	118	119	119	120	120	103	103	91	91	
89	89	117	117	118	118	119	119	120	120	103	103	91	91	
93	93	124	124	123	123	122	122	121	121	104	104	95	95	
93	93	124	124	123	123	122	122	121	121	104	104	95	95	
97	97	78	78	82	82	86	86	90	90	94	94	99	99	
97	97	78	78	82	82	86	86	90	90	94	94	99	99	
76	43	2	0	17	11	2	0	0	0	0	0	0	0	0	
77	42	0	2	17	11	2	1	0	0	0	0	0	0	0	
78	43	2	12	17	11	2	0	0	0	0	0	0	0	0	
79	43	12	2	17	11	2	0	0	0	0	0	0	0	0	
80	43	4	0	17	11	2	0	0	0	0	0	0	0	0	
81	42	0	4	17	11	2	1	0	0	0	0	0	0	0	
82	43	4	12	17	11	2	0	0	0	0	0	0	0	0	
83	43	12	4	17	11	2	0	0	0	0	0	0	0	0	
84	43	6	0	17	11	2	0	0	0	0	0	0	0	0	
85	42	0	6	17	11	2	1	0	0	0	0	0	0	0	
86	43	6	12	17	11	2	0	0	0	0	0	0	0	0	
87	43	12	6	17	11	2	0	0	0	0	0	0	0	0	
88	43	8	0	17	11	2	0	0	0	0	0	0	0	0	
89	42	0	8	17	11	2	1	0	0	0	0	0	0	0	
90	43	8	12	17	11	2	0	0	0	0	0	0	0	0	
91	43	12	8	17	11	2	0	0	0	0	0	0	0	0	
92	43	10	0	17	11	2	0	0	0	0	0	0	0	0	
93	42	0	10	17	11	2	1	0	0	0	0	0	0	0	
94	43	10	12	17	11	2	0	0	0	0	0	0	0	0	
95	43	12	10	17	11	2	0	0	0	0	0	0	0	0	
96	43	0	0	17	11	2	0	0	0	0	0	0	0	0	
97	43	0	12	17	11	2	0	0	0	0	0	0	0	0	
98	43	12	0	17	11	2	0	0	0	0	0	0	0	0	
99	43	12	12	17	11	2	0	0	0	0	0	0	0	0	
100	27	10	2	17	11	2	0	0	0	0	0	0	0	0	
101	28	10	4	17	11	2	2	0	0	0	0	0	0	0	
102	29	10	6	17	11	2	3	0	0	0	0	0	0	0	
103	30	10	8	17	11	2	4	0	0	0	0	0	0	0	
104	31	10	10	17	11	2	5	0	0	0	0	0	0	0	
105	39	8	2	17	11	2	1	0	0	0	0	0	0	0	
106	39	6	2	17	11	2	1	0	0	0	0	0	0	0	
107	39	4	2	17	11	2	1	0	0	0	0	0	0	0	
108	39	2	2	17	11	2	11	0	0	0	0	0	0	0	
109	39	2	4	17	11	2	1	0	0	0	0	0	0	0	
110	39	4	4	17	11	2	1	0	0	0	0	0	0	0	
111	39	6	4	17	11	2	1	0	0	0	0	0	0	0	
112	39	8	4	17	11	2	1	0	0	0	0	0	0	0	
113	39	8	6	17	11	2	1	0	0	0	0	0	0	0	
114	39	6	6	17	11	2	1	0	0	0	0	0	0	0	
115	39	4	6	17	11	2	1	0	0	0	0	0	0	0	
116	39	2	6	17	11	2	1	0	0	0	0	0	0	0	
117	39	2	8	17	11	2	1	0	0	0	0	0	0	0	
118	39	4	8	17	11	2	1	0	0	0	0	0	0	0	
119	39	6	8	17	11	2	1	0	0	0	0	0	0	0	
120	39	8	8	17	11	2	1	0	0	0	0	0	0	0	
121	39	8	10	17	11	2	1	0	0	0	0	0	0	0	
122	39	6	10	17	11	2	1	0	0	0	0	0	0	0	
123	39	4	10	17	11	2	1	0	0	0	0	0	0	0	
124	39	2	10	17	11	2	1	0	0	0	0	0	0	0	
125	32	15	11	-999	-999	2	0	0	0	0	0	0	0	0	
146	146	126	126	130	130	134	134	138	138	142	142	148	148	
146	146	126	126	130	130	134	134	138	138	142	142	148	148	
127	127	150	150	151	151	152	152	153	153	154	154	129	129	
127	127	150	150	151	151	152	152	153	153	154	154	129	129	
131	131	159	159	166	166	167	167	174	174	155	155	133	133	
131	131	159	159	166	166	167	167	174	174	155	155	133	133	
135	135	160	160	165	165	168	168	173	173	156	156	137	137	
135	135	160	160	165	165	168	168	173	173	156	156	137	137	
139	139	161	161	164	164	169	169	172	172	157	157	141	141	
139	139	161	161	164	164	169	169	172	172	157	157	141	141	
143	143	162	162	163	163	170	170	171	171	158	158	145	145	
143	143	162	162	163	163	170	170	171	171	158	158	145	145	
147	147	128	128	132	132	136	136	140	140	144	144	149	149	
147	147	128	128	132	132	136	136	140	140	144	144	149	149	
126	43	2	0	15	11	2	0	0	0	0	0	0	0	0	
127	42	0	2	15	11	2	1	0	0	0	0	0	0	0	
128	43	2	12	15	11	2	0	0	0	0	0	0	0	0	
129	42	12	2	15	11	2	1	0	0	0	0	0	0	0	
130	43	4	0	15	11	2	0	0	0	0	0	0	0	0	
131	42	0	4	15	11	2	1	0	0	0	0	0	0	0	
132	43	4	12	15	11	2	0	0	0	0	0	0	0	0	
133	42	12	4	15	11	2	1	0	0	0	0	0	0	0	
134	43	6	0	15	11	2	0	0	0	0	0	0	0	0	
135	42	0	6	15	11	2	1	0	0	0	0	0	0	0	
136	43	6	12	15	11	2	0	0	0	0	0	0	0	0	
137	42	12	6	15	11	2	1	0	0	0	0	0	0	0	
138	43	8	0	15	11	2	0	0	0	0	0	0	0	0	
139	42	0	8	15	11	2	1	0	0	0	0	0	0	0	
140	43	8	12	15	11	2	0	0	0	0	0	0	0	0	
141	42	12	8	15	11	2	1	0	0	0	0	0	0	0	
142	43	10	0	15	11	2	0	0	0	0	0	0	0	0	
143	42	0	10	15	11	2	1	0	0	0	0	0	0	0	
144	43	10	12	15	11	2	0	0	0	0	0	0	0	0	
145	42	12	10	15	11	2	1	0	0	0	0	0	0	0	
146	43	0	0	15	11	2	0	0	0	0	0	0	0	0	
147	43	0	12	15	11	2	0	0	0	0	0	0	0	0	
148	43	12	0	15	11	2	0	0	0	0	0	0	0	0	
149	43	12	12	15	11	2	0	0	0	0	0	0	0	0	
150	39	2	2	15	11	2	1	0	0	0	0	0	0	0	
151	39	4	2	15	11	2	1	0	0	0	0	0	0	0	
152	39	6	2	15	11	2	1	0	0	0	0	0	0	0	
153	39	8	2	15	11	2	1	0	0	0	0	0	0	0	
154	39	10	2	15	11	2	1	0	0	0	0	0	0	0	
155	39	10	4	15	11	2	1	0	0	0	0	0	0	0	
156	39	10	6	15	11	2	1	0	0	0	0	0	0	0	
157	39	10	8	15	11	2	1	0	0	0	0	0	0	0	
158	39	10	10	15	11	2	1	0	0	0	0	0	0	0	
159	39	2	4	15	11	2	1	0	0	0	0	0	0	0	
160	39	2	6	15	11	2	1	0	0	0	0	0	0	0	
161	39	2	8	15	11	2	1	0	0	0	0	0	0	0	
162	39	2	10	15	11	2	1	0	0	0	0	0	0	0	
163	39	4	10	15	11	2	1	0	0	0	0	0	0	0	
164	39	4	8	15	11	2	1	0	0	0	0	0	0	0	
165	39	4	6	15	11	2	1	0	0	0	0	0	0	0	
166	39	4	4	15	11	2	1	0	0	0	0	0	0	0	
167	39	6	4	15	11	2	1	0	0	0	0	0	0	0	
168	39	6	6	15	11	2	1	0	0	0	0	0	0	0	
169	39	6	8	15	11	2	1	0	0	0	0	0	0	0	
170	39	6	10	15	11	2	1	0	0	0	0	0	0	0	
171	39	8	10	15	11	2	1	0	0	0	0	0	0	0	
172	39	8	8	15	11	2	1	0	0	0	0	0	0	0	
173	39	8	6	15	11	2	1	0	0	0	0	0	0	0	
174	39	8	4	15	11	2	1	0	0	0	0	0	0	0	
175	32	13	11	-999	-999	2	0	0	0	0	0	0	0	0	
196	196	176	176	180	180	184	184	188	188	192	192	198	198	
196	196	176	176	180	180	184	184	188	188	192	192	198	198	
177	177	200	200	201	201	202	202	203	203	204	204	179	179	
177	177	200	200	201	201	202	202	203	203	204	204	179	179	
181	181	205	205	206	206	207	207	208	208	209	209	183	183	
181	181	205	205	206	206	207	207	208	208	209	209	183	183	
185	185	210	210	211	211	212	212	213	213	214	214	187	187	
185	185	210	210	211	211	212	212	213	213	214	214	187	187	
189	189	215	215	216	216	217	217	218	218	219	219	191	191	
189	189	215	215	216	216	217	217	218	218	219	219	191	191	
193	193	72	72	73	73	71	71	74	74	70	70	195	195	
193	193	72	72	73	73	71	71	74	74	70	70	195	195	
197	197	178	178	182	182	186	186	190	190	194	194	199	199	
197	197	178	178	182	182	186	186	190	190	194	194	199	199	
176	43	2	0	13	11	2	0	0	0	0	0	0	0	0	
177	42	0	2	13	11	2	0	0	0	0	0	0	0	0	
178	43	2	12	13	11	2	0	0	0	0	0	0	0	0	
179	42	12	2	13	11	2	0	0	0	0	0	0	0	0	
180	43	4	0	13	11	2	0	0	0	0	0	0	0	0	
181	42	0	4	13	11	2	0	0	0	0	0	0	0	0	
182	43	4	12	13	11	2	0	0	0	0	0	0	0	0	
183	42	12	4	13	11	2	0	0	0	0	0	0	0	0	
184	43	6	0	13	11	2	0	0	0	0	0	0	0	0	
185	42	0	6	13	11	2	0	0	0	0	0	0	0	0	
186	43	6	12	13	11	2	0	0	0	0	0	0	0	0	
187	42	12	6	13	11	2	0	0	0	0	0	0	0	0	
188	43	8	0	13	11	2	0	0	0	0	0	0	0	0	
189	42	0	8	13	11	2	0	0	0	0	0	0	0	0	
190	43	8	12	13	11	2	0	0	0	0	0	0	0	0	
191	42	12	8	13	11	2	0	0	0	0	0	0	0	0	
192	43	10	0	13	11	2	0	0	0	0	0	0	0	0	
193	42	0	10	13	11	2	0	0	0	0	0	0	0	0	
194	43	10	12	13	11	2	0	0	0	0	0	0	0	0	
195	42	12	10	13	11	2	0	0	0	0	0	0	0	0	
196	43	0	0	13	11	2	0	0	0	0	0	0	0	0	
197	43	0	12	13	11	2	0	0	0	0	0	0	0	0	
198	43	12	0	13	11	2	0	0	0	0	0	0	0	0	
199	43	12	12	13	11	2	0	0	0	0	0	0	0	0	
200	39	2	2	13	11	2	0	0	0	0	0	0	0	0	
201	39	4	2	13	11	2	0	0	0	0	0	0	0	0	
202	39	6	2	13	11	2	0	0	0	0	0	0	0	0	
203	39	8	2	13	11	2	0	0	0	0	0	0	0	0	
204	39	10	2	13	11	2	0	0	0	0	0	0	0	0	
205	39	2	4	13	11	2	0	0	0	0	0	0	0	0	
206	39	4	4	13	11	2	0	0	0	0	0	0	0	0	
207	39	6	4	13	11	2	0	0	0	0	0	0	0	0	
208	39	8	4	13	11	2	0	0	0	0	0	0	0	0	
209	39	10	4	13	11	2	0	0	0	0	0	0	0	0	
210	39	2	6	13	11	2	0	0	0	0	0	0	0	0	
211	39	4	6	13	11	2	0	0	0	0	0	0	0	0	
212	39	6	6	13	11	2	0	0	0	0	0	0	0	0	
213	39	8	6	13	11	2	0	0	0	0	0	0	0	0	
214	39	10	6	13	11	2	0	0	0	0	0	0	0	0	
215	39	2	8	13	11	2	0	0	0	0	0	0	0	0	
216	39	4	8	13	11	2	0	0	0	0	0	0	0	0	
217	39	6	8	13	11	2	0	0	0	0	0	0	0	0	
218	39	8	8	13	11	2	0	0	0	0	0	0	0	0	
219	39	10	8	13	11	2	0	0	0	0	0	0	0	0	
NULL	NULL	NULL	NULL	NULL	NULL	NULL	NULL	NULL	NULL	NULL	NULL	NULL	NULL	NULL	NULL	NULL	NULL	NULL	NULL	NULL	NULL	NULL	NULL	
NULL	NULL	NULL	NULL	NULL	NULL	NULL	NULL	NULL	NULL	NULL	NULL	NULL	NULL	NULL	NULL	NULL	NULL	NULL	NULL	NULL	NULL	NULL	NULL	
NULL	NULL	NULL	NULL	NULL	55	55	NULL	65	65	NULL	2	2	NULL	59	59	NULL	66	66	NULL	NULL	NULL	NULL	NULL	
NULL	NULL	NULL	NULL	NULL	55	55	NULL	65	65	NULL	2	2	NULL	59	59	NULL	66	66	NULL	NULL	NULL	NULL	NULL	
NULL	NULL	NULL	NULL	NULL	NULL	NULL	NULL	NULL	NULL	NULL	NULL	NULL	NULL	NULL	NULL	NULL	NULL	NULL	NULL	NULL	NULL	NULL	NULL	
NULL	NULL	62	62	NULL	NULL	NULL	NULL	NULL	NULL	NULL	NULL	NULL	NULL	NULL	NULL	NULL	NULL	NULL	NULL	69	69	NULL	NULL	
NULL	NULL	62	62	NULL	NULL	NULL	NULL	NULL	NULL	NULL	NULL	NULL	NULL	NULL	NULL	NULL	NULL	NULL	NULL	69	69	NULL	NULL	
NULL	NULL	NULL	NULL	NULL	NULL	NULL	NULL	NULL	NULL	NULL	NULL	NULL	NULL	NULL	NULL	NULL	NULL	NULL	NULL	NULL	NULL	NULL	NULL	
NULL	NULL	60	60	NULL	NULL	NULL	NULL	NULL	NULL	NULL	NULL	NULL	NULL	NULL	NULL	NULL	NULL	NULL	NULL	61	61	NULL	NULL	
NULL	NULL	60	60	NULL	NULL	NULL	NULL	NULL	NULL	NULL	NULL	NULL	NULL	NULL	NULL	NULL	NULL	NULL	NULL	61	61	NULL	NULL	
NULL	NULL	NULL	NULL	NULL	NULL	NULL	NULL	NULL	NULL	NULL	NULL	NULL	NULL	NULL	NULL	NULL	NULL	NULL	NULL	NULL	NULL	NULL	NULL	
NULL	NULL	1	1	NULL	NULL	NULL	NULL	NULL	NULL	NULL	4	4	175	175	125	125	75	75	NULL	3	3	NULL	NULL	
NULL	NULL	1	1	NULL	NULL	NULL	NULL	NULL	NULL	NULL	4	4	175	175	125	125	75	75	NULL	3	3	NULL	NULL	
NULL	NULL	NULL	NULL	NULL	NULL	NULL	NULL	NULL	NULL	NULL	NULL	NULL	NULL	NULL	NULL	NULL	NULL	NULL	NULL	NULL	NULL	NULL	NULL	
NULL	NULL	64	64	NULL	NULL	NULL	NULL	NULL	NULL	NULL	NULL	NULL	NULL	NULL	NULL	NULL	NULL	NULL	NULL	54	54	NULL	NULL	
NULL	NULL	64	64	NULL	NULL	NULL	NULL	NULL	NULL	NULL	NULL	NULL	NULL	NULL	NULL	NULL	NULL	NULL	NULL	54	54	NULL	NULL	
NULL	NULL	NULL	NULL	NULL	NULL	NULL	NULL	NULL	NULL	NULL	NULL	NULL	NULL	NULL	NULL	NULL	NULL	NULL	NULL	NULL	NULL	NULL	NULL	
NULL	NULL	57	57	NULL	NULL	NULL	NULL	NULL	NULL	NULL	NULL	NULL	NULL	NULL	NULL	NULL	NULL	NULL	NULL	58	58	NULL	NULL	
NULL	NULL	57	57	NULL	NULL	NULL	NULL	NULL	NULL	NULL	NULL	NULL	NULL	NULL	NULL	NULL	NULL	NULL	NULL	58	58	NULL	NULL	
NULL	NULL	NULL	NULL	NULL	NULL	NULL	NULL	NULL	NULL	NULL	NULL	NULL	NULL	NULL	NULL	NULL	NULL	NULL	NULL	NULL	NULL	NULL	NULL	
NULL	NULL	NULL	NULL	NULL	56	56	NULL	67	67	NULL	0	0	NULL	63	63	NULL	68	68	NULL	NULL	NULL	NULL	NULL	
NULL	NULL	NULL	NULL	NULL	56	56	NULL	67	67	NULL	0	0	NULL	63	63	NULL	68	68	NULL	NULL	NULL	NULL	NULL	
NULL	NULL	NULL	NULL	NULL	NULL	NULL	NULL	NULL	NULL	NULL	NULL	NULL	NULL	NULL	NULL	NULL	NULL	NULL	NULL	NULL	NULL	NULL	NULL	
NULL	NULL	NULL	NULL	NULL	NULL	NULL	NULL	NULL	NULL	NULL	NULL	NULL	NULL	NULL	NULL	NULL	NULL	NULL	NULL	NULL	NULL	NULL	NULL	
