737
0	12	22	11	-999	-999	2	100000	0	0	0	0	0	0	0	
1	0	0	11	-999	-999	2	0	2	1	0	0	0	0	0	
2	32	11	11	-999	-999	2	0	0	0	0	0	0	0	0	
12	12	26	26	9	9	34	34	18	18	36	36	28	28	
12	12	26	26	9	9	34	34	18	18	36	36	28	28	
21	21	NULL	NULL	NULL	NULL	6	6	NULL	NULL	NULL	NULL	13	13	
21	21	NULL	NULL	NULL	NULL	6	6	NULL	NULL	NULL	NULL	13	13	
5	5	NULL	NULL	NULL	NULL	27	27	NULL	NULL	NULL	NULL	22	22	
5	5	NULL	NULL	NULL	NULL	27	27	NULL	NULL	NULL	NULL	22	22	
33	33	4	4	25	25	19	19	NULL	NULL	15	15	20	20	
33	33	4	4	25	25	19	19	NULL	NULL	15	15	20	20	
35	35	NULL	NULL	NULL	NULL	NULL	NULL	NULL	NULL	11	11	14	14	
35	35	NULL	NULL	NULL	NULL	NULL	NULL	NULL	NULL	11	11	14	14	
29	29	NULL	NULL	NULL	NULL	7	7	3	3	23	23	31	31	
29	29	NULL	NULL	NULL	NULL	7	7	3	3	23	23	31	31	
10	10	17	17	24	24	32	32	16	16	30	30	8	8	
10	10	17	17	24	24	32	32	16	16	30	30	8	8	
3	37	8	10	11	11	2	0	0	0	0	0	0	0	0	
4	37	2	6	11	11	2	0	0	0	0	0	0	0	0	
5	43	0	4	11	11	2	0	0	0	0	0	0	0	0	
6	37	6	2	11	11	2	0	0	0	0	0	0	0	0	
7	37	6	10	11	11	2	0	0	0	0	0	0	0	0	
8	43	12	12	11	11	2	0	0	0	0	0	0	0	0	
9	43	4	0	11	11	2	0	0	0	0	0	0	0	0	
10	43	0	12	11	11	2	0	0	0	0	0	0	0	0	
11	37	10	8	11	11	2	0	0	0	0	0	0	0	0	
12	43	0	0	11	11	2	0	0	0	0	0	0	0	0	
13	43	12	2	11	11	2	0	0	0	0	0	0	0	0	
14	43	12	8	11	11	2	0	0	0	0	0	0	0	0	
15	37	10	6	11	11	2	0	0	0	0	0	0	0	0	
16	43	8	12	11	11	2	0	0	0	0	0	0	0	0	
17	43	2	12	11	11	2	0	0	0	0	0	0	0	0	
18	43	8	0	11	11	2	0	0	0	0	0	0	0	0	
19	37	6	6	11	11	2	0	0	0	0	0	0	0	0	
20	42	12	6	11	11	2	0	0	0	0	0	0	0	0	
21	43	0	2	11	11	2	0	0	0	0	0	0	0	0	
22	43	12	4	11	11	2	0	0	0	0	0	0	0	0	
23	37	10	10	11	11	2	0	0	0	0	0	0	0	0	
24	43	4	12	11	11	2	0	0	0	0	0	0	0	0	
25	37	4	6	11	11	2	0	0	0	0	0	0	0	0	
26	43	2	0	11	11	2	0	0	0	0	0	0	0	0	
27	37	6	4	11	11	2	0	0	0	0	0	0	0	0	
28	43	12	0	11	11	2	0	0	0	0	0	0	0	0	
29	43	0	10	11	11	2	0	0	0	0	0	0	0	0	
30	43	10	12	11	11	2	0	0	0	0	0	0	0	0	
31	43	12	10	11	11	2	0	0	0	0	0	0	0	0	
32	42	6	12	11	11	2	0	0	0	0	0	0	0	0	
33	42	0	6	11	11	2	0	0	0	0	0	0	0	0	
34	42	6	0	11	11	2	0	0	0	0	0	0	0	0	
35	43	0	8	11	11	2	0	0	0	0	0	0	0	0	
36	43	10	0	11	11	2	0	0	0	0	0	0	0	0	
37	32	2	11	-999	-999	2	0	0	0	0	0	0	0	0	
58	58	38	38	42	42	46	46	50	50	54	54	60	60	
58	58	38	38	42	42	46	46	50	50	54	54	60	60	
39	39	NULL	NULL	NULL	NULL	62	62	NULL	NULL	NULL	NULL	41	41	
39	39	NULL	NULL	NULL	NULL	62	62	NULL	NULL	NULL	NULL	41	41	
43	43	NULL	NULL	NULL	NULL	63	63	NULL	NULL	NULL	NULL	45	45	
43	43	NULL	NULL	NULL	NULL	63	63	NULL	NULL	NULL	NULL	45	45	
47	47	64	64	65	65	66	66	NULL	NULL	67	67	49	49	
47	47	64	64	65	65	66	66	NULL	NULL	67	67	49	49	
51	51	NULL	NULL	NULL	NULL	NULL	NULL	NULL	NULL	68	68	53	53	
51	51	NULL	NULL	NULL	NULL	NULL	NULL	NULL	NULL	68	68	53	53	
55	55	NULL	NULL	NULL	NULL	69	69	70	70	71	71	57	57	
55	55	NULL	NULL	NULL	NULL	69	69	70	70	71	71	57	57	
59	59	40	40	44	44	48	48	52	52	56	56	61	61	
59	59	40	40	44	44	48	48	52	52	56	56	61	61	
38	43	2	0	2	11	2	0	0	0	0	0	0	0	0	
39	43	0	2	2	11	2	0	0	0	0	0	0	0	0	
40	43	2	12	2	11	2	0	0	0	0	0	0	0	0	
41	43	12	2	2	11	2	0	0	0	0	0	0	0	0	
42	43	4	0	2	11	2	0	0	0	0	0	0	0	0	
43	43	0	4	2	11	2	0	0	0	0	0	0	0	0	
44	43	4	12	2	11	2	0	0	0	0	0	0	0	0	
45	43	12	4	2	11	2	0	0	0	0	0	0	0	0	
46	42	6	0	2	11	2	0	0	0	0	0	0	0	0	
47	42	0	6	2	11	2	0	0	0	0	0	0	0	0	
48	42	6	12	2	11	2	0	0	0	0	0	0	0	0	
49	42	12	6	2	11	2	0	0	0	0	0	0	0	0	
50	43	8	0	2	11	2	0	0	0	0	0	0	0	0	
51	43	0	8	2	11	2	0	0	0	0	0	0	0	0	
52	43	8	12	2	11	2	0	0	0	0	0	0	0	0	
53	43	12	8	2	11	2	0	0	0	0	0	0	0	0	
54	43	10	0	2	11	2	0	0	0	0	0	0	0	0	
55	43	0	10	2	11	2	0	0	0	0	0	0	0	0	
56	43	10	12	2	11	2	0	0	0	0	0	0	0	0	
57	43	12	10	2	11	2	0	0	0	0	0	0	0	0	
58	43	0	0	2	11	2	0	0	0	0	0	0	0	0	
59	43	0	12	2	11	2	0	0	0	0	0	0	0	0	
60	43	12	0	2	11	2	0	0	0	0	0	0	0	0	
61	43	12	12	2	11	2	0	0	0	0	0	0	0	0	
62	37	6	2	2	11	2	0	0	0	0	0	0	0	0	
63	37	6	4	2	11	2	0	0	0	0	0	0	0	0	
64	37	2	6	2	11	2	0	0	0	0	0	0	0	0	
65	37	4	6	2	11	2	0	0	0	0	0	0	0	0	
66	37	6	6	2	11	2	0	0	0	0	0	0	0	0	
67	37	10	6	2	11	2	0	0	0	0	0	0	0	0	
68	37	10	8	2	11	2	0	0	0	0	0	0	0	0	
69	37	6	10	2	11	2	0	0	0	0	0	0	0	0	
70	37	8	10	2	11	2	0	0	0	0	0	0	0	0	
71	37	10	10	2	11	2	0	0	0	0	0	0	0	0	
72	32	2	9	-999	-999	2	0	0	0	0	0	0	0	0	
93	93	73	73	77	77	81	81	85	85	89	89	95	95	
93	93	73	73	77	77	81	81	85	85	89	89	95	95	
74	74	NULL	NULL	NULL	NULL	97	97	NULL	NULL	NULL	NULL	76	76	
74	74	NULL	NULL	NULL	NULL	97	97	NULL	NULL	NULL	NULL	76	76	
78	78	NULL	NULL	NULL	NULL	98	98	NULL	NULL	NULL	NULL	80	80	
78	78	NULL	NULL	NULL	NULL	98	98	NULL	NULL	NULL	NULL	80	80	
82	82	99	99	100	100	101	101	NULL	NULL	102	102	84	84	
82	82	99	99	100	100	101	101	NULL	NULL	102	102	84	84	
86	86	NULL	NULL	NULL	NULL	NULL	NULL	NULL	NULL	103	103	88	88	
86	86	NULL	NULL	NULL	NULL	NULL	NULL	NULL	NULL	103	103	88	88	
90	90	NULL	NULL	NULL	NULL	104	104	105	105	106	106	92	92	
90	90	NULL	NULL	NULL	NULL	104	104	105	105	106	106	92	92	
94	94	75	75	79	79	83	83	87	87	91	91	96	96	
94	94	75	75	79	79	83	83	87	87	91	91	96	96	
73	43	2	0	2	9	2	0	0	0	0	0	0	0	0	
74	43	0	2	2	9	2	0	0	0	0	0	0	0	0	
75	43	2	12	2	9	2	0	0	0	0	0	0	0	0	
76	43	12	2	2	9	2	0	0	0	0	0	0	0	0	
77	43	4	0	2	9	2	0	0	0	0	0	0	0	0	
78	43	0	4	2	9	2	0	0	0	0	0	0	0	0	
79	43	4	12	2	9	2	0	0	0	0	0	0	0	0	
80	43	12	4	2	9	2	0	0	0	0	0	0	0	0	
81	42	6	0	2	9	2	0	0	0	0	0	0	0	0	
82	42	0	6	2	9	2	0	0	0	0	0	0	0	0	
83	42	6	12	2	9	2	0	0	0	0	0	0	0	0	
84	42	12	6	2	9	2	0	0	0	0	0	0	0	0	
85	43	8	0	2	9	2	0	0	0	0	0	0	0	0	
86	43	0	8	2	9	2	0	0	0	0	0	0	0	0	
87	43	8	12	2	9	2	0	0	0	0	0	0	0	0	
88	43	12	8	2	9	2	0	0	0	0	0	0	0	0	
89	43	10	0	2	9	2	0	0	0	0	0	0	0	0	
90	43	0	10	2	9	2	0	0	0	0	0	0	0	0	
91	43	10	12	2	9	2	0	0	0	0	0	0	0	0	
92	43	12	10	2	9	2	0	0	0	0	0	0	0	0	
93	43	0	0	2	9	2	0	0	0	0	0	0	0	0	
94	43	0	12	2	9	2	0	0	0	0	0	0	0	0	
95	43	12	0	2	9	2	0	0	0	0	0	0	0	0	
96	43	12	12	2	9	2	0	0	0	0	0	0	0	0	
97	37	6	2	2	9	2	0	0	0	0	0	0	0	0	
98	37	6	4	2	9	2	0	0	0	0	0	0	0	0	
99	37	2	6	2	9	2	0	0	0	0	0	0	0	0	
100	37	4	6	2	9	2	0	0	0	0	0	0	0	0	
101	37	6	6	2	9	2	0	0	0	0	0	0	0	0	
102	37	10	6	2	9	2	0	0	0	0	0	0	0	0	
103	37	10	8	2	9	2	0	0	0	0	0	0	0	0	
104	37	6	10	2	9	2	0	0	0	0	0	0	0	0	
105	37	8	10	2	9	2	0	0	0	0	0	0	0	0	
106	37	10	10	2	9	2	0	0	0	0	0	0	0	0	
107	32	4	9	-999	-999	2	0	0	0	0	0	0	0	0	
128	128	108	108	112	112	116	116	120	120	124	124	130	130	
128	128	108	108	112	112	116	116	120	120	124	124	130	130	
109	109	NULL	NULL	NULL	NULL	132	132	NULL	NULL	NULL	NULL	111	111	
109	109	NULL	NULL	NULL	NULL	132	132	NULL	NULL	NULL	NULL	111	111	
113	113	NULL	NULL	NULL	NULL	133	133	NULL	NULL	NULL	NULL	115	115	
113	113	NULL	NULL	NULL	NULL	133	133	NULL	NULL	NULL	NULL	115	115	
117	117	134	134	135	135	136	136	NULL	NULL	137	137	119	119	
117	117	134	134	135	135	136	136	NULL	NULL	137	137	119	119	
121	121	NULL	NULL	NULL	NULL	NULL	NULL	NULL	NULL	138	138	123	123	
121	121	NULL	NULL	NULL	NULL	NULL	NULL	NULL	NULL	138	138	123	123	
125	125	NULL	NULL	NULL	NULL	139	139	140	140	141	141	127	127	
125	125	NULL	NULL	NULL	NULL	139	139	140	140	141	141	127	127	
129	129	110	110	114	114	118	118	122	122	126	126	131	131	
129	129	110	110	114	114	118	118	122	122	126	126	131	131	
108	43	2	0	4	9	2	0	0	0	0	0	0	0	0	
109	43	0	2	4	9	2	0	0	0	0	0	0	0	0	
110	43	2	12	4	9	2	0	0	0	0	0	0	0	0	
111	43	12	2	4	9	2	0	0	0	0	0	0	0	0	
112	43	4	0	4	9	2	0	0	0	0	0	0	0	0	
113	43	0	4	4	9	2	0	0	0	0	0	0	0	0	
114	43	4	12	4	9	2	0	0	0	0	0	0	0	0	
115	43	12	4	4	9	2	0	0	0	0	0	0	0	0	
116	42	6	0	4	9	2	0	0	0	0	0	0	0	0	
117	42	0	6	4	9	2	0	0	0	0	0	0	0	0	
118	42	6	12	4	9	2	0	0	0	0	0	0	0	0	
119	42	12	6	4	9	2	0	0	0	0	0	0	0	0	
120	43	8	0	4	9	2	0	0	0	0	0	0	0	0	
121	43	0	8	4	9	2	0	0	0	0	0	0	0	0	
122	43	8	12	4	9	2	0	0	0	0	0	0	0	0	
123	43	12	8	4	9	2	0	0	0	0	0	0	0	0	
124	43	10	0	4	9	2	0	0	0	0	0	0	0	0	
125	43	0	10	4	9	2	0	0	0	0	0	0	0	0	
126	43	10	12	4	9	2	0	0	0	0	0	0	0	0	
127	43	12	10	4	9	2	0	0	0	0	0	0	0	0	
128	43	0	0	4	9	2	0	0	0	0	0	0	0	0	
129	43	0	12	4	9	2	0	0	0	0	0	0	0	0	
130	43	12	0	4	9	2	0	0	0	0	0	0	0	0	
131	43	12	12	4	9	2	0	0	0	0	0	0	0	0	
132	37	6	2	4	9	2	0	0	0	0	0	0	0	0	
133	37	6	4	4	9	2	0	0	0	0	0	0	0	0	
134	37	2	6	4	9	2	0	0	0	0	0	0	0	0	
135	37	4	6	4	9	2	0	0	0	0	0	0	0	0	
136	37	6	6	4	9	2	0	0	0	0	0	0	0	0	
137	37	10	6	4	9	2	0	0	0	0	0	0	0	0	
138	37	10	8	4	9	2	0	0	0	0	0	0	0	0	
139	37	6	10	4	9	2	0	0	0	0	0	0	0	0	
140	37	8	10	4	9	2	0	0	0	0	0	0	0	0	
141	37	10	10	4	9	2	0	0	0	0	0	0	0	0	
142	32	4	7	-999	-999	2	0	0	0	0	0	0	0	0	
163	163	143	143	147	147	151	151	155	155	159	159	165	165	
163	163	143	143	147	147	151	151	155	155	159	159	165	165	
144	144	NULL	NULL	NULL	NULL	167	167	NULL	NULL	NULL	NULL	146	146	
144	144	NULL	NULL	NULL	NULL	167	167	NULL	NULL	NULL	NULL	146	146	
148	148	NULL	NULL	NULL	NULL	168	168	NULL	NULL	NULL	NULL	150	150	
148	148	NULL	NULL	NULL	NULL	168	168	NULL	NULL	NULL	NULL	150	150	
152	152	169	169	170	170	171	171	NULL	NULL	172	172	154	154	
152	152	169	169	170	170	171	171	NULL	NULL	172	172	154	154	
156	156	NULL	NULL	NULL	NULL	NULL	NULL	NULL	NULL	173	173	158	158	
156	156	NULL	NULL	NULL	NULL	NULL	NULL	NULL	NULL	173	173	158	158	
160	160	NULL	NULL	NULL	NULL	174	174	175	175	176	176	162	162	
160	160	NULL	NULL	NULL	NULL	174	174	175	175	176	176	162	162	
164	164	145	145	149	149	153	153	157	157	161	161	166	166	
164	164	145	145	149	149	153	153	157	157	161	161	166	166	
143	43	2	0	4	7	2	0	0	0	0	0	0	0	0	
144	43	0	2	4	7	2	0	0	0	0	0	0	0	0	
145	43	2	12	4	7	2	0	0	0	0	0	0	0	0	
146	43	12	2	4	7	2	0	0	0	0	0	0	0	0	
147	43	4	0	4	7	2	0	0	0	0	0	0	0	0	
148	43	0	4	4	7	2	0	0	0	0	0	0	0	0	
149	43	4	12	4	7	2	0	0	0	0	0	0	0	0	
150	43	12	4	4	7	2	0	0	0	0	0	0	0	0	
151	42	6	0	4	7	2	0	0	0	0	0	0	0	0	
152	42	0	6	4	7	2	0	0	0	0	0	0	0	0	
153	42	6	12	4	7	2	0	0	0	0	0	0	0	0	
154	42	12	6	4	7	2	0	0	0	0	0	0	0	0	
155	43	8	0	4	7	2	0	0	0	0	0	0	0	0	
156	43	0	8	4	7	2	0	0	0	0	0	0	0	0	
157	43	8	12	4	7	2	0	0	0	0	0	0	0	0	
158	43	12	8	4	7	2	0	0	0	0	0	0	0	0	
159	43	10	0	4	7	2	0	0	0	0	0	0	0	0	
160	43	0	10	4	7	2	0	0	0	0	0	0	0	0	
161	43	10	12	4	7	2	0	0	0	0	0	0	0	0	
162	43	12	10	4	7	2	0	0	0	0	0	0	0	0	
163	43	0	0	4	7	2	0	0	0	0	0	0	0	0	
164	43	0	12	4	7	2	0	0	0	0	0	0	0	0	
165	43	12	0	4	7	2	0	0	0	0	0	0	0	0	
166	43	12	12	4	7	2	0	0	0	0	0	0	0	0	
167	37	6	2	4	7	2	0	0	0	0	0	0	0	0	
168	37	6	4	4	7	2	0	0	0	0	0	0	0	0	
169	37	2	6	4	7	2	0	0	0	0	0	0	0	0	
170	37	4	6	4	7	2	0	0	0	0	0	0	0	0	
171	37	6	6	4	7	2	0	0	0	0	0	0	0	0	
172	37	10	6	4	7	2	0	0	0	0	0	0	0	0	
173	37	10	8	4	7	2	0	0	0	0	0	0	0	0	
174	37	6	10	4	7	2	0	0	0	0	0	0	0	0	
175	37	8	10	4	7	2	0	0	0	0	0	0	0	0	
176	37	10	10	4	7	2	0	0	0	0	0	0	0	0	
177	32	6	7	-999	-999	2	0	0	0	0	0	0	0	0	
198	198	178	178	182	182	186	186	190	190	194	194	200	200	
198	198	178	178	182	182	186	186	190	190	194	194	200	200	
179	179	NULL	NULL	NULL	NULL	202	202	NULL	NULL	NULL	NULL	181	181	
179	179	NULL	NULL	NULL	NULL	202	202	NULL	NULL	NULL	NULL	181	181	
183	183	NULL	NULL	NULL	NULL	203	203	NULL	NULL	NULL	NULL	185	185	
183	183	NULL	NULL	NULL	NULL	203	203	NULL	NULL	NULL	NULL	185	185	
187	187	204	204	205	205	206	206	NULL	NULL	207	207	189	189	
187	187	204	204	205	205	206	206	NULL	NULL	207	207	189	189	
191	191	NULL	NULL	NULL	NULL	NULL	NULL	NULL	NULL	208	208	193	193	
191	191	NULL	NULL	NULL	NULL	NULL	NULL	NULL	NULL	208	208	193	193	
195	195	NULL	NULL	NULL	NULL	209	209	210	210	211	211	197	197	
195	195	NULL	NULL	NULL	NULL	209	209	210	210	211	211	197	197	
199	199	180	180	184	184	188	188	192	192	196	196	201	201	
199	199	180	180	184	184	188	188	192	192	196	196	201	201	
178	43	2	0	6	7	2	0	0	0	0	0	0	0	0	
179	43	0	2	6	7	2	0	0	0	0	0	0	0	0	
180	43	2	12	6	7	2	0	0	0	0	0	0	0	0	
181	43	12	2	6	7	2	0	0	0	0	0	0	0	0	
182	43	4	0	6	7	2	0	0	0	0	0	0	0	0	
183	43	0	4	6	7	2	0	0	0	0	0	0	0	0	
184	43	4	12	6	7	2	0	0	0	0	0	0	0	0	
185	43	12	4	6	7	2	0	0	0	0	0	0	0	0	
186	42	6	0	6	7	2	0	0	0	0	0	0	0	0	
187	42	0	6	6	7	2	0	0	0	0	0	0	0	0	
188	42	6	12	6	7	2	0	0	0	0	0	0	0	0	
189	42	12	6	6	7	2	0	0	0	0	0	0	0	0	
190	43	8	0	6	7	2	0	0	0	0	0	0	0	0	
191	43	0	8	6	7	2	0	0	0	0	0	0	0	0	
192	43	8	12	6	7	2	0	0	0	0	0	0	0	0	
193	43	12	8	6	7	2	0	0	0	0	0	0	0	0	
194	43	10	0	6	7	2	0	0	0	0	0	0	0	0	
195	43	0	10	6	7	2	0	0	0	0	0	0	0	0	
196	43	10	12	6	7	2	0	0	0	0	0	0	0	0	
197	43	12	10	6	7	2	0	0	0	0	0	0	0	0	
198	43	0	0	6	7	2	0	0	0	0	0	0	0	0	
199	43	0	12	6	7	2	0	0	0	0	0	0	0	0	
200	43	12	0	6	7	2	0	0	0	0	0	0	0	0	
201	43	12	12	6	7	2	0	0	0	0	0	0	0	0	
202	37	6	2	6	7	2	0	0	0	0	0	0	0	0	
203	37	6	4	6	7	2	0	0	0	0	0	0	0	0	
204	37	2	6	6	7	2	0	0	0	0	0	0	0	0	
205	37	4	6	6	7	2	0	0	0	0	0	0	0	0	
206	37	6	6	6	7	2	0	0	0	0	0	0	0	0	
207	37	10	6	6	7	2	0	0	0	0	0	0	0	0	
208	37	10	8	6	7	2	0	0	0	0	0	0	0	0	
209	37	6	10	6	7	2	0	0	0	0	0	0	0	0	
210	37	8	10	6	7	2	0	0	0	0	0	0	0	0	
211	37	10	10	6	7	2	0	0	0	0	0	0	0	0	
212	32	6	5	-999	-999	2	0	0	0	0	0	0	0	0	
233	233	213	213	217	217	221	221	225	225	229	229	235	235	
233	233	213	213	217	217	221	221	225	225	229	229	235	235	
214	214	NULL	NULL	NULL	NULL	237	237	NULL	NULL	NULL	NULL	216	216	
214	214	NULL	NULL	NULL	NULL	237	237	NULL	NULL	NULL	NULL	216	216	
218	218	NULL	NULL	NULL	NULL	238	238	NULL	NULL	NULL	NULL	220	220	
218	218	NULL	NULL	NULL	NULL	238	238	NULL	NULL	NULL	NULL	220	220	
222	222	239	239	240	240	241	241	NULL	NULL	242	242	224	224	
222	222	239	239	240	240	241	241	NULL	NULL	242	242	224	224	
226	226	NULL	NULL	NULL	NULL	NULL	NULL	NULL	NULL	243	243	228	228	
226	226	NULL	NULL	NULL	NULL	NULL	NULL	NULL	NULL	243	243	228	228	
230	230	NULL	NULL	NULL	NULL	244	244	245	245	246	246	232	232	
230	230	NULL	NULL	NULL	NULL	244	244	245	245	246	246	232	232	
234	234	215	215	219	219	223	223	227	227	231	231	236	236	
234	234	215	215	219	219	223	223	227	227	231	231	236	236	
213	43	2	0	6	5	2	0	0	0	0	0	0	0	0	
214	43	0	2	6	5	2	0	0	0	0	0	0	0	0	
215	43	2	12	6	5	2	0	0	0	0	0	0	0	0	
216	43	12	2	6	5	2	0	0	0	0	0	0	0	0	
217	43	4	0	6	5	2	0	0	0	0	0	0	0	0	
218	43	0	4	6	5	2	0	0	0	0	0	0	0	0	
219	43	4	12	6	5	2	0	0	0	0	0	0	0	0	
220	43	12	4	6	5	2	0	0	0	0	0	0	0	0	
221	42	6	0	6	5	2	0	0	0	0	0	0	0	0	
222	42	0	6	6	5	2	0	0	0	0	0	0	0	0	
223	42	6	12	6	5	2	0	0	0	0	0	0	0	0	
224	42	12	6	6	5	2	0	0	0	0	0	0	0	0	
225	43	8	0	6	5	2	0	0	0	0	0	0	0	0	
226	43	0	8	6	5	2	0	0	0	0	0	0	0	0	
227	43	8	12	6	5	2	0	0	0	0	0	0	0	0	
228	43	12	8	6	5	2	0	0	0	0	0	0	0	0	
229	43	10	0	6	5	2	0	0	0	0	0	0	0	0	
230	43	0	10	6	5	2	0	0	0	0	0	0	0	0	
231	43	10	12	6	5	2	0	0	0	0	0	0	0	0	
232	43	12	10	6	5	2	0	0	0	0	0	0	0	0	
233	43	0	0	6	5	2	0	0	0	0	0	0	0	0	
234	43	0	12	6	5	2	0	0	0	0	0	0	0	0	
235	43	12	0	6	5	2	0	0	0	0	0	0	0	0	
236	43	12	12	6	5	2	0	0	0	0	0	0	0	0	
237	37	6	2	6	5	2	0	0	0	0	0	0	0	0	
238	37	6	4	6	5	2	0	0	0	0	0	0	0	0	
239	37	2	6	6	5	2	0	0	0	0	0	0	0	0	
240	37	4	6	6	5	2	0	0	0	0	0	0	0	0	
241	37	6	6	6	5	2	0	0	0	0	0	0	0	0	
242	37	10	6	6	5	2	0	0	0	0	0	0	0	0	
243	37	10	8	6	5	2	0	0	0	0	0	0	0	0	
244	37	6	10	6	5	2	0	0	0	0	0	0	0	0	
245	37	8	10	6	5	2	0	0	0	0	0	0	0	0	
246	37	10	10	6	5	2	0	0	0	0	0	0	0	0	
247	32	8	5	-999	-999	2	0	0	0	0	0	0	0	0	
268	268	248	248	252	252	256	256	260	260	264	264	270	270	
268	268	248	248	252	252	256	256	260	260	264	264	270	270	
249	249	NULL	NULL	NULL	NULL	272	272	NULL	NULL	NULL	NULL	251	251	
249	249	NULL	NULL	NULL	NULL	272	272	NULL	NULL	NULL	NULL	251	251	
253	253	NULL	NULL	NULL	NULL	273	273	NULL	NULL	NULL	NULL	255	255	
253	253	NULL	NULL	NULL	NULL	273	273	NULL	NULL	NULL	NULL	255	255	
257	257	274	274	275	275	276	276	NULL	NULL	277	277	259	259	
257	257	274	274	275	275	276	276	NULL	NULL	277	277	259	259	
261	261	NULL	NULL	NULL	NULL	NULL	NULL	NULL	NULL	278	278	263	263	
261	261	NULL	NULL	NULL	NULL	NULL	NULL	NULL	NULL	278	278	263	263	
265	265	NULL	NULL	NULL	NULL	279	279	280	280	281	281	267	267	
265	265	NULL	NULL	NULL	NULL	279	279	280	280	281	281	267	267	
269	269	250	250	254	254	258	258	262	262	266	266	271	271	
269	269	250	250	254	254	258	258	262	262	266	266	271	271	
248	43	2	0	8	5	2	0	0	0	0	0	0	0	0	
249	43	0	2	8	5	2	0	0	0	0	0	0	0	0	
250	43	2	12	8	5	2	0	0	0	0	0	0	0	0	
251	43	12	2	8	5	2	0	0	0	0	0	0	0	0	
252	43	4	0	8	5	2	0	0	0	0	0	0	0	0	
253	43	0	4	8	5	2	0	0	0	0	0	0	0	0	
254	43	4	12	8	5	2	0	0	0	0	0	0	0	0	
255	43	12	4	8	5	2	0	0	0	0	0	0	0	0	
256	42	6	0	8	5	2	0	0	0	0	0	0	0	0	
257	42	0	6	8	5	2	0	0	0	0	0	0	0	0	
258	42	6	12	8	5	2	0	0	0	0	0	0	0	0	
259	42	12	6	8	5	2	0	0	0	0	0	0	0	0	
260	43	8	0	8	5	2	0	0	0	0	0	0	0	0	
261	43	0	8	8	5	2	0	0	0	0	0	0	0	0	
262	43	8	12	8	5	2	0	0	0	0	0	0	0	0	
263	43	12	8	8	5	2	0	0	0	0	0	0	0	0	
264	43	10	0	8	5	2	0	0	0	0	0	0	0	0	
265	43	0	10	8	5	2	0	0	0	0	0	0	0	0	
266	43	10	12	8	5	2	0	0	0	0	0	0	0	0	
267	43	12	10	8	5	2	0	0	0	0	0	0	0	0	
268	43	0	0	8	5	2	0	0	0	0	0	0	0	0	
269	43	0	12	8	5	2	0	0	0	0	0	0	0	0	
270	43	12	0	8	5	2	0	0	0	0	0	0	0	0	
271	43	12	12	8	5	2	0	0	0	0	0	0	0	0	
272	37	6	2	8	5	2	0	0	0	0	0	0	0	0	
273	37	6	4	8	5	2	0	0	0	0	0	0	0	0	
274	37	2	6	8	5	2	0	0	0	0	0	0	0	0	
275	37	4	6	8	5	2	0	0	0	0	0	0	0	0	
276	37	6	6	8	5	2	0	0	0	0	0	0	0	0	
277	37	10	6	8	5	2	0	0	0	0	0	0	0	0	
278	37	10	8	8	5	2	0	0	0	0	0	0	0	0	
279	37	6	10	8	5	2	0	0	0	0	0	0	0	0	
280	37	8	10	8	5	2	0	0	0	0	0	0	0	0	
281	37	10	10	8	5	2	0	0	0	0	0	0	0	0	
282	32	8	3	-999	-999	2	0	0	0	0	0	0	0	0	
303	303	283	283	287	287	291	291	295	295	299	299	305	305	
303	303	283	283	287	287	291	291	295	295	299	299	305	305	
284	284	NULL	NULL	NULL	NULL	307	307	NULL	NULL	NULL	NULL	286	286	
284	284	NULL	NULL	NULL	NULL	307	307	NULL	NULL	NULL	NULL	286	286	
288	288	NULL	NULL	NULL	NULL	308	308	NULL	NULL	NULL	NULL	290	290	
288	288	NULL	NULL	NULL	NULL	308	308	NULL	NULL	NULL	NULL	290	290	
292	292	309	309	310	310	311	311	NULL	NULL	312	312	294	294	
292	292	309	309	310	310	311	311	NULL	NULL	312	312	294	294	
296	296	NULL	NULL	NULL	NULL	NULL	NULL	NULL	NULL	313	313	298	298	
296	296	NULL	NULL	NULL	NULL	NULL	NULL	NULL	NULL	313	313	298	298	
300	300	NULL	NULL	NULL	NULL	314	314	315	315	316	316	302	302	
300	300	NULL	NULL	NULL	NULL	314	314	315	315	316	316	302	302	
304	304	285	285	289	289	293	293	297	297	301	301	306	306	
304	304	285	285	289	289	293	293	297	297	301	301	306	306	
283	43	2	0	8	3	2	0	0	0	0	0	0	0	0	
284	43	0	2	8	3	2	0	0	0	0	0	0	0	0	
285	43	2	12	8	3	2	0	0	0	0	0	0	0	0	
286	43	12	2	8	3	2	0	0	0	0	0	0	0	0	
287	43	4	0	8	3	2	0	0	0	0	0	0	0	0	
288	43	0	4	8	3	2	0	0	0	0	0	0	0	0	
289	43	4	12	8	3	2	0	0	0	0	0	0	0	0	
290	43	12	4	8	3	2	0	0	0	0	0	0	0	0	
291	42	6	0	8	3	2	0	0	0	0	0	0	0	0	
292	42	0	6	8	3	2	0	0	0	0	0	0	0	0	
293	42	6	12	8	3	2	0	0	0	0	0	0	0	0	
294	42	12	6	8	3	2	0	0	0	0	0	0	0	0	
295	43	8	0	8	3	2	0	0	0	0	0	0	0	0	
296	43	0	8	8	3	2	0	0	0	0	0	0	0	0	
297	43	8	12	8	3	2	0	0	0	0	0	0	0	0	
298	43	12	8	8	3	2	0	0	0	0	0	0	0	0	
299	43	10	0	8	3	2	0	0	0	0	0	0	0	0	
300	43	0	10	8	3	2	0	0	0	0	0	0	0	0	
301	43	10	12	8	3	2	0	0	0	0	0	0	0	0	
302	43	12	10	8	3	2	0	0	0	0	0	0	0	0	
303	43	0	0	8	3	2	0	0	0	0	0	0	0	0	
304	43	0	12	8	3	2	0	0	0	0	0	0	0	0	
305	43	12	0	8	3	2	0	0	0	0	0	0	0	0	
306	43	12	12	8	3	2	0	0	0	0	0	0	0	0	
307	37	6	2	8	3	2	0	0	0	0	0	0	0	0	
308	37	6	4	8	3	2	0	0	0	0	0	0	0	0	
309	37	2	6	8	3	2	0	0	0	0	0	0	0	0	
310	37	4	6	8	3	2	0	0	0	0	0	0	0	0	
311	37	6	6	8	3	2	0	0	0	0	0	0	0	0	
312	37	10	6	8	3	2	0	0	0	0	0	0	0	0	
313	37	10	8	8	3	2	0	0	0	0	0	0	0	0	
314	37	6	10	8	3	2	0	0	0	0	0	0	0	0	
315	37	8	10	8	3	2	0	0	0	0	0	0	0	0	
316	37	10	10	8	3	2	0	0	0	0	0	0	0	0	
317	32	10	3	-999	-999	2	0	0	0	0	0	0	0	0	
338	338	318	318	322	322	326	326	330	330	334	334	340	340	
338	338	318	318	322	322	326	326	330	330	334	334	340	340	
319	319	NULL	NULL	NULL	NULL	342	342	NULL	NULL	NULL	NULL	321	321	
319	319	NULL	NULL	NULL	NULL	342	342	NULL	NULL	NULL	NULL	321	321	
323	323	NULL	NULL	NULL	NULL	343	343	NULL	NULL	NULL	NULL	325	325	
323	323	NULL	NULL	NULL	NULL	343	343	NULL	NULL	NULL	NULL	325	325	
327	327	344	344	345	345	346	346	NULL	NULL	347	347	329	329	
327	327	344	344	345	345	346	346	NULL	NULL	347	347	329	329	
331	331	NULL	NULL	NULL	NULL	NULL	NULL	NULL	NULL	348	348	333	333	
331	331	NULL	NULL	NULL	NULL	NULL	NULL	NULL	NULL	348	348	333	333	
335	335	NULL	NULL	NULL	NULL	349	349	350	350	351	351	337	337	
335	335	NULL	NULL	NULL	NULL	349	349	350	350	351	351	337	337	
339	339	320	320	324	324	328	328	332	332	336	336	341	341	
339	339	320	320	324	324	328	328	332	332	336	336	341	341	
318	43	2	0	10	3	2	0	0	0	0	0	0	0	0	
319	43	0	2	10	3	2	0	0	0	0	0	0	0	0	
320	43	2	12	10	3	2	0	0	0	0	0	0	0	0	
321	43	12	2	10	3	2	0	0	0	0	0	0	0	0	
322	43	4	0	10	3	2	0	0	0	0	0	0	0	0	
323	43	0	4	10	3	2	0	0	0	0	0	0	0	0	
324	43	4	12	10	3	2	0	0	0	0	0	0	0	0	
325	43	12	4	10	3	2	0	0	0	0	0	0	0	0	
326	42	6	0	10	3	2	0	0	0	0	0	0	0	0	
327	42	0	6	10	3	2	0	0	0	0	0	0	0	0	
328	42	6	12	10	3	2	0	0	0	0	0	0	0	0	
329	42	12	6	10	3	2	0	0	0	0	0	0	0	0	
330	43	8	0	10	3	2	0	0	0	0	0	0	0	0	
331	43	0	8	10	3	2	0	0	0	0	0	0	0	0	
332	43	8	12	10	3	2	0	0	0	0	0	0	0	0	
333	43	12	8	10	3	2	0	0	0	0	0	0	0	0	
334	43	10	0	10	3	2	0	0	0	0	0	0	0	0	
335	43	0	10	10	3	2	0	0	0	0	0	0	0	0	
336	43	10	12	10	3	2	0	0	0	0	0	0	0	0	
337	43	12	10	10	3	2	0	0	0	0	0	0	0	0	
338	43	0	0	10	3	2	0	0	0	0	0	0	0	0	
339	43	0	12	10	3	2	0	0	0	0	0	0	0	0	
340	43	12	0	10	3	2	0	0	0	0	0	0	0	0	
341	43	12	12	10	3	2	0	0	0	0	0	0	0	0	
342	37	6	2	10	3	2	0	0	0	0	0	0	0	0	
343	37	6	4	10	3	2	0	0	0	0	0	0	0	0	
344	37	2	6	10	3	2	0	0	0	0	0	0	0	0	
345	37	4	6	10	3	2	0	0	0	0	0	0	0	0	
346	37	6	6	10	3	2	0	0	0	0	0	0	0	0	
347	37	10	6	10	3	2	0	0	0	0	0	0	0	0	
348	37	10	8	10	3	2	0	0	0	0	0	0	0	0	
349	37	6	10	10	3	2	0	0	0	0	0	0	0	0	
350	37	8	10	10	3	2	0	0	0	0	0	0	0	0	
351	37	10	10	10	3	2	0	0	0	0	0	0	0	0	
352	32	10	1	-999	-999	2	0	0	0	0	0	0	0	0	
373	373	353	353	357	357	361	361	365	365	369	369	375	375	
373	373	353	353	357	357	361	361	365	365	369	369	375	375	
354	354	NULL	NULL	NULL	NULL	377	377	NULL	NULL	NULL	NULL	356	356	
354	354	NULL	NULL	NULL	NULL	377	377	NULL	NULL	NULL	NULL	356	356	
358	358	NULL	NULL	NULL	NULL	378	378	NULL	NULL	NULL	NULL	360	360	
358	358	NULL	NULL	NULL	NULL	378	378	NULL	NULL	NULL	NULL	360	360	
362	362	379	379	380	380	381	381	NULL	NULL	382	382	364	364	
362	362	379	379	380	380	381	381	NULL	NULL	382	382	364	364	
366	366	NULL	NULL	NULL	NULL	NULL	NULL	NULL	NULL	383	383	368	368	
366	366	NULL	NULL	NULL	NULL	NULL	NULL	NULL	NULL	383	383	368	368	
370	370	NULL	NULL	NULL	NULL	384	384	385	385	386	386	372	372	
370	370	NULL	NULL	NULL	NULL	384	384	385	385	386	386	372	372	
374	374	355	355	359	359	363	363	367	367	371	371	376	376	
374	374	355	355	359	359	363	363	367	367	371	371	376	376	
353	43	2	0	10	1	2	0	0	0	0	0	0	0	0	
354	43	0	2	10	1	2	0	0	0	0	0	0	0	0	
355	43	2	12	10	1	2	0	0	0	0	0	0	0	0	
356	43	12	2	10	1	2	0	0	0	0	0	0	0	0	
357	43	4	0	10	1	2	0	0	0	0	0	0	0	0	
358	43	0	4	10	1	2	0	0	0	0	0	0	0	0	
359	43	4	12	10	1	2	0	0	0	0	0	0	0	0	
360	43	12	4	10	1	2	0	0	0	0	0	0	0	0	
361	42	6	0	10	1	2	0	0	0	0	0	0	0	0	
362	42	0	6	10	1	2	0	0	0	0	0	0	0	0	
363	42	6	12	10	1	2	0	0	0	0	0	0	0	0	
364	42	12	6	10	1	2	0	0	0	0	0	0	0	0	
365	43	8	0	10	1	2	0	0	0	0	0	0	0	0	
366	43	0	8	10	1	2	0	0	0	0	0	0	0	0	
367	43	8	12	10	1	2	0	0	0	0	0	0	0	0	
368	43	12	8	10	1	2	0	0	0	0	0	0	0	0	
369	43	10	0	10	1	2	0	0	0	0	0	0	0	0	
370	43	0	10	10	1	2	0	0	0	0	0	0	0	0	
371	43	10	12	10	1	2	0	0	0	0	0	0	0	0	
372	43	12	10	10	1	2	0	0	0	0	0	0	0	0	
373	43	0	0	10	1	2	0	0	0	0	0	0	0	0	
374	43	0	12	10	1	2	0	0	0	0	0	0	0	0	
375	43	12	0	10	1	2	0	0	0	0	0	0	0	0	
376	43	12	12	10	1	2	0	0	0	0	0	0	0	0	
377	37	6	2	10	1	2	0	0	0	0	0	0	0	0	
378	37	6	4	10	1	2	0	0	0	0	0	0	0	0	
379	37	2	6	10	1	2	0	0	0	0	0	0	0	0	
380	37	4	6	10	1	2	0	0	0	0	0	0	0	0	
381	37	6	6	10	1	2	0	0	0	0	0	0	0	0	
382	37	10	6	10	1	2	0	0	0	0	0	0	0	0	
383	37	10	8	10	1	2	0	0	0	0	0	0	0	0	
384	37	6	10	10	1	2	0	0	0	0	0	0	0	0	
385	37	8	10	10	1	2	0	0	0	0	0	0	0	0	
386	37	10	10	10	1	2	0	0	0	0	0	0	0	0	
387	32	12	1	-999	-999	2	0	0	0	0	0	0	0	0	
410	410	391	391	395	395	399	399	403	403	407	407	411	411	
410	410	391	391	395	395	399	399	403	403	407	407	411	411	
404	404	NULL	NULL	NULL	NULL	417	417	418	418	421	421	406	406	
404	404	NULL	NULL	NULL	NULL	417	417	418	418	421	421	406	406	
400	400	NULL	NULL	NULL	NULL	NULL	NULL	NULL	NULL	420	420	402	402	
400	400	NULL	NULL	NULL	NULL	NULL	NULL	NULL	NULL	420	420	402	402	
396	396	412	412	413	413	416	416	NULL	NULL	419	419	398	398	
396	396	412	412	413	413	416	416	NULL	NULL	419	419	398	398	
392	392	NULL	NULL	NULL	NULL	415	415	NULL	NULL	NULL	NULL	394	394	
392	392	NULL	NULL	NULL	NULL	415	415	NULL	NULL	NULL	NULL	394	394	
388	388	NULL	NULL	NULL	NULL	414	414	NULL	NULL	NULL	NULL	390	390	
388	388	NULL	NULL	NULL	NULL	414	414	NULL	NULL	NULL	NULL	390	390	
408	408	389	389	393	393	397	397	401	401	405	405	409	409	
408	408	389	389	393	393	397	397	401	401	405	405	409	409	
388	43	0	10	12	1	2	0	0	0	0	0	0	0	0	
389	43	2	12	12	1	2	0	0	0	0	0	0	0	0	
390	43	12	10	12	1	2	0	0	0	0	0	0	0	0	
391	43	2	0	12	1	2	0	0	0	0	0	0	0	0	
392	43	0	8	12	1	2	0	0	0	0	0	0	0	0	
393	43	4	12	12	1	2	0	0	0	0	0	0	0	0	
394	43	12	8	12	1	2	0	0	0	0	0	0	0	0	
395	43	4	0	12	1	2	0	0	0	0	0	0	0	0	
396	42	0	6	12	1	2	0	0	0	0	0	0	0	0	
397	42	6	12	12	1	2	0	0	0	0	0	0	0	0	
398	42	12	6	12	1	2	0	0	0	0	0	0	0	0	
399	42	6	0	12	1	2	0	0	0	0	0	0	0	0	
400	43	0	4	12	1	2	0	0	0	0	0	0	0	0	
401	43	8	12	12	1	2	0	0	0	0	0	0	0	0	
402	43	12	4	12	1	2	0	0	0	0	0	0	0	0	
403	43	8	0	12	1	2	0	0	0	0	0	0	0	0	
404	43	0	2	12	1	2	0	0	0	0	0	0	0	0	
405	43	10	12	12	1	2	0	0	0	0	0	0	0	0	
406	43	12	2	12	1	2	0	0	0	0	0	0	0	0	
407	43	10	0	12	1	2	0	0	0	0	0	0	0	0	
408	43	0	12	12	1	2	0	0	0	0	0	0	0	0	
409	43	12	12	12	1	2	0	0	0	0	0	0	0	0	
410	43	0	0	12	1	2	0	0	0	0	0	0	0	0	
411	43	12	0	12	1	2	0	0	0	0	0	0	0	0	
412	37	2	6	12	1	2	0	0	0	0	0	0	0	0	
413	37	4	6	12	1	2	0	0	0	0	0	0	0	0	
414	37	6	10	12	1	2	0	0	0	0	0	0	0	0	
415	37	6	8	12	1	2	0	0	0	0	0	0	0	0	
416	37	6	6	12	1	2	0	0	0	0	0	0	0	0	
417	37	6	2	12	1	2	0	0	0	0	0	0	0	0	
418	37	8	2	12	1	2	0	0	0	0	0	0	0	0	
419	37	10	6	12	1	2	0	0	0	0	0	0	0	0	
420	37	10	4	12	1	2	0	0	0	0	0	0	0	0	
421	37	10	2	12	1	2	0	0	0	0	0	0	0	0	
422	32	12	3	-999	-999	2	0	0	0	0	0	0	0	0	
443	443	423	423	427	427	431	431	435	435	439	439	445	445	
443	443	423	423	427	427	431	431	435	435	439	439	445	445	
424	424	NULL	NULL	NULL	NULL	447	447	448	448	449	449	426	426	
424	424	NULL	NULL	NULL	NULL	447	447	448	448	449	449	426	426	
428	428	NULL	NULL	NULL	NULL	NULL	NULL	NULL	NULL	450	450	430	430	
428	428	NULL	NULL	NULL	NULL	NULL	NULL	NULL	NULL	450	450	430	430	
432	432	451	451	452	452	453	453	NULL	NULL	454	454	434	434	
432	432	451	451	452	452	453	453	NULL	NULL	454	454	434	434	
436	436	NULL	NULL	NULL	NULL	455	455	NULL	NULL	NULL	NULL	438	438	
436	436	NULL	NULL	NULL	NULL	455	455	NULL	NULL	NULL	NULL	438	438	
440	440	NULL	NULL	NULL	NULL	456	456	NULL	NULL	NULL	NULL	442	442	
440	440	NULL	NULL	NULL	NULL	456	456	NULL	NULL	NULL	NULL	442	442	
444	444	425	425	429	429	433	433	437	437	441	441	446	446	
444	444	425	425	429	429	433	433	437	437	441	441	446	446	
423	43	2	0	12	3	2	0	0	0	0	0	0	0	0	
424	43	0	2	12	3	2	0	0	0	0	0	0	0	0	
425	43	2	12	12	3	2	0	0	0	0	0	0	0	0	
426	43	12	2	12	3	2	0	0	0	0	0	0	0	0	
427	43	4	0	12	3	2	0	0	0	0	0	0	0	0	
428	43	0	4	12	3	2	0	0	0	0	0	0	0	0	
429	43	4	12	12	3	2	0	0	0	0	0	0	0	0	
430	43	12	4	12	3	2	0	0	0	0	0	0	0	0	
431	42	6	0	12	3	2	0	0	0	0	0	0	0	0	
432	42	0	6	12	3	2	0	0	0	0	0	0	0	0	
433	42	6	12	12	3	2	0	0	0	0	0	0	0	0	
434	42	12	6	12	3	2	0	0	0	0	0	0	0	0	
435	43	8	0	12	3	2	0	0	0	0	0	0	0	0	
436	43	0	8	12	3	2	0	0	0	0	0	0	0	0	
437	43	8	12	12	3	2	0	0	0	0	0	0	0	0	
438	43	12	8	12	3	2	0	0	0	0	0	0	0	0	
439	43	10	0	12	3	2	0	0	0	0	0	0	0	0	
440	43	0	10	12	3	2	0	0	0	0	0	0	0	0	
441	43	10	12	12	3	2	0	0	0	0	0	0	0	0	
442	43	12	10	12	3	2	0	0	0	0	0	0	0	0	
443	43	0	0	12	3	2	0	0	0	0	0	0	0	0	
444	43	0	12	12	3	2	0	0	0	0	0	0	0	0	
445	43	12	0	12	3	2	0	0	0	0	0	0	0	0	
446	43	12	12	12	3	2	0	0	0	0	0	0	0	0	
447	37	6	2	12	3	2	0	0	0	0	0	0	0	0	
448	37	8	2	12	3	2	0	0	0	0	0	0	0	0	
449	37	10	2	12	3	2	0	0	0	0	0	0	0	0	
450	37	10	4	12	3	2	0	0	0	0	0	0	0	0	
451	37	2	6	12	3	2	0	0	0	0	0	0	0	0	
452	37	4	6	12	3	2	0	0	0	0	0	0	0	0	
453	37	6	6	12	3	2	0	0	0	0	0	0	0	0	
454	37	10	6	12	3	2	0	0	0	0	0	0	0	0	
455	37	6	8	12	3	2	0	0	0	0	0	0	0	0	
456	37	6	10	12	3	2	0	0	0	0	0	0	0	0	
457	32	14	3	-999	-999	2	0	0	0	0	0	0	0	0	
478	478	458	458	462	462	466	466	470	470	474	474	480	480	
478	478	458	458	462	462	466	466	470	470	474	474	480	480	
459	459	NULL	NULL	NULL	NULL	482	482	483	483	484	484	461	461	
459	459	NULL	NULL	NULL	NULL	482	482	483	483	484	484	461	461	
463	463	NULL	NULL	NULL	NULL	NULL	NULL	NULL	NULL	485	485	465	465	
463	463	NULL	NULL	NULL	NULL	NULL	NULL	NULL	NULL	485	485	465	465	
467	467	486	486	487	487	488	488	NULL	NULL	489	489	469	469	
467	467	486	486	487	487	488	488	NULL	NULL	489	489	469	469	
471	471	NULL	NULL	NULL	NULL	490	490	NULL	NULL	NULL	NULL	473	473	
471	471	NULL	NULL	NULL	NULL	490	490	NULL	NULL	NULL	NULL	473	473	
475	475	NULL	NULL	NULL	NULL	491	491	NULL	NULL	NULL	NULL	477	477	
475	475	NULL	NULL	NULL	NULL	491	491	NULL	NULL	NULL	NULL	477	477	
479	479	460	460	464	464	468	468	472	472	476	476	481	481	
479	479	460	460	464	464	468	468	472	472	476	476	481	481	
458	43	2	0	14	3	2	0	0	0	0	0	0	0	0	
459	43	0	2	14	3	2	0	0	0	0	0	0	0	0	
460	43	2	12	14	3	2	0	0	0	0	0	0	0	0	
461	43	12	2	14	3	2	0	0	0	0	0	0	0	0	
462	43	4	0	14	3	2	0	0	0	0	0	0	0	0	
463	43	0	4	14	3	2	0	0	0	0	0	0	0	0	
464	43	4	12	14	3	2	0	0	0	0	0	0	0	0	
465	43	12	4	14	3	2	0	0	0	0	0	0	0	0	
466	42	6	0	14	3	2	0	0	0	0	0	0	0	0	
467	42	0	6	14	3	2	0	0	0	0	0	0	0	0	
468	42	6	12	14	3	2	0	0	0	0	0	0	0	0	
469	42	12	6	14	3	2	0	0	0	0	0	0	0	0	
470	43	8	0	14	3	2	0	0	0	0	0	0	0	0	
471	43	0	8	14	3	2	0	0	0	0	0	0	0	0	
472	43	8	12	14	3	2	0	0	0	0	0	0	0	0	
473	43	12	8	14	3	2	0	0	0	0	0	0	0	0	
474	43	10	0	14	3	2	0	0	0	0	0	0	0	0	
475	43	0	10	14	3	2	0	0	0	0	0	0	0	0	
476	43	10	12	14	3	2	0	0	0	0	0	0	0	0	
477	43	12	10	14	3	2	0	0	0	0	0	0	0	0	
478	43	0	0	14	3	2	0	0	0	0	0	0	0	0	
479	43	0	12	14	3	2	0	0	0	0	0	0	0	0	
480	43	12	0	14	3	2	0	0	0	0	0	0	0	0	
481	43	12	12	14	3	2	0	0	0	0	0	0	0	0	
482	37	6	2	14	3	2	0	0	0	0	0	0	0	0	
483	37	8	2	14	3	2	0	0	0	0	0	0	0	0	
484	37	10	2	14	3	2	0	0	0	0	0	0	0	0	
485	37	10	4	14	3	2	0	0	0	0	0	0	0	0	
486	37	2	6	14	3	2	0	0	0	0	0	0	0	0	
487	37	4	6	14	3	2	0	0	0	0	0	0	0	0	
488	37	6	6	14	3	2	0	0	0	0	0	0	0	0	
489	37	10	6	14	3	2	0	0	0	0	0	0	0	0	
490	37	6	8	14	3	2	0	0	0	0	0	0	0	0	
491	37	6	10	14	3	2	0	0	0	0	0	0	0	0	
492	32	14	5	-999	-999	2	0	0	0	0	0	0	0	0	
513	513	493	493	497	497	501	501	505	505	509	509	515	515	
513	513	493	493	497	497	501	501	505	505	509	509	515	515	
494	494	NULL	NULL	NULL	NULL	517	517	518	518	519	519	496	496	
494	494	NULL	NULL	NULL	NULL	517	517	518	518	519	519	496	496	
498	498	NULL	NULL	NULL	NULL	NULL	NULL	NULL	NULL	520	520	500	500	
498	498	NULL	NULL	NULL	NULL	NULL	NULL	NULL	NULL	520	520	500	500	
502	502	521	521	522	522	523	523	NULL	NULL	524	524	504	504	
502	502	521	521	522	522	523	523	NULL	NULL	524	524	504	504	
506	506	NULL	NULL	NULL	NULL	525	525	NULL	NULL	NULL	NULL	508	508	
506	506	NULL	NULL	NULL	NULL	525	525	NULL	NULL	NULL	NULL	508	508	
510	510	NULL	NULL	NULL	NULL	526	526	NULL	NULL	NULL	NULL	512	512	
510	510	NULL	NULL	NULL	NULL	526	526	NULL	NULL	NULL	NULL	512	512	
514	514	495	495	499	499	503	503	507	507	511	511	516	516	
514	514	495	495	499	499	503	503	507	507	511	511	516	516	
493	43	2	0	14	5	2	0	0	0	0	0	0	0	0	
494	43	0	2	14	5	2	0	0	0	0	0	0	0	0	
495	43	2	12	14	5	2	0	0	0	0	0	0	0	0	
496	43	12	2	14	5	2	0	0	0	0	0	0	0	0	
497	43	4	0	14	5	2	0	0	0	0	0	0	0	0	
498	43	0	4	14	5	2	0	0	0	0	0	0	0	0	
499	43	4	12	14	5	2	0	0	0	0	0	0	0	0	
500	43	12	4	14	5	2	0	0	0	0	0	0	0	0	
501	42	6	0	14	5	2	0	0	0	0	0	0	0	0	
502	42	0	6	14	5	2	0	0	0	0	0	0	0	0	
503	42	6	12	14	5	2	0	0	0	0	0	0	0	0	
504	42	12	6	14	5	2	0	0	0	0	0	0	0	0	
505	43	8	0	14	5	2	0	0	0	0	0	0	0	0	
506	43	0	8	14	5	2	0	0	0	0	0	0	0	0	
507	43	8	12	14	5	2	0	0	0	0	0	0	0	0	
508	43	12	8	14	5	2	0	0	0	0	0	0	0	0	
509	43	10	0	14	5	2	0	0	0	0	0	0	0	0	
510	43	0	10	14	5	2	0	0	0	0	0	0	0	0	
511	43	10	12	14	5	2	0	0	0	0	0	0	0	0	
512	43	12	10	14	5	2	0	0	0	0	0	0	0	0	
513	43	0	0	14	5	2	0	0	0	0	0	0	0	0	
514	43	0	12	14	5	2	0	0	0	0	0	0	0	0	
515	43	12	0	14	5	2	0	0	0	0	0	0	0	0	
516	43	12	12	14	5	2	0	0	0	0	0	0	0	0	
517	37	6	2	14	5	2	0	0	0	0	0	0	0	0	
518	37	8	2	14	5	2	0	0	0	0	0	0	0	0	
519	37	10	2	14	5	2	0	0	0	0	0	0	0	0	
520	37	10	4	14	5	2	0	0	0	0	0	0	0	0	
521	37	2	6	14	5	2	0	0	0	0	0	0	0	0	
522	37	4	6	14	5	2	0	0	0	0	0	0	0	0	
523	37	6	6	14	5	2	0	0	0	0	0	0	0	0	
524	37	10	6	14	5	2	0	0	0	0	0	0	0	0	
525	37	6	8	14	5	2	0	0	0	0	0	0	0	0	
526	37	6	10	14	5	2	0	0	0	0	0	0	0	0	
527	32	16	5	-999	-999	2	0	0	0	0	0	0	0	0	
548	548	528	528	532	532	536	536	540	540	544	544	550	550	
548	548	528	528	532	532	536	536	540	540	544	544	550	550	
529	529	NULL	NULL	NULL	NULL	552	552	553	553	554	554	531	531	
529	529	NULL	NULL	NULL	NULL	552	552	553	553	554	554	531	531	
533	533	NULL	NULL	NULL	NULL	NULL	NULL	NULL	NULL	555	555	535	535	
533	533	NULL	NULL	NULL	NULL	NULL	NULL	NULL	NULL	555	555	535	535	
537	537	556	556	557	557	558	558	NULL	NULL	559	559	539	539	
537	537	556	556	557	557	558	558	NULL	NULL	559	559	539	539	
541	541	NULL	NULL	NULL	NULL	560	560	NULL	NULL	NULL	NULL	543	543	
541	541	NULL	NULL	NULL	NULL	560	560	NULL	NULL	NULL	NULL	543	543	
545	545	NULL	NULL	NULL	NULL	561	561	NULL	NULL	NULL	NULL	547	547	
545	545	NULL	NULL	NULL	NULL	561	561	NULL	NULL	NULL	NULL	547	547	
549	549	530	530	534	534	538	538	542	542	546	546	551	551	
549	549	530	530	534	534	538	538	542	542	546	546	551	551	
528	43	2	0	16	5	2	0	0	0	0	0	0	0	0	
529	43	0	2	16	5	2	0	0	0	0	0	0	0	0	
530	43	2	12	16	5	2	0	0	0	0	0	0	0	0	
531	43	12	2	16	5	2	0	0	0	0	0	0	0	0	
532	43	4	0	16	5	2	0	0	0	0	0	0	0	0	
533	43	0	4	16	5	2	0	0	0	0	0	0	0	0	
534	43	4	12	16	5	2	0	0	0	0	0	0	0	0	
535	43	12	4	16	5	2	0	0	0	0	0	0	0	0	
536	42	6	0	16	5	2	0	0	0	0	0	0	0	0	
537	42	0	6	16	5	2	0	0	0	0	0	0	0	0	
538	42	6	12	16	5	2	0	0	0	0	0	0	0	0	
539	42	12	6	16	5	2	0	0	0	0	0	0	0	0	
540	43	8	0	16	5	2	0	0	0	0	0	0	0	0	
541	43	0	8	16	5	2	0	0	0	0	0	0	0	0	
542	43	8	12	16	5	2	0	0	0	0	0	0	0	0	
543	43	12	8	16	5	2	0	0	0	0	0	0	0	0	
544	43	10	0	16	5	2	0	0	0	0	0	0	0	0	
545	43	0	10	16	5	2	0	0	0	0	0	0	0	0	
546	43	10	12	16	5	2	0	0	0	0	0	0	0	0	
547	43	12	10	16	5	2	0	0	0	0	0	0	0	0	
548	43	0	0	16	5	2	0	0	0	0	0	0	0	0	
549	43	0	12	16	5	2	0	0	0	0	0	0	0	0	
550	43	12	0	16	5	2	0	0	0	0	0	0	0	0	
551	43	12	12	16	5	2	0	0	0	0	0	0	0	0	
552	37	6	2	16	5	2	0	0	0	0	0	0	0	0	
553	37	8	2	16	5	2	0	0	0	0	0	0	0	0	
554	37	10	2	16	5	2	0	0	0	0	0	0	0	0	
555	37	10	4	16	5	2	0	0	0	0	0	0	0	0	
556	37	2	6	16	5	2	0	0	0	0	0	0	0	0	
557	37	4	6	16	5	2	0	0	0	0	0	0	0	0	
558	37	6	6	16	5	2	0	0	0	0	0	0	0	0	
559	37	10	6	16	5	2	0	0	0	0	0	0	0	0	
560	37	6	8	16	5	2	0	0	0	0	0	0	0	0	
561	37	6	10	16	5	2	0	0	0	0	0	0	0	0	
562	32	16	7	-999	-999	2	0	0	0	0	0	0	0	0	
583	583	563	563	567	567	571	571	575	575	579	579	585	585	
583	583	563	563	567	567	571	571	575	575	579	579	585	585	
564	564	NULL	NULL	NULL	NULL	587	587	588	588	589	589	566	566	
564	564	NULL	NULL	NULL	NULL	587	587	588	588	589	589	566	566	
568	568	NULL	NULL	NULL	NULL	NULL	NULL	NULL	NULL	590	590	570	570	
568	568	NULL	NULL	NULL	NULL	NULL	NULL	NULL	NULL	590	590	570	570	
572	572	591	591	592	592	593	593	NULL	NULL	594	594	574	574	
572	572	591	591	592	592	593	593	NULL	NULL	594	594	574	574	
576	576	NULL	NULL	NULL	NULL	595	595	NULL	NULL	NULL	NULL	578	578	
576	576	NULL	NULL	NULL	NULL	595	595	NULL	NULL	NULL	NULL	578	578	
580	580	NULL	NULL	NULL	NULL	596	596	NULL	NULL	NULL	NULL	582	582	
580	580	NULL	NULL	NULL	NULL	596	596	NULL	NULL	NULL	NULL	582	582	
584	584	565	565	569	569	573	573	577	577	581	581	586	586	
584	584	565	565	569	569	573	573	577	577	581	581	586	586	
563	43	2	0	16	7	2	0	0	0	0	0	0	0	0	
564	43	0	2	16	7	2	0	0	0	0	0	0	0	0	
565	43	2	12	16	7	2	0	0	0	0	0	0	0	0	
566	43	12	2	16	7	2	0	0	0	0	0	0	0	0	
567	43	4	0	16	7	2	0	0	0	0	0	0	0	0	
568	43	0	4	16	7	2	0	0	0	0	0	0	0	0	
569	43	4	12	16	7	2	0	0	0	0	0	0	0	0	
570	43	12	4	16	7	2	0	0	0	0	0	0	0	0	
571	42	6	0	16	7	2	0	0	0	0	0	0	0	0	
572	42	0	6	16	7	2	0	0	0	0	0	0	0	0	
573	42	6	12	16	7	2	0	0	0	0	0	0	0	0	
574	42	12	6	16	7	2	0	0	0	0	0	0	0	0	
575	43	8	0	16	7	2	0	0	0	0	0	0	0	0	
576	43	0	8	16	7	2	0	0	0	0	0	0	0	0	
577	43	8	12	16	7	2	0	0	0	0	0	0	0	0	
578	43	12	8	16	7	2	0	0	0	0	0	0	0	0	
579	43	10	0	16	7	2	0	0	0	0	0	0	0	0	
580	43	0	10	16	7	2	0	0	0	0	0	0	0	0	
581	43	10	12	16	7	2	0	0	0	0	0	0	0	0	
582	43	12	10	16	7	2	0	0	0	0	0	0	0	0	
583	43	0	0	16	7	2	0	0	0	0	0	0	0	0	
584	43	0	12	16	7	2	0	0	0	0	0	0	0	0	
585	43	12	0	16	7	2	0	0	0	0	0	0	0	0	
586	43	12	12	16	7	2	0	0	0	0	0	0	0	0	
587	37	6	2	16	7	2	0	0	0	0	0	0	0	0	
588	37	8	2	16	7	2	0	0	0	0	0	0	0	0	
589	37	10	2	16	7	2	0	0	0	0	0	0	0	0	
590	37	10	4	16	7	2	0	0	0	0	0	0	0	0	
591	37	2	6	16	7	2	0	0	0	0	0	0	0	0	
592	37	4	6	16	7	2	0	0	0	0	0	0	0	0	
593	37	6	6	16	7	2	0	0	0	0	0	0	0	0	
594	37	10	6	16	7	2	0	0	0	0	0	0	0	0	
595	37	6	8	16	7	2	0	0	0	0	0	0	0	0	
596	37	6	10	16	7	2	0	0	0	0	0	0	0	0	
597	32	18	7	-999	-999	2	0	0	0	0	0	0	0	0	
618	618	598	598	602	602	606	606	610	610	614	614	620	620	
618	618	598	598	602	602	606	606	610	610	614	614	620	620	
599	599	NULL	NULL	NULL	NULL	622	622	623	623	624	624	601	601	
599	599	NULL	NULL	NULL	NULL	622	622	623	623	624	624	601	601	
603	603	NULL	NULL	NULL	NULL	NULL	NULL	NULL	NULL	625	625	605	605	
603	603	NULL	NULL	NULL	NULL	NULL	NULL	NULL	NULL	625	625	605	605	
607	607	626	626	627	627	628	628	NULL	NULL	629	629	609	609	
607	607	626	626	627	627	628	628	NULL	NULL	629	629	609	609	
611	611	NULL	NULL	NULL	NULL	630	630	NULL	NULL	NULL	NULL	613	613	
611	611	NULL	NULL	NULL	NULL	630	630	NULL	NULL	NULL	NULL	613	613	
615	615	NULL	NULL	NULL	NULL	631	631	NULL	NULL	NULL	NULL	617	617	
615	615	NULL	NULL	NULL	NULL	631	631	NULL	NULL	NULL	NULL	617	617	
619	619	600	600	604	604	608	608	612	612	616	616	621	621	
619	619	600	600	604	604	608	608	612	612	616	616	621	621	
598	43	2	0	18	7	2	0	0	0	0	0	0	0	0	
599	43	0	2	18	7	2	0	0	0	0	0	0	0	0	
600	43	2	12	18	7	2	0	0	0	0	0	0	0	0	
601	43	12	2	18	7	2	0	0	0	0	0	0	0	0	
602	43	4	0	18	7	2	0	0	0	0	0	0	0	0	
603	43	0	4	18	7	2	0	0	0	0	0	0	0	0	
604	43	4	12	18	7	2	0	0	0	0	0	0	0	0	
605	43	12	4	18	7	2	0	0	0	0	0	0	0	0	
606	42	6	0	18	7	2	0	0	0	0	0	0	0	0	
607	42	0	6	18	7	2	0	0	0	0	0	0	0	0	
608	42	6	12	18	7	2	0	0	0	0	0	0	0	0	
609	42	12	6	18	7	2	0	0	0	0	0	0	0	0	
610	43	8	0	18	7	2	0	0	0	0	0	0	0	0	
611	43	0	8	18	7	2	0	0	0	0	0	0	0	0	
612	43	8	12	18	7	2	0	0	0	0	0	0	0	0	
613	43	12	8	18	7	2	0	0	0	0	0	0	0	0	
614	43	10	0	18	7	2	0	0	0	0	0	0	0	0	
615	43	0	10	18	7	2	0	0	0	0	0	0	0	0	
616	43	10	12	18	7	2	0	0	0	0	0	0	0	0	
617	43	12	10	18	7	2	0	0	0	0	0	0	0	0	
618	43	0	0	18	7	2	0	0	0	0	0	0	0	0	
619	43	0	12	18	7	2	0	0	0	0	0	0	0	0	
620	43	12	0	18	7	2	0	0	0	0	0	0	0	0	
621	43	12	12	18	7	2	0	0	0	0	0	0	0	0	
622	37	6	2	18	7	2	0	0	0	0	0	0	0	0	
623	37	8	2	18	7	2	0	0	0	0	0	0	0	0	
624	37	10	2	18	7	2	0	0	0	0	0	0	0	0	
625	37	10	4	18	7	2	0	0	0	0	0	0	0	0	
626	37	2	6	18	7	2	0	0	0	0	0	0	0	0	
627	37	4	6	18	7	2	0	0	0	0	0	0	0	0	
628	37	6	6	18	7	2	0	0	0	0	0	0	0	0	
629	37	10	6	18	7	2	0	0	0	0	0	0	0	0	
630	37	6	8	18	7	2	0	0	0	0	0	0	0	0	
631	37	6	10	18	7	2	0	0	0	0	0	0	0	0	
632	32	18	9	-999	-999	2	0	0	0	0	0	0	0	0	
653	653	633	633	637	637	641	641	645	645	649	649	655	655	
653	653	633	633	637	637	641	641	645	645	649	649	655	655	
634	634	NULL	NULL	NULL	NULL	657	657	658	658	659	659	636	636	
634	634	NULL	NULL	NULL	NULL	657	657	658	658	659	659	636	636	
638	638	NULL	NULL	NULL	NULL	NULL	NULL	NULL	NULL	660	660	640	640	
638	638	NULL	NULL	NULL	NULL	NULL	NULL	NULL	NULL	660	660	640	640	
642	642	661	661	662	662	663	663	NULL	NULL	664	664	644	644	
642	642	661	661	662	662	663	663	NULL	NULL	664	664	644	644	
646	646	NULL	NULL	NULL	NULL	665	665	NULL	NULL	NULL	NULL	648	648	
646	646	NULL	NULL	NULL	NULL	665	665	NULL	NULL	NULL	NULL	648	648	
650	650	NULL	NULL	NULL	NULL	666	666	NULL	NULL	NULL	NULL	652	652	
650	650	NULL	NULL	NULL	NULL	666	666	NULL	NULL	NULL	NULL	652	652	
654	654	635	635	639	639	643	643	647	647	651	651	656	656	
654	654	635	635	639	639	643	643	647	647	651	651	656	656	
633	43	2	0	18	9	2	0	0	0	0	0	0	0	0	
634	43	0	2	18	9	2	0	0	0	0	0	0	0	0	
635	43	2	12	18	9	2	0	0	0	0	0	0	0	0	
636	43	12	2	18	9	2	0	0	0	0	0	0	0	0	
637	43	4	0	18	9	2	0	0	0	0	0	0	0	0	
638	43	0	4	18	9	2	0	0	0	0	0	0	0	0	
639	43	4	12	18	9	2	0	0	0	0	0	0	0	0	
640	43	12	4	18	9	2	0	0	0	0	0	0	0	0	
641	42	6	0	18	9	2	0	0	0	0	0	0	0	0	
642	42	0	6	18	9	2	0	0	0	0	0	0	0	0	
643	42	6	12	18	9	2	0	0	0	0	0	0	0	0	
644	42	12	6	18	9	2	0	0	0	0	0	0	0	0	
645	43	8	0	18	9	2	0	0	0	0	0	0	0	0	
646	43	0	8	18	9	2	0	0	0	0	0	0	0	0	
647	43	8	12	18	9	2	0	0	0	0	0	0	0	0	
648	43	12	8	18	9	2	0	0	0	0	0	0	0	0	
649	43	10	0	18	9	2	0	0	0	0	0	0	0	0	
650	43	0	10	18	9	2	0	0	0	0	0	0	0	0	
651	43	10	12	18	9	2	0	0	0	0	0	0	0	0	
652	43	12	10	18	9	2	0	0	0	0	0	0	0	0	
653	43	0	0	18	9	2	0	0	0	0	0	0	0	0	
654	43	0	12	18	9	2	0	0	0	0	0	0	0	0	
655	43	12	0	18	9	2	0	0	0	0	0	0	0	0	
656	43	12	12	18	9	2	0	0	0	0	0	0	0	0	
657	37	6	2	18	9	2	0	0	0	0	0	0	0	0	
658	37	8	2	18	9	2	0	0	0	0	0	0	0	0	
659	37	10	2	18	9	2	0	0	0	0	0	0	0	0	
660	37	10	4	18	9	2	0	0	0	0	0	0	0	0	
661	37	2	6	18	9	2	0	0	0	0	0	0	0	0	
662	37	4	6	18	9	2	0	0	0	0	0	0	0	0	
663	37	6	6	18	9	2	0	0	0	0	0	0	0	0	
664	37	10	6	18	9	2	0	0	0	0	0	0	0	0	
665	37	6	8	18	9	2	0	0	0	0	0	0	0	0	
666	37	6	10	18	9	2	0	0	0	0	0	0	0	0	
667	32	20	9	-999	-999	2	0	0	0	0	0	0	0	0	
688	688	668	668	672	672	676	676	680	680	684	684	690	690	
688	688	668	668	672	672	676	676	680	680	684	684	690	690	
669	669	NULL	NULL	NULL	NULL	692	692	693	693	694	694	671	671	
669	669	NULL	NULL	NULL	NULL	692	692	693	693	694	694	671	671	
673	673	NULL	NULL	NULL	NULL	NULL	NULL	NULL	NULL	695	695	675	675	
673	673	NULL	NULL	NULL	NULL	NULL	NULL	NULL	NULL	695	695	675	675	
677	677	696	696	697	697	698	698	NULL	NULL	699	699	679	679	
677	677	696	696	697	697	698	698	NULL	NULL	699	699	679	679	
681	681	NULL	NULL	NULL	NULL	700	700	NULL	NULL	NULL	NULL	683	683	
681	681	NULL	NULL	NULL	NULL	700	700	NULL	NULL	NULL	NULL	683	683	
685	685	NULL	NULL	NULL	NULL	701	701	NULL	NULL	NULL	NULL	687	687	
685	685	NULL	NULL	NULL	NULL	701	701	NULL	NULL	NULL	NULL	687	687	
689	689	670	670	674	674	678	678	682	682	686	686	691	691	
689	689	670	670	674	674	678	678	682	682	686	686	691	691	
668	43	2	0	20	9	2	0	0	0	0	0	0	0	0	
669	43	0	2	20	9	2	0	0	0	0	0	0	0	0	
670	43	2	12	20	9	2	0	0	0	0	0	0	0	0	
671	43	12	2	20	9	2	0	0	0	0	0	0	0	0	
672	43	4	0	20	9	2	0	0	0	0	0	0	0	0	
673	43	0	4	20	9	2	0	0	0	0	0	0	0	0	
674	43	4	12	20	9	2	0	0	0	0	0	0	0	0	
675	43	12	4	20	9	2	0	0	0	0	0	0	0	0	
676	42	6	0	20	9	2	0	0	0	0	0	0	0	0	
677	42	0	6	20	9	2	0	0	0	0	0	0	0	0	
678	42	6	12	20	9	2	0	0	0	0	0	0	0	0	
679	42	12	6	20	9	2	0	0	0	0	0	0	0	0	
680	43	8	0	20	9	2	0	0	0	0	0	0	0	0	
681	43	0	8	20	9	2	0	0	0	0	0	0	0	0	
682	43	8	12	20	9	2	0	0	0	0	0	0	0	0	
683	43	12	8	20	9	2	0	0	0	0	0	0	0	0	
684	43	10	0	20	9	2	0	0	0	0	0	0	0	0	
685	43	0	10	20	9	2	0	0	0	0	0	0	0	0	
686	43	10	12	20	9	2	0	0	0	0	0	0	0	0	
687	43	12	10	20	9	2	0	0	0	0	0	0	0	0	
688	43	0	0	20	9	2	0	0	0	0	0	0	0	0	
689	43	0	12	20	9	2	0	0	0	0	0	0	0	0	
690	43	12	0	20	9	2	0	0	0	0	0	0	0	0	
691	43	12	12	20	9	2	0	0	0	0	0	0	0	0	
692	37	6	2	20	9	2	0	0	0	0	0	0	0	0	
693	37	8	2	20	9	2	0	0	0	0	0	0	0	0	
694	37	10	2	20	9	2	0	0	0	0	0	0	0	0	
695	37	10	4	20	9	2	0	0	0	0	0	0	0	0	
696	37	2	6	20	9	2	0	0	0	0	0	0	0	0	
697	37	4	6	20	9	2	0	0	0	0	0	0	0	0	
698	37	6	6	20	9	2	0	0	0	0	0	0	0	0	
699	37	10	6	20	9	2	0	0	0	0	0	0	0	0	
700	37	6	8	20	9	2	0	0	0	0	0	0	0	0	
701	37	6	10	20	9	2	0	0	0	0	0	0	0	0	
702	32	20	11	-999	-999	2	0	0	0	0	0	0	0	0	
723	723	703	703	707	707	711	711	715	715	719	719	725	725	
723	723	703	703	707	707	711	711	715	715	719	719	725	725	
704	704	NULL	NULL	NULL	NULL	727	727	728	728	729	729	706	706	
704	704	NULL	NULL	NULL	NULL	727	727	728	728	729	729	706	706	
708	708	NULL	NULL	NULL	NULL	NULL	NULL	NULL	NULL	730	730	710	710	
708	708	NULL	NULL	NULL	NULL	NULL	NULL	NULL	NULL	730	730	710	710	
712	712	731	731	732	732	733	733	NULL	NULL	734	734	714	714	
712	712	731	731	732	732	733	733	NULL	NULL	734	734	714	714	
716	716	NULL	NULL	NULL	NULL	735	735	NULL	NULL	NULL	NULL	718	718	
716	716	NULL	NULL	NULL	NULL	735	735	NULL	NULL	NULL	NULL	718	718	
720	720	NULL	NULL	NULL	NULL	736	736	NULL	NULL	NULL	NULL	722	722	
720	720	NULL	NULL	NULL	NULL	736	736	NULL	NULL	NULL	NULL	722	722	
724	724	705	705	709	709	713	713	717	717	721	721	726	726	
724	724	705	705	709	709	713	713	717	717	721	721	726	726	
703	43	2	0	20	11	2	0	0	0	0	0	0	0	0	
704	43	0	2	20	11	2	0	0	0	0	0	0	0	0	
705	43	2	12	20	11	2	0	0	0	0	0	0	0	0	
706	43	12	2	20	11	2	0	0	0	0	0	0	0	0	
707	43	4	0	20	11	2	0	0	0	0	0	0	0	0	
708	43	0	4	20	11	2	0	0	0	0	0	0	0	0	
709	43	4	12	20	11	2	0	0	0	0	0	0	0	0	
710	43	12	4	20	11	2	0	0	0	0	0	0	0	0	
711	42	6	0	20	11	2	0	0	0	0	0	0	0	0	
712	42	0	6	20	11	2	0	0	0	0	0	0	0	0	
713	42	6	12	20	11	2	0	0	0	0	0	0	0	0	
714	42	12	6	20	11	2	0	0	0	0	0	0	0	0	
715	43	8	0	20	11	2	0	0	0	0	0	0	0	0	
716	43	0	8	20	11	2	0	0	0	0	0	0	0	0	
717	43	8	12	20	11	2	0	0	0	0	0	0	0	0	
718	43	12	8	20	11	2	0	0	0	0	0	0	0	0	
719	43	10	0	20	11	2	0	0	0	0	0	0	0	0	
720	43	0	10	20	11	2	0	0	0	0	0	0	0	0	
721	43	10	12	20	11	2	0	0	0	0	0	0	0	0	
722	43	12	10	20	11	2	0	0	0	0	0	0	0	0	
723	43	0	0	20	11	2	0	0	0	0	0	0	0	0	
724	43	0	12	20	11	2	0	0	0	0	0	0	0	0	
725	43	12	0	20	11	2	0	0	0	0	0	0	0	0	
726	43	12	12	20	11	2	0	0	0	0	0	0	0	0	
727	37	6	2	20	11	2	0	0	0	0	0	0	0	0	
728	37	8	2	20	11	2	0	0	0	0	0	0	0	0	
729	37	10	2	20	11	2	0	0	0	0	0	0	0	0	
730	37	10	4	20	11	2	0	0	0	0	0	0	0	0	
731	37	2	6	20	11	2	0	0	0	0	0	0	0	0	
732	37	4	6	20	11	2	0	0	0	0	0	0	0	0	
733	37	6	6	20	11	2	0	0	0	0	0	0	0	0	
734	37	10	6	20	11	2	0	0	0	0	0	0	0	0	
735	37	6	8	20	11	2	0	0	0	0	0	0	0	0	
736	37	6	10	20	11	2	0	0	0	0	0	0	0	0	
NULL	NULL	NULL	NULL	NULL	NULL	NULL	NULL	NULL	NULL	NULL	NULL	NULL	NULL	NULL	NULL	NULL	NULL	NULL	NULL	NULL	NULL	NULL	NULL	
NULL	NULL	NULL	NULL	NULL	NULL	NULL	NULL	NULL	NULL	352	352	387	387	NULL	NULL	NULL	NULL	NULL	NULL	NULL	NULL	NULL	NULL	
NULL	NULL	NULL	NULL	NULL	NULL	NULL	NULL	NULL	NULL	352	352	387	387	NULL	NULL	NULL	NULL	NULL	NULL	NULL	NULL	NULL	NULL	
NULL	NULL	NULL	NULL	NULL	NULL	NULL	NULL	282	282	317	317	422	422	457	457	NULL	NULL	NULL	NULL	NULL	NULL	NULL	NULL	
NULL	NULL	NULL	NULL	NULL	NULL	NULL	NULL	282	282	317	317	422	422	457	457	NULL	NULL	NULL	NULL	NULL	NULL	NULL	NULL	
NULL	NULL	NULL	NULL	NULL	NULL	212	212	247	247	NULL	NULL	NULL	NULL	492	492	527	527	NULL	NULL	NULL	NULL	NULL	NULL	
NULL	NULL	NULL	NULL	NULL	NULL	212	212	247	247	NULL	NULL	NULL	NULL	492	492	527	527	NULL	NULL	NULL	NULL	NULL	NULL	
NULL	NULL	NULL	NULL	142	142	177	177	NULL	NULL	NULL	NULL	NULL	NULL	NULL	NULL	562	562	597	597	NULL	NULL	NULL	NULL	
NULL	NULL	NULL	NULL	142	142	177	177	NULL	NULL	NULL	NULL	NULL	NULL	NULL	NULL	562	562	597	597	NULL	NULL	NULL	NULL	
NULL	NULL	72	72	107	107	NULL	NULL	NULL	NULL	NULL	NULL	NULL	NULL	NULL	NULL	NULL	NULL	632	632	667	667	NULL	NULL	
NULL	NULL	72	72	107	107	NULL	NULL	NULL	NULL	NULL	NULL	NULL	NULL	NULL	NULL	NULL	NULL	632	632	667	667	NULL	NULL	
1	1	37	37	NULL	NULL	NULL	NULL	NULL	NULL	NULL	2	2	NULL	NULL	NULL	NULL	NULL	NULL	NULL	702	702	0	0	
1	1	37	37	NULL	NULL	NULL	NULL	NULL	NULL	NULL	2	2	NULL	NULL	NULL	NULL	NULL	NULL	NULL	702	702	0	0	
NULL	NULL	NULL	NULL	NULL	NULL	NULL	NULL	NULL	NULL	NULL	NULL	NULL	NULL	NULL	NULL	NULL	NULL	NULL	NULL	NULL	NULL	NULL	NULL	
NULL	NULL	NULL	NULL	NULL	NULL	NULL	NULL	NULL	NULL	NULL	NULL	NULL	NULL	NULL	NULL	NULL	NULL	NULL	NULL	NULL	NULL	NULL	NULL	
NULL	NULL	NULL	NULL	NULL	NULL	NULL	NULL	NULL	NULL	NULL	NULL	NULL	NULL	NULL	NULL	NULL	NULL	NULL	NULL	NULL	NULL	NULL	NULL	
NULL	NULL	NULL	NULL	NULL	NULL	NULL	NULL	NULL	NULL	NULL	NULL	NULL	NULL	NULL	NULL	NULL	NULL	NULL	NULL	NULL	NULL	NULL	NULL	
NULL	NULL	NULL	NULL	NULL	NULL	NULL	NULL	NULL	NULL	NULL	NULL	NULL	NULL	NULL	NULL	NULL	NULL	NULL	NULL	NULL	NULL	NULL	NULL	
NULL	NULL	NULL	NULL	NULL	NULL	NULL	NULL	NULL	NULL	NULL	NULL	NULL	NULL	NULL	NULL	NULL	NULL	NULL	NULL	NULL	NULL	NULL	NULL	
NULL	NULL	NULL	NULL	NULL	NULL	NULL	NULL	NULL	NULL	NULL	NULL	NULL	NULL	NULL	NULL	NULL	NULL	NULL	NULL	NULL	NULL	NULL	NULL	
NULL	NULL	NULL	NULL	NULL	NULL	NULL	NULL	NULL	NULL	NULL	NULL	NULL	NULL	NULL	NULL	NULL	NULL	NULL	NULL	NULL	NULL	NULL	NULL	
NULL	NULL	NULL	NULL	NULL	NULL	NULL	NULL	NULL	NULL	NULL	NULL	NULL	NULL	NULL	NULL	NULL	NULL	NULL	NULL	NULL	NULL	NULL	NULL	
NULL	NULL	NULL	NULL	NULL	NULL	NULL	NULL	NULL	NULL	NULL	NULL	NULL	NULL	NULL	NULL	NULL	NULL	NULL	NULL	NULL	NULL	NULL	NULL	
NULL	NULL	NULL	NULL	NULL	NULL	NULL	NULL	NULL	NULL	NULL	NULL	NULL	NULL	NULL	NULL	NULL	NULL	NULL	NULL	NULL	NULL	NULL	NULL	
