374
0	34	8	6	-999	-999	3	0	0	0	0	0	0	0	0	1	
1	34	10	12	-999	-999	2	0	0	0	0	0	0	0	0	1	
2	34	10	6	-999	-999	3	0	0	0	0	0	0	0	0	1	
3	34	6	8	-999	-999	3	0	0	0	0	0	0	0	0	1	
4	34	10	10	-999	-999	2	0	0	0	0	0	0	0	0	1	
5	34	16	8	-999	-999	3	0	0	0	0	0	0	0	0	1	
6	34	14	6	-999	-999	3	0	0	0	0	0	0	0	0	1	
7	34	16	10	-999	-999	3	0	0	0	0	0	0	0	0	1	
8	34	12	6	-999	-999	3	0	0	0	0	0	0	0	0	1	
9	34	6	10	-999	-999	3	0	0	0	0	0	0	0	0	1	
10	21	4	2	2	11	4	0	0	0	0	0	0	0	0	1	
11	37	6	6	2	11	2	0	0	0	0	0	0	0	0	1	
12	35	8	6	2	11	2	0	0	0	0	0	0	0	0	1	
13	26	4	4	2	11	2	0	0	0	0	0	0	0	0	1	
14	34	14	10	-999	-999	2	0	0	0	0	0	0	0	0	1	
15	18	4	10	2	11	4	0	0	0	0	0	0	0	0	1	
16	34	8	14	-999	-999	2	0	0	0	0	0	0	0	0	1	
17	34	10	8	-999	-999	2	0	0	0	0	0	0	0	0	1	
18	23	4	8	2	11	2	0	0	0	0	0	0	0	0	1	
19	34	14	14	-999	-999	2	0	0	0	0	0	0	0	0	1	
20	34	8	12	-999	-999	2	0	0	0	0	0	0	0	0	1	
21	25	2	5	2	11	2	0	0	0	0	0	0	0	0	1	
22	34	14	8	-999	-999	2	0	0	0	0	0	0	0	0	1	
23	34	12	14	-999	-999	2	0	0	0	0	0	0	0	0	1	
24	20	2	3	2	11	3	0	0	0	0	0	0	0	0	1	
25	34	8	8	-999	-999	2	0	0	0	0	0	0	0	0	1	
26	34	16	12	-999	-999	3	0	0	0	0	0	0	0	0	1	
27	34	16	14	-999	-999	3	0	0	0	0	0	0	0	0	1	
28	34	12	10	-999	-999	2	0	0	0	0	0	0	0	0	1	
29	34	14	16	-999	-999	3	0	0	0	0	0	0	0	0	1	
30	34	12	16	-999	-999	3	0	0	0	0	0	0	0	0	1	
31	34	10	16	-999	-999	3	0	0	0	0	0	0	0	0	1	
32	34	8	16	-999	-999	3	0	0	0	0	0	0	0	0	1	
33	34	12	12	-999	-999	2	0	0	0	0	0	0	0	0	1	
34	34	6	14	-999	-999	3	0	0	0	0	0	0	0	0	1	
35	34	6	12	-999	-999	3	0	0	0	0	0	0	0	0	1	
36	13	4	6	18	4	3	100000	0	0	0	0	0	0	0	1	
37	37	6	6	18	4	2	0	0	0	0	0	0	0	0	1	
38	13	6	8	18	4	3	100000	0	0	0	0	0	0	0	1	
39	13	2	6	18	4	2	100000	0	0	0	0	0	0	0	1	
40	32	18	18	-999	-999	2	0	0	0	0	0	0	0	0	1	
49	49	64	64	47	47	58	58	50	50	42	42	41	41	
49	49	64	64	47	47	58	58	50	50	42	42	41	41	
59	59	NULL	NULL	NULL	NULL	NULL	NULL	NULL	NULL	NULL	NULL	51	51	
59	59	NULL	NULL	NULL	NULL	NULL	NULL	NULL	NULL	NULL	NULL	51	51	
43	43	NULL	NULL	NULL	NULL	69	69	NULL	NULL	NULL	NULL	60	60	
43	43	NULL	NULL	NULL	NULL	69	69	NULL	NULL	NULL	NULL	60	60	
56	56	82	82	88	88	78	78	66	66	86	86	52	52	
56	56	82	82	88	88	78	78	66	66	86	86	52	52	
48	48	NULL	NULL	NULL	NULL	74	74	NULL	NULL	NULL	NULL	44	44	
48	48	NULL	NULL	NULL	NULL	74	74	NULL	NULL	NULL	NULL	44	44	
63	63	NULL	NULL	NULL	NULL	70	70	NULL	NULL	NULL	NULL	53	53	
63	63	NULL	NULL	NULL	NULL	70	70	NULL	NULL	NULL	NULL	53	53	
45	45	55	55	62	62	54	54	46	46	57	57	61	61	
45	45	55	55	62	62	54	54	46	46	57	57	61	61	
41	43	12	0	18	18	2	0	0	0	0	0	0	0	0	1	
42	43	10	0	18	18	2	0	0	0	0	0	0	0	0	1	
43	43	0	4	18	18	2	0	0	0	0	0	0	0	0	1	
44	43	12	8	18	18	2	0	0	0	0	0	0	0	0	1	
45	43	0	12	18	18	2	0	0	0	0	0	0	0	0	1	
46	43	8	12	18	18	2	0	0	0	0	0	0	0	0	1	
47	43	4	0	18	18	2	0	0	0	0	0	0	0	0	1	
48	43	0	8	18	18	2	0	0	0	0	0	0	0	0	1	
49	43	0	0	18	18	2	0	0	0	0	0	0	0	0	1	
50	43	8	0	18	18	2	0	0	0	0	0	0	0	0	1	
51	43	12	2	18	18	2	0	0	0	0	0	0	0	0	1	
52	42	12	6	18	18	2	0	0	0	0	0	0	0	0	1	
53	43	12	10	18	18	2	0	0	0	0	0	0	0	0	1	
54	42	6	12	18	18	2	0	0	0	0	0	0	0	0	1	
55	43	2	12	18	18	2	0	0	0	0	0	0	0	0	1	
56	43	0	6	18	18	2	0	0	0	0	0	0	0	0	1	
57	43	10	12	18	18	2	0	0	0	0	0	0	0	0	1	
58	43	6	0	18	18	2	0	0	0	0	0	0	0	0	1	
59	43	0	2	18	18	2	0	0	0	0	0	0	0	0	1	
60	43	12	4	18	18	2	0	0	0	0	0	0	0	0	1	
61	43	12	12	18	18	2	0	0	0	0	0	0	0	0	1	
62	43	4	12	18	18	2	0	0	0	0	0	0	0	0	1	
63	43	0	10	18	18	2	0	0	0	0	0	0	0	0	1	
64	43	2	0	18	18	2	0	0	0	0	0	0	0	0	1	
65	40	18	9	-999	-999	2	0	0	0	0	0	0	0	0	1	
66	37	8	6	18	18	2	0	0	0	0	0	0	0	0	1	
67	37	10	6	18	4	2	0	0	0	0	0	0	0	0	1	
68	43	0	6	2	11	2	0	0	0	0	0	0	0	0	1	
69	14	6	4	18	18	3	100000	0	0	0	0	0	0	0	1	
70	37	6	10	18	18	2	0	0	0	0	0	0	0	0	1	
71	35	6	4	22	20	2	0	0	0	0	0	0	0	0	1	
72	43	4	0	2	11	2	0	0	0	0	0	0	0	0	1	
73	40	18	13	-999	-999	2	0	0	0	0	0	0	0	0	1	
74	37	6	8	18	18	2	0	0	0	0	0	0	0	0	1	
75	43	0	4	2	11	2	0	0	0	0	0	0	0	0	1	
76	40	9	4	-999	-999	2	0	0	0	0	0	0	0	0	1	
77	40	13	18	-999	-999	2	0	0	0	0	0	0	0	0	1	
78	37	6	6	18	18	2	0	0	0	0	0	0	0	0	1	
79	40	9	18	-999	-999	2	0	0	0	0	0	0	0	0	1	
80	40	13	4	-999	-999	2	0	0	0	0	0	0	0	0	1	
81	43	6	0	2	11	2	0	0	0	0	0	0	0	0	1	
82	14	2	6	18	18	2	100000	0	0	0	0	0	0	0	1	
83	42	12	6	2	11	4	0	0	0	0	0	0	0	0	1	
84	43	12	8	2	11	2	0	0	0	0	0	0	0	0	1	
85	40	4	13	-999	-999	2	0	0	0	0	0	0	0	0	1	
86	37	10	6	18	18	2	0	0	0	0	0	0	0	0	1	
87	43	6	12	2	11	2	0	0	0	0	0	0	0	0	1	
88	14	4	6	18	18	3	100000	0	0	0	0	0	0	0	1	
89	43	4	12	2	11	2	0	0	0	0	0	0	0	0	1	
90	32	4	18	-999	-999	2	0	0	0	0	0	0	0	0	1	
113	113	107	107	103	103	99	99	95	95	91	91	111	111	
113	113	107	107	103	103	99	99	95	95	91	91	111	111	
94	94	NULL	NULL	NULL	NULL	NULL	NULL	NULL	NULL	NULL	NULL	92	92	
94	94	NULL	NULL	NULL	NULL	NULL	NULL	NULL	NULL	NULL	NULL	92	92	
98	98	NULL	NULL	NULL	NULL	116	116	NULL	NULL	NULL	NULL	96	96	
98	98	NULL	NULL	NULL	NULL	116	116	NULL	NULL	NULL	NULL	96	96	
102	102	121	121	120	120	119	119	118	118	117	117	100	100	
102	102	121	121	120	120	119	119	118	118	117	117	100	100	
106	106	NULL	NULL	NULL	NULL	122	122	NULL	NULL	NULL	NULL	104	104	
106	106	NULL	NULL	NULL	NULL	122	122	NULL	NULL	NULL	NULL	104	104	
110	110	NULL	NULL	NULL	NULL	123	123	NULL	NULL	NULL	NULL	108	108	
110	110	NULL	NULL	NULL	NULL	123	123	NULL	NULL	NULL	NULL	108	108	
114	114	109	109	105	105	101	101	97	97	93	93	112	112	
114	114	109	109	105	105	101	101	97	97	93	93	112	112	
91	43	10	0	4	18	2	0	0	0	0	0	0	0	0	1	
92	43	12	2	4	18	2	0	0	0	0	0	0	0	0	1	
93	43	10	12	4	18	2	0	0	0	0	0	0	0	0	1	
94	43	0	2	4	18	2	0	0	0	0	0	0	0	0	1	
95	43	8	0	4	18	2	0	0	0	0	0	0	0	0	1	
96	43	12	4	4	18	2	0	0	0	0	0	0	0	0	1	
97	43	8	12	4	18	2	0	0	0	0	0	0	0	0	1	
98	43	0	4	4	18	2	0	0	0	0	0	0	0	0	1	
99	43	6	0	4	18	2	0	0	0	0	0	0	0	0	1	
100	43	12	6	4	18	2	0	0	0	0	0	0	0	0	1	
101	42	6	12	4	18	2	0	0	0	0	0	0	0	0	1	
102	42	0	6	4	18	2	0	0	0	0	0	0	0	0	1	
103	43	4	0	4	18	2	0	0	0	0	0	0	0	0	1	
104	43	12	8	4	18	2	0	0	0	0	0	0	0	0	1	
105	43	4	12	4	18	2	0	0	0	0	0	0	0	0	1	
106	43	0	8	4	18	2	0	0	0	0	0	0	0	0	1	
107	43	2	0	4	18	2	0	0	0	0	0	0	0	0	1	
108	43	12	10	4	18	2	0	0	0	0	0	0	0	0	1	
109	43	2	12	4	18	2	0	0	0	0	0	0	0	0	1	
110	43	0	10	4	18	2	0	0	0	0	0	0	0	0	1	
111	43	12	0	4	18	2	0	0	0	0	0	0	0	0	1	
112	43	12	12	4	18	2	0	0	0	0	0	0	0	0	1	
113	43	0	0	4	18	2	0	0	0	0	0	0	0	0	1	
114	43	0	12	4	18	2	0	0	0	0	0	0	0	0	1	
115	37	8	6	18	4	2	0	0	0	0	0	0	0	0	1	
116	15	6	4	4	18	3	100000	0	0	0	0	0	0	0	1	
117	15	10	6	4	18	2	100000	0	0	0	0	0	0	0	1	
118	15	8	6	4	18	3	100000	0	0	0	0	0	0	0	1	
119	37	6	6	4	18	2	0	0	0	0	0	0	0	0	1	
120	37	4	6	4	18	2	0	0	0	0	0	0	0	0	1	
121	37	2	6	4	18	2	0	0	0	0	0	0	0	0	1	
122	37	6	8	4	18	2	0	0	0	0	0	0	0	0	1	
123	37	6	10	4	18	2	0	0	0	0	0	0	0	0	1	
124	32	4	4	-999	-999	2	0	0	0	0	0	0	0	0	1	
148	148	143	143	139	139	135	135	131	131	127	127	146	146	
148	148	143	143	139	139	135	135	131	131	127	127	146	146	
144	144	NULL	NULL	NULL	NULL	157	157	NULL	NULL	NULL	NULL	142	142	
144	144	NULL	NULL	NULL	NULL	157	157	NULL	NULL	NULL	NULL	142	142	
140	140	NULL	NULL	NULL	NULL	156	156	NULL	NULL	NULL	NULL	138	138	
140	140	NULL	NULL	NULL	NULL	156	156	NULL	NULL	NULL	NULL	138	138	
136	136	155	155	154	154	153	153	152	152	151	151	134	134	
136	136	155	155	154	154	153	153	152	152	151	151	134	134	
132	132	NULL	NULL	NULL	NULL	150	150	NULL	NULL	NULL	NULL	130	130	
132	132	NULL	NULL	NULL	NULL	150	150	NULL	NULL	NULL	NULL	130	130	
128	128	NULL	NULL	NULL	NULL	NULL	NULL	NULL	NULL	NULL	NULL	126	126	
128	128	NULL	NULL	NULL	NULL	NULL	NULL	NULL	NULL	NULL	NULL	126	126	
147	147	141	141	137	137	133	133	129	129	125	125	145	145	
147	147	141	141	137	137	133	133	129	129	125	125	145	145	
125	43	10	12	4	4	2	0	0	0	0	0	0	0	0	1	
126	43	12	10	4	4	2	0	0	0	0	0	0	0	0	1	
127	43	10	0	4	4	2	0	0	0	0	0	0	0	0	1	
128	43	0	10	4	4	2	0	0	0	0	0	0	0	0	1	
129	43	8	12	4	4	2	0	0	0	0	0	0	0	0	1	
130	43	12	8	4	4	2	0	0	0	0	0	0	0	0	1	
131	43	8	0	4	4	2	0	0	0	0	0	0	0	0	1	
132	43	0	8	4	4	2	0	0	0	0	0	0	0	0	1	
133	43	6	12	4	4	2	0	0	0	0	0	0	0	0	1	
134	43	12	6	4	4	2	0	0	0	0	0	0	0	0	1	
135	42	6	0	4	4	2	0	0	0	0	0	0	0	0	1	
136	42	0	6	4	4	2	0	0	0	0	0	0	0	0	1	
137	43	4	12	4	4	2	0	0	0	0	0	0	0	0	1	
138	43	12	4	4	4	2	0	0	0	0	0	0	0	0	1	
139	43	4	0	4	4	2	0	0	0	0	0	0	0	0	1	
140	43	0	4	4	4	2	0	0	0	0	0	0	0	0	1	
141	43	2	12	4	4	2	0	0	0	0	0	0	0	0	1	
142	43	12	2	4	4	2	0	0	0	0	0	0	0	0	1	
143	43	2	0	4	4	2	0	0	0	0	0	0	0	0	1	
144	43	0	2	4	4	2	0	0	0	0	0	0	0	0	1	
145	43	12	12	4	4	2	0	0	0	0	0	0	0	0	1	
146	43	12	0	4	4	2	0	0	0	0	0	0	0	0	1	
147	43	0	12	4	4	2	0	0	0	0	0	0	0	0	1	
148	43	0	0	4	4	2	0	0	0	0	0	0	0	0	1	
149	37	6	2	18	4	2	0	0	0	0	0	0	0	0	1	
150	16	6	8	4	4	3	100000	0	0	0	0	0	0	0	1	
151	16	10	6	4	4	2	100000	0	0	0	0	0	0	0	1	
152	16	8	6	4	4	3	100000	0	0	0	0	0	0	0	1	
153	37	6	6	4	4	2	0	0	0	0	0	0	0	0	1	
154	37	4	6	4	4	2	0	0	0	0	0	0	0	0	1	
155	37	2	6	4	4	2	0	0	0	0	0	0	0	0	1	
156	37	6	4	4	4	2	0	0	0	0	0	0	0	0	1	
157	37	6	2	4	4	2	0	0	0	0	0	0	0	0	1	
158	32	18	4	-999	-999	2	0	0	0	0	0	0	0	0	1	
180	180	161	161	165	165	169	169	173	173	177	177	182	182	
180	180	161	161	165	165	169	169	173	173	177	177	182	182	
176	176	NULL	NULL	NULL	NULL	149	149	NULL	NULL	NULL	NULL	178	178	
176	176	NULL	NULL	NULL	NULL	149	149	NULL	NULL	NULL	NULL	178	178	
172	172	NULL	NULL	NULL	NULL	183	183	NULL	NULL	NULL	NULL	174	174	
172	172	NULL	NULL	NULL	NULL	183	183	NULL	NULL	NULL	NULL	174	174	
168	168	39	39	36	36	37	37	115	115	67	67	170	170	
168	168	39	39	36	36	37	37	115	115	67	67	170	170	
164	164	NULL	NULL	NULL	NULL	38	38	NULL	NULL	NULL	NULL	166	166	
164	164	NULL	NULL	NULL	NULL	38	38	NULL	NULL	NULL	NULL	166	166	
160	160	NULL	NULL	NULL	NULL	NULL	NULL	NULL	NULL	NULL	NULL	162	162	
160	160	NULL	NULL	NULL	NULL	NULL	NULL	NULL	NULL	NULL	NULL	162	162	
179	179	159	159	163	163	167	167	171	171	175	175	181	181	
179	179	159	159	163	163	167	167	171	171	175	175	181	181	
159	43	2	12	18	4	2	0	0	0	0	0	0	0	0	1	
160	43	0	10	18	4	2	0	0	0	0	0	0	0	0	1	
161	43	2	0	18	4	2	0	0	0	0	0	0	0	0	1	
162	43	12	10	18	4	2	0	0	0	0	0	0	0	0	1	
163	43	4	12	18	4	2	0	0	0	0	0	0	0	0	1	
164	43	0	8	18	4	2	0	0	0	0	0	0	0	0	1	
165	43	4	0	18	4	2	0	0	0	0	0	0	0	0	1	
166	43	12	8	18	4	2	0	0	0	0	0	0	0	0	1	
167	43	6	12	18	4	2	0	0	0	0	0	0	0	0	1	
168	43	0	6	18	4	2	0	0	0	0	0	0	0	0	1	
169	42	6	0	18	4	2	0	0	0	0	0	0	0	0	1	
170	42	12	6	18	4	2	0	0	0	0	0	0	0	0	1	
171	43	8	12	18	4	2	0	0	0	0	0	0	0	0	1	
172	43	0	4	18	4	2	0	0	0	0	0	0	0	0	1	
173	43	8	0	18	4	2	0	0	0	0	0	0	0	0	1	
174	43	12	4	18	4	2	0	0	0	0	0	0	0	0	1	
175	43	10	12	18	4	2	0	0	0	0	0	0	0	0	1	
176	43	0	2	18	4	2	0	0	0	0	0	0	0	0	1	
177	43	10	0	18	4	2	0	0	0	0	0	0	0	0	1	
178	43	12	2	18	4	2	0	0	0	0	0	0	0	0	1	
179	43	0	12	18	4	2	0	0	0	0	0	0	0	0	1	
180	43	0	0	18	4	2	0	0	0	0	0	0	0	0	1	
181	43	12	12	18	4	2	0	0	0	0	0	0	0	0	1	
182	43	12	0	18	4	2	0	0	0	0	0	0	0	0	1	
183	37	6	4	18	4	2	0	0	0	0	0	0	0	0	1	
184	55	18	11	-999	-999	4	0	0	0	0	0	0	0	0	1	
185	55	11	4	-999	-999	4	0	0	0	0	0	0	0	0	1	
186	55	4	11	-999	-999	4	0	0	0	0	0	0	0	0	1	
187	55	11	18	-999	-999	4	0	0	0	0	0	0	0	0	1	
188	0	22	22	-999	-999	2	0	2	1	0	0	0	0	0	1	
189	32	20	11	-999	-999	2	0	0	0	0	0	0	0	0	1	
210	210	190	190	194	194	198	198	202	202	206	206	212	212	
210	210	190	190	194	194	198	198	202	202	206	206	212	212	
191	191	NULL	NULL	NULL	NULL	NULL	NULL	235	235	NULL	NULL	193	193	
191	191	NULL	NULL	NULL	NULL	NULL	NULL	235	235	239	239	193	193	
195	195	NULL	NULL	NULL	NULL	NULL	NULL	242	242	239	239	197	197	
195	195	NULL	NULL	NULL	NULL	NULL	NULL	242	242	246	246	197	197	
199	199	234	234	236	236	238	238	240	240	246	246	201	201	
199	199	234	234	236	236	238	238	240	240	227	227	201	201	
203	203	NULL	NULL	NULL	NULL	NULL	NULL	231	231	227	227	205	205	
203	203	NULL	NULL	NULL	NULL	NULL	NULL	231	231	243	243	205	205	
207	207	NULL	NULL	NULL	NULL	NULL	NULL	247	247	243	243	209	209	
207	207	NULL	NULL	NULL	NULL	NULL	NULL	247	247	NULL	NULL	209	209	
211	211	192	192	196	196	200	200	204	204	208	208	213	213	
211	211	192	192	196	196	200	200	204	204	208	208	213	213	
190	43	2	0	20	11	2	0	0	0	0	0	0	0	0	1	
191	43	0	2	20	11	2	0	0	0	0	0	0	0	0	1	
192	43	2	12	20	11	2	0	0	0	0	0	0	0	0	1	
193	43	12	2	20	11	2	0	0	0	0	0	0	0	0	1	
194	43	4	0	20	11	2	0	0	0	0	0	0	0	0	1	
195	43	0	4	20	11	2	0	0	0	0	0	0	0	0	1	
196	43	4	12	20	11	2	0	0	0	0	0	0	0	0	1	
197	43	12	4	20	11	2	0	0	0	0	0	0	0	0	1	
198	43	6	0	20	11	2	0	0	0	0	0	0	0	0	1	
199	42	0	6	20	11	4	0	0	0	0	0	0	0	0	1	
200	43	6	12	20	11	2	0	0	0	0	0	0	0	0	1	
201	43	12	6	20	11	2	0	0	0	0	0	0	0	0	1	
202	43	8	0	20	11	2	0	0	0	0	0	0	0	0	1	
203	43	0	8	20	11	2	0	0	0	0	0	0	0	0	1	
204	43	8	12	20	11	2	0	0	0	0	0	0	0	0	1	
205	43	12	8	20	11	2	0	0	0	0	0	0	0	0	1	
206	43	10	0	20	11	2	0	0	0	0	0	0	0	0	1	
207	43	0	10	20	11	2	0	0	0	0	0	0	0	0	1	
208	43	10	12	20	11	2	0	0	0	0	0	0	0	0	1	
209	43	12	10	20	11	2	0	0	0	0	0	0	0	0	1	
210	43	0	0	20	11	2	0	0	0	0	0	0	0	0	1	
211	43	0	12	20	11	2	0	0	0	0	0	0	0	0	1	
212	43	12	0	20	11	2	0	0	0	0	0	0	0	0	1	
213	43	12	12	20	11	2	0	0	0	0	0	0	0	0	1	
214	34	16	16	-999	-999	2	0	0	0	0	0	0	0	0	1	
215	34	6	16	-999	-999	2	0	0	0	0	0	0	0	0	1	
216	34	6	6	-999	-999	2	0	0	0	0	0	0	0	0	1	
217	2	12	8	-999	-999	2	0	1	3	0	0	0	0	0	1	
218	3	14	12	-999	-999	2	0	1	3	0	0	0	0	0	1	
219	24	2	7	2	11	2	0	0	0	0	0	0	0	0	1	
220	43	0	2	2	11	2	0	0	0	0	0	0	0	0	1	
221	1	8	10	-999	-999	2	0	1	3	0	0	0	0	0	1	
222	4	10	14	-999	-999	2	0	1	3	0	0	0	0	0	1	
223	43	12	8	22	20	2	0	0	0	0	0	0	0	0	1	
224	43	12	12	22	20	2	0	0	0	0	0	0	0	0	1	
225	43	0	10	22	20	2	0	0	0	0	0	0	0	0	1	
226	43	10	0	2	11	2	0	0	0	0	0	0	0	0	1	
227	25	10	7	20	11	2	0	0	0	0	0	0	0	0	1	
228	43	0	12	2	11	2	0	0	0	0	0	0	0	0	1	
229	43	10	12	22	20	2	0	0	0	0	0	0	0	0	1	
230	19	2	9	2	11	3	0	0	0	0	0	0	0	0	1	
231	26	8	8	20	11	2	0	0	0	0	0	0	0	0	1	
232	43	12	0	2	11	2	0	0	0	0	0	0	0	0	1	
233	43	12	10	22	20	2	0	0	0	0	0	0	0	0	1	
234	37	2	6	20	11	2	0	0	0	0	0	0	0	0	1	
235	18	8	2	20	11	4	0	0	0	0	0	0	0	0	1	
236	37	4	6	20	11	2	0	0	0	0	0	0	0	0	1	
237	43	0	0	22	20	2	0	0	0	0	0	0	0	0	1	
238	37	6	6	20	11	2	0	0	0	0	0	0	0	0	1	
239	19	10	3	20	11	3	0	0	0	0	0	0	0	0	1	
240	37	8	6	20	11	2	0	0	0	0	0	0	0	0	1	
241	43	0	12	22	20	2	0	0	0	0	0	0	0	0	1	
242	23	8	4	20	11	2	0	0	0	0	0	0	0	0	1	
243	20	10	9	20	11	3	0	0	0	0	0	0	0	0	1	
244	43	10	0	22	20	2	0	0	0	0	0	0	0	0	1	
245	43	12	0	22	20	2	0	0	0	0	0	0	0	0	1	
246	24	10	5	20	11	2	0	0	0	0	0	0	0	0	1	
247	21	8	10	20	11	4	0	0	0	0	0	0	0	0	1	
248	35	6	10	22	20	2	0	0	0	0	0	0	0	0	1	
249	60	4	9	22	20	2	0	0	0	0	0	0	0	0	1	
250	43	0	0	2	11	2	0	0	0	0	0	0	0	0	1	
251	43	12	2	2	11	2	0	0	0	0	0	0	0	0	1	
252	35	10	6	2	11	2	0	0	0	0	0	0	0	0	1	
253	43	10	12	2	11	2	0	0	0	0	0	0	0	0	1	
254	37	4	6	2	11	2	0	0	0	0	0	0	0	0	1	
255	43	12	12	2	11	2	0	0	0	0	0	0	0	0	1	
256	34	16	6	-999	-999	2	0	0	0	0	0	0	0	0	1	
257	43	8	12	2	11	2	0	0	0	0	0	0	0	0	1	
258	43	0	6	22	20	2	0	0	0	0	0	0	0	0	1	
259	43	0	4	22	20	2	0	0	0	0	0	0	0	0	1	
260	35	4	5	22	20	2	0	0	0	0	0	0	0	0	1	
261	43	12	4	22	20	2	0	0	0	0	0	0	0	0	1	
262	42	6	12	22	20	1	0	0	0	0	0	0	0	0	1	
263	43	0	2	22	20	2	0	0	0	0	0	0	0	0	1	
264	31	2	4	-999	-999	2	0	0	0	0	0	0	0	0	1	
265	43	4	0	22	20	2	0	0	0	0	0	0	0	0	1	
266	43	12	6	22	20	2	0	0	0	0	0	0	0	0	1	
267	35	8	9	22	20	1	0	0	0	0	0	0	0	0	1	
268	60	4	7	22	20	2	0	0	0	0	0	0	0	0	1	
269	32	22	20	-999	-999	2	0	0	0	0	0	0	0	0	1	
237	237	272	272	265	265	278	278	270	270	244	244	245	245	
237	237	272	272	265	265	278	278	270	270	244	244	245	245	
263	263	NULL	NULL	NULL	NULL	NULL	NULL	NULL	NULL	NULL	NULL	284	284	
263	263	NULL	NULL	NULL	NULL	NULL	NULL	NULL	NULL	NULL	NULL	284	284	
259	259	NULL	NULL	NULL	NULL	71	71	NULL	NULL	NULL	NULL	261	261	
259	259	NULL	NULL	260	260	71	71	273	273	NULL	NULL	261	261	
258	258	NULL	NULL	260	260	NULL	NULL	273	273	NULL	NULL	266	266	
258	258	NULL	NULL	268	268	NULL	NULL	279	279	NULL	NULL	266	266	
274	274	NULL	NULL	268	268	NULL	NULL	279	279	NULL	NULL	223	223	
274	274	NULL	NULL	249	249	NULL	NULL	267	267	NULL	NULL	223	223	
225	225	NULL	NULL	249	249	248	248	267	267	NULL	NULL	233	233	
225	225	NULL	NULL	NULL	NULL	248	248	NULL	NULL	NULL	NULL	233	233	
241	241	283	283	282	282	262	262	280	280	229	229	224	224	
241	241	283	283	282	282	262	262	280	280	229	229	224	224	
270	43	8	0	22	20	2	0	0	0	0	0	0	0	0	1	
271	43	12	4	2	11	2	0	0	0	0	0	0	0	0	1	
272	43	2	0	22	20	2	0	0	0	0	0	0	0	0	1	
273	35	8	5	22	20	2	0	0	0	0	0	0	0	0	1	
274	43	0	8	22	20	2	0	0	0	0	0	0	0	0	1	
275	30	2	18	-999	-999	2	0	0	0	0	0	0	0	0	1	
276	28	20	4	-999	-999	2	0	0	0	0	0	0	0	0	1	
277	43	8	0	2	11	2	0	0	0	0	0	0	0	0	1	
278	43	6	0	22	20	2	0	0	0	0	0	0	0	0	1	
279	35	8	7	22	20	2	0	0	0	0	0	0	0	0	1	
280	43	8	12	22	20	2	0	0	0	0	0	0	0	0	1	
281	29	20	18	-999	-999	2	0	0	0	0	0	0	0	0	1	
282	43	4	12	22	20	2	0	0	0	0	0	0	0	0	1	
283	43	2	12	22	20	2	0	0	0	0	0	0	0	0	1	
284	43	12	2	22	20	2	0	0	0	0	0	0	0	0	1	
285	32	11	20	-999	-999	2	0	0	0	0	0	0	0	0	1	
307	307	303	303	299	299	295	295	291	291	287	287	306	306	
307	307	303	303	299	299	295	295	291	291	287	287	306	306	
288	288	NULL	NULL	NULL	NULL	314	314	NULL	NULL	NULL	NULL	286	286	
288	288	NULL	NULL	NULL	NULL	314	314	NULL	NULL	NULL	NULL	286	286	
292	292	NULL	NULL	NULL	NULL	315	315	NULL	NULL	NULL	NULL	290	290	
292	292	NULL	NULL	NULL	NULL	315	315	NULL	NULL	NULL	NULL	290	290	
296	296	NULL	NULL	NULL	NULL	316	316	NULL	NULL	NULL	NULL	294	294	
296	296	NULL	NULL	NULL	NULL	316	316	NULL	NULL	NULL	NULL	294	294	
300	300	321	321	319	319	317	317	312	312	310	310	298	298	
300	300	321	321	319	319	317	317	312	312	310	310	298	298	
304	304	NULL	320	320	318	318	313	313	311	311	NULL	302	302	
304	304	NULL	320	320	318	318	313	313	311	311	NULL	302	302	
309	309	305	305	301	301	297	297	293	293	289	289	308	308	
309	309	305	305	301	301	297	297	293	293	289	289	308	308	
286	43	12	2	11	20	2	0	0	0	0	0	0	0	0	1	
287	43	10	0	11	20	2	0	0	0	0	0	0	0	0	1	
288	43	0	2	11	20	2	0	0	0	0	0	0	0	0	1	
289	43	10	12	11	20	2	0	0	0	0	0	0	0	0	1	
290	43	12	4	11	20	2	0	0	0	0	0	0	0	0	1	
291	43	8	0	11	20	2	0	0	0	0	0	0	0	0	1	
292	43	0	4	11	20	2	0	0	0	0	0	0	0	0	1	
293	43	8	12	11	20	2	0	0	0	0	0	0	0	0	1	
294	43	12	6	11	20	2	0	0	0	0	0	0	0	0	1	
295	42	6	0	11	20	4	0	0	0	0	0	0	0	0	1	
296	43	0	6	11	20	2	0	0	0	0	0	0	0	0	1	
297	43	6	12	11	20	2	0	0	0	0	0	0	0	0	1	
298	43	12	8	11	20	2	0	0	0	0	0	0	0	0	1	
299	43	4	0	11	20	2	0	0	0	0	0	0	0	0	1	
300	43	0	8	11	20	2	0	0	0	0	0	0	0	0	1	
301	43	4	12	11	20	2	0	0	0	0	0	0	0	0	1	
302	43	12	10	11	20	2	0	0	0	0	0	0	0	0	1	
303	43	2	0	11	20	2	0	0	0	0	0	0	0	0	1	
304	43	0	10	11	20	2	0	0	0	0	0	0	0	0	1	
305	43	2	12	11	20	2	0	0	0	0	0	0	0	0	1	
306	43	12	0	11	20	2	0	0	0	0	0	0	0	0	1	
307	43	0	0	11	20	2	0	0	0	0	0	0	0	0	1	
308	43	12	12	11	20	2	0	0	0	0	0	0	0	0	1	
309	43	0	12	11	20	2	0	0	0	0	0	0	0	0	1	
310	18	10	8	11	20	4	0	0	0	0	0	0	0	0	1	
311	19	9	10	11	20	3	0	0	0	0	0	0	0	0	1	
312	23	8	8	11	20	2	0	0	0	0	0	0	0	0	1	
313	24	7	10	11	20	2	0	0	0	0	0	0	0	0	1	
314	35	6	2	11	20	2	0	0	0	0	0	0	0	0	1	
315	37	6	4	11	20	2	0	0	0	0	0	0	0	0	1	
316	37	6	6	11	20	2	0	0	0	0	0	0	0	0	1	
317	37	6	8	11	20	2	0	0	0	0	0	0	0	0	1	
318	25	5	10	11	20	2	0	0	0	0	0	0	0	0	1	
319	26	4	8	11	20	2	0	0	0	0	0	0	0	0	1	
320	20	3	10	11	20	3	0	0	0	0	0	0	0	0	1	
321	21	2	8	11	20	4	0	0	0	0	0	0	0	0	1	
322	32	11	2	-999	-999	2	0	0	0	0	0	0	0	0	1	
346	346	341	341	337	337	333	333	329	329	325	325	344	344	
346	346	341	341	337	337	333	333	329	329	325	325	344	344	
342	342	NULL	358	358	357	357	356	356	355	355	NULL	340	340	
342	342	NULL	358	358	357	357	356	356	355	355	NULL	340	340	
338	338	354	354	353	353	352	352	351	351	350	350	336	336	
338	338	354	354	353	353	352	352	351	351	350	350	336	336	
334	334	NULL	NULL	NULL	NULL	349	349	NULL	NULL	NULL	NULL	332	332	
334	334	NULL	NULL	NULL	NULL	349	349	NULL	NULL	NULL	NULL	332	332	
330	330	NULL	NULL	NULL	NULL	348	348	NULL	NULL	NULL	NULL	328	328	
330	330	NULL	NULL	NULL	NULL	348	348	NULL	NULL	NULL	NULL	328	328	
326	326	NULL	NULL	NULL	NULL	347	347	NULL	NULL	NULL	NULL	324	324	
326	326	NULL	NULL	NULL	NULL	347	347	NULL	NULL	NULL	NULL	324	324	
345	345	339	339	335	335	331	331	327	327	323	323	343	343	
345	345	339	339	335	335	331	331	327	327	323	323	343	343	
323	43	10	12	11	2	2	0	0	0	0	0	0	0	0	1	
324	43	12	10	11	2	2	0	0	0	0	0	0	0	0	1	
325	43	10	0	11	2	2	0	0	0	0	0	0	0	0	1	
326	43	0	10	11	2	2	0	0	0	0	0	0	0	0	1	
327	43	8	12	11	2	2	0	0	0	0	0	0	0	0	1	
328	43	12	8	11	2	2	0	0	0	0	0	0	0	0	1	
329	43	8	0	11	2	2	0	0	0	0	0	0	0	0	1	
330	43	0	8	11	2	2	0	0	0	0	0	0	0	0	1	
331	42	6	12	11	2	4	0	0	0	0	0	0	0	0	1	
332	43	12	6	11	2	2	0	0	0	0	0	0	0	0	1	
333	43	6	0	11	2	2	0	0	0	0	0	0	0	0	1	
334	43	0	6	11	2	2	0	0	0	0	0	0	0	0	1	
335	43	4	12	11	2	2	0	0	0	0	0	0	0	0	1	
336	43	12	4	11	2	2	0	0	0	0	0	0	0	0	1	
337	43	4	0	11	2	2	0	0	0	0	0	0	0	0	1	
338	43	0	4	11	2	2	0	0	0	0	0	0	0	0	1	
339	43	2	12	11	2	2	0	0	0	0	0	0	0	0	1	
340	43	12	2	11	2	2	0	0	0	0	0	0	0	0	1	
341	43	2	0	11	2	2	0	0	0	0	0	0	0	0	1	
342	43	0	2	11	2	2	0	0	0	0	0	0	0	0	1	
343	43	12	12	11	2	2	0	0	0	0	0	0	0	0	1	
344	43	12	0	11	2	2	0	0	0	0	0	0	0	0	1	
345	43	0	12	11	2	2	0	0	0	0	0	0	0	0	1	
346	43	0	0	11	2	2	0	0	0	0	0	0	0	0	1	
347	35	6	10	11	2	2	0	0	0	0	0	0	0	0	1	
348	35	6	8	11	2	2	0	0	0	0	0	0	0	0	1	
349	35	6	6	11	2	2	0	0	0	0	0	0	0	0	1	
350	21	10	4	11	2	4	0	0	0	0	0	0	0	0	1	
351	26	8	4	11	2	2	0	0	0	0	0	0	0	0	1	
352	37	6	4	11	2	2	0	0	0	0	0	0	0	0	1	
353	23	4	4	11	2	2	0	0	0	0	0	0	0	0	1	
354	18	2	4	11	2	4	0	0	0	0	0	0	0	0	1	
355	20	9	2	11	2	3	0	0	0	0	0	0	0	0	1	
356	25	7	2	11	2	2	0	0	0	0	0	0	0	0	1	
357	24	5	2	11	2	2	0	0	0	0	0	0	0	0	1	
358	19	3	2	11	2	3	0	0	0	0	0	0	0	0	1	
359	32	2	11	-999	-999	2	0	0	0	0	0	0	0	0	1	
250	250	363	363	72	72	81	81	277	277	226	226	232	232	
250	250	363	363	72	72	81	81	277	277	226	226	232	232	
220	220	NULL	NULL	10	10	NULL	NULL	NULL	NULL	NULL	NULL	251	251	
220	220	24	24	10	10	NULL	NULL	NULL	NULL	NULL	NULL	251	251	
75	75	24	24	13	13	NULL	NULL	NULL	NULL	NULL	NULL	271	271	
75	75	21	21	13	13	NULL	NULL	NULL	NULL	NULL	NULL	271	271	
68	68	21	21	254	254	11	11	12	12	252	252	83	83	
68	68	219	219	254	254	11	11	12	12	252	252	83	83	
364	364	219	219	18	18	NULL	NULL	NULL	NULL	NULL	NULL	84	84	
364	364	230	230	18	18	NULL	NULL	NULL	NULL	NULL	NULL	84	84	
360	360	230	230	15	15	NULL	NULL	NULL	NULL	NULL	NULL	362	362	
360	360	NULL	NULL	15	15	NULL	NULL	NULL	NULL	NULL	NULL	362	362	
228	228	361	361	89	89	87	87	257	257	253	253	255	255	
228	228	361	361	89	89	87	87	257	257	253	253	255	255	
360	43	0	10	2	11	2	0	0	0	0	0	0	0	0	1	
361	43	2	12	2	11	2	0	0	0	0	0	0	0	0	1	
362	43	12	10	2	11	2	0	0	0	0	0	0	0	0	1	
363	43	2	0	2	11	2	0	0	0	0	0	0	0	0	1	
364	43	0	8	2	11	2	0	0	0	0	0	0	0	0	1	
365	40	18	6	-999	-999	2	0	0	0	0	0	0	0	0	1	
366	40	16	4	-999	-999	2	0	0	0	0	0	0	0	0	1	
367	40	6	4	-999	-999	2	0	0	0	0	0	0	0	0	1	
368	40	4	9	-999	-999	2	0	0	0	0	0	0	0	0	1	
369	40	4	6	-999	-999	2	0	0	0	0	0	0	0	0	1	
370	40	4	16	-999	-999	2	0	0	0	0	0	0	0	0	1	
371	40	6	18	-999	-999	2	0	0	0	0	0	0	0	0	1	
372	40	16	18	-999	-999	2	0	0	0	0	0	0	0	0	1	
373	40	18	16	-999	-999	2	0	0	0	0	0	0	0	0	1	
NULL	NULL	NULL	NULL	NULL	NULL	NULL	NULL	NULL	NULL	NULL	NULL	NULL	NULL	NULL	NULL	NULL	NULL	NULL	NULL	NULL	NULL	NULL	NULL	
NULL	NULL	NULL	NULL	NULL	NULL	NULL	NULL	NULL	NULL	NULL	NULL	NULL	NULL	NULL	NULL	NULL	NULL	NULL	NULL	NULL	NULL	NULL	NULL	
NULL	NULL	NULL	NULL	NULL	NULL	NULL	NULL	NULL	NULL	NULL	322	322	NULL	NULL	NULL	NULL	NULL	NULL	NULL	NULL	NULL	NULL	NULL	
NULL	NULL	NULL	NULL	NULL	NULL	NULL	NULL	NULL	NULL	NULL	322	322	NULL	NULL	NULL	NULL	NULL	NULL	NULL	NULL	NULL	NULL	NULL	
NULL	NULL	264	264	124	124	367	367	NULL	76	76	185	185	80	80	NULL	366	366	158	158	276	276	NULL	NULL	
NULL	NULL	264	264	124	124	367	367	NULL	76	76	185	185	80	80	NULL	366	366	158	158	276	276	NULL	NULL	
NULL	NULL	NULL	NULL	369	369	216	216	0	0	2	2	8	8	6	6	256	256	365	365	NULL	NULL	NULL	NULL	
NULL	NULL	NULL	NULL	369	369	216	216	0	0	2	2	8	8	6	6	256	256	365	365	NULL	NULL	NULL	NULL	
NULL	NULL	NULL	NULL	NULL	NULL	3	3	25	25	17	17	217	217	22	22	5	5	NULL	NULL	NULL	NULL	NULL	NULL	
NULL	NULL	NULL	NULL	368	368	3	3	25	25	17	17	217	217	22	22	5	5	65	65	NULL	NULL	NULL	NULL	
NULL	NULL	NULL	NULL	368	368	9	9	221	221	4	4	28	28	14	14	7	7	65	65	NULL	NULL	NULL	NULL	
NULL	NULL	359	359	186	186	9	9	221	221	4	4	28	28	14	14	7	7	184	184	189	189	NULL	NULL	
NULL	NULL	359	359	186	186	35	35	20	20	1	1	33	33	218	218	26	26	184	184	189	189	NULL	NULL	
NULL	NULL	NULL	NULL	85	85	35	35	20	20	1	1	33	33	218	218	26	26	73	73	NULL	NULL	NULL	NULL	
NULL	NULL	NULL	NULL	85	85	34	34	16	16	222	222	23	23	19	19	27	27	73	73	NULL	NULL	NULL	NULL	
NULL	NULL	NULL	NULL	NULL	NULL	34	34	16	16	222	222	23	23	19	19	27	27	NULL	NULL	NULL	NULL	NULL	NULL	
NULL	NULL	NULL	NULL	370	370	215	215	32	32	31	31	30	30	29	29	214	214	373	373	NULL	NULL	NULL	NULL	
NULL	NULL	NULL	NULL	370	370	215	215	32	32	31	31	30	30	29	29	214	214	373	373	NULL	NULL	NULL	NULL	
NULL	NULL	275	275	90	90	371	371	NULL	79	79	187	187	77	77	NULL	372	372	40	40	281	281	NULL	NULL	
NULL	NULL	275	275	90	90	371	371	NULL	79	79	187	187	77	77	NULL	372	372	40	40	281	281	NULL	NULL	
NULL	NULL	NULL	NULL	NULL	NULL	NULL	NULL	NULL	NULL	NULL	285	285	NULL	NULL	NULL	NULL	NULL	NULL	NULL	NULL	NULL	269	269	
NULL	NULL	NULL	NULL	NULL	NULL	NULL	NULL	NULL	NULL	NULL	285	285	NULL	NULL	NULL	NULL	NULL	NULL	NULL	NULL	NULL	269	269	
NULL	NULL	NULL	NULL	NULL	NULL	NULL	NULL	NULL	NULL	NULL	NULL	NULL	NULL	NULL	NULL	NULL	NULL	NULL	NULL	NULL	NULL	188	188	
NULL	NULL	NULL	NULL	NULL	NULL	NULL	NULL	NULL	NULL	NULL	NULL	NULL	NULL	NULL	NULL	NULL	NULL	NULL	NULL	NULL	NULL	188	188	
