86
0	58	0	2	-999	-999	4	0	0	0	0	0	0	0	0	
1	12	22	0	-999	-999	2	100000	0	0	0	0	0	0	0	
2	55	6	20	-999	-999	3	0	0	0	0	0	0	0	0	
3	50	0	14	-999	-999	2	0	0	0	0	0	0	0	0	
4	59	18	14	-999	-999	3	0	0	0	0	0	0	0	0	
5	53	12	20	-999	-999	4	0	0	0	0	0	0	0	0	
6	55	18	20	-999	-999	3	0	0	0	0	0	0	0	0	
7	56	20	22	-999	-999	4	0	0	0	0	0	0	0	0	
8	58	20	16	-999	-999	4	0	0	0	0	0	0	0	0	
9	53	8	4	-999	-999	3	0	0	0	0	0	0	0	0	
10	57	14	16	-999	-999	3	0	0	0	0	0	0	0	0	
11	59	2	4	-999	-999	4	0	0	0	0	0	0	0	0	
12	56	2	16	-999	-999	4	0	0	0	0	0	0	0	0	
13	51	8	22	-999	-999	4	0	0	0	0	0	0	0	0	
14	57	6	14	-999	-999	2	0	0	0	0	0	0	0	0	
15	56	8	16	-999	-999	2	0	0	0	0	0	0	0	0	
16	54	6	8	-999	-999	3	0	0	0	0	0	0	0	0	
17	62	0	10	-999	-999	2	0	0	0	0	0	0	0	0	
18	57	8	10	-999	-999	3	0	0	0	0	0	0	0	0	
19	40	2	12	-999	-999	2	0	0	0	0	0	0	0	0	
20	40	22	6	-999	-999	2	0	0	0	0	0	0	0	0	
21	51	18	8	-999	-999	3	0	0	0	0	0	0	0	0	
22	59	20	10	-999	-999	4	0	0	0	0	0	0	0	0	
23	53	12	8	-999	-999	3	0	0	0	0	0	0	0	0	
24	57	20	4	-999	-999	3	0	0	0	0	0	0	0	0	
25	59	18	2	-999	-999	4	0	0	0	0	0	0	0	0	
26	55	14	4	-999	-999	3	0	0	0	0	0	0	0	0	
27	56	12	2	-999	-999	4	0	0	0	0	0	0	0	0	
28	56	0	8	-999	-999	4	0	0	0	0	0	0	0	0	
29	59	6	2	-999	-999	4	0	0	0	0	0	0	0	0	
30	51	14	10	-999	-999	3	0	0	0	0	0	0	0	0	
31	0	0	22	-999	-999	2	0	2	1	0	0	0	0	0	
32	60	6	22	-999	-999	2	0	0	0	0	0	0	0	0	
33	61	0	16	-999	-999	2	0	0	0	0	0	0	0	0	
34	53	2	10	-999	-999	3	0	0	0	0	0	0	0	0	
35	64	6	16	-999	-999	2	0	0	0	0	0	0	0	0	
36	63	6	10	-999	-999	2	0	0	0	0	0	0	0	0	
37	63	12	16	-999	-999	2	0	0	0	0	0	0	0	0	
38	64	12	10	-999	-999	2	0	0	0	0	0	0	0	0	
39	62	12	22	-999	-999	2	0	0	0	0	0	0	0	0	
40	60	18	22	-999	-999	2	0	0	0	0	0	0	0	0	
41	61	18	16	-999	-999	2	0	0	0	0	0	0	0	0	
42	61	18	10	-999	-999	2	0	0	0	0	0	0	0	0	
43	64	18	4	-999	-999	2	0	0	0	0	0	0	0	0	
44	62	12	4	-999	-999	2	0	0	0	0	0	0	0	0	
45	60	6	4	-999	-999	2	0	0	0	0	0	0	0	0	
46	61	0	4	-999	-999	2	0	0	0	0	0	0	0	0	
47	40	20	18	-999	-999	2	0	0	0	0	0	0	0	0	
48	40	14	18	-999	-999	2	0	0	0	0	0	0	0	0	
49	40	10	8	-999	-999	2	0	0	0	0	0	0	0	0	
50	40	8	18	-999	-999	2	0	0	0	0	0	0	0	0	
51	40	4	8	-999	-999	2	0	0	0	0	0	0	0	0	
52	40	2	18	-999	-999	2	0	0	0	0	0	0	0	0	
53	40	10	14	-999	-999	2	0	0	0	0	0	0	0	0	
54	40	4	14	-999	-999	2	0	0	0	0	0	0	0	0	
55	40	8	12	-999	-999	2	0	0	0	0	0	0	0	0	
56	40	16	8	-999	-999	2	0	0	0	0	0	0	0	0	
57	40	20	12	-999	-999	2	0	0	0	0	0	0	0	0	
58	40	16	14	-999	-999	2	0	0	0	0	0	0	0	0	
59	40	16	2	-999	-999	2	0	0	0	0	0	0	0	0	
60	40	20	6	-999	-999	2	0	0	0	0	0	0	0	0	
61	40	10	2	-999	-999	2	0	0	0	0	0	0	0	0	
62	40	14	6	-999	-999	2	0	0	0	0	0	0	0	0	
63	40	4	2	-999	-999	2	0	0	0	0	0	0	0	0	
64	40	8	6	-999	-999	2	0	0	0	0	0	0	0	0	
65	40	4	20	-999	-999	2	0	0	0	0	0	0	0	0	
66	40	10	20	-999	-999	2	0	0	0	0	0	0	0	0	
67	40	16	20	-999	-999	2	0	0	0	0	0	0	0	0	
68	40	2	6	-999	-999	2	0	0	0	0	0	0	0	0	
69	40	14	12	-999	-999	2	0	0	0	0	0	0	0	0	
70	40	10	6	-999	-999	2	0	0	0	0	0	0	0	0	
71	40	16	6	-999	-999	2	0	0	0	0	0	0	0	0	
72	40	4	6	-999	-999	2	0	0	0	0	0	0	0	0	
73	40	22	18	-999	-999	2	0	0	0	0	0	0	0	0	
74	40	10	0	-999	-999	2	0	0	0	0	0	0	0	0	
75	40	22	12	-999	-999	2	0	0	0	0	0	0	0	0	
76	40	4	0	-999	-999	2	0	0	0	0	0	0	0	0	
77	54	12	14	-999	-999	4	0	0	0	0	0	0	0	0	
78	40	16	0	-999	-999	2	0	0	0	0	0	0	0	0	
79	54	14	22	-999	-999	3	0	0	0	0	0	0	0	0	
80	40	4	18	-999	-999	2	0	0	0	0	0	0	0	0	
81	40	4	12	-999	-999	2	0	0	0	0	0	0	0	0	
82	40	10	18	-999	-999	2	0	0	0	0	0	0	0	0	
83	40	16	18	-999	-999	2	0	0	0	0	0	0	0	0	
84	40	16	12	-999	-999	2	0	0	0	0	0	0	0	0	
85	40	10	12	-999	-999	2	0	0	0	0	0	0	0	0	
NULL	NULL	NULL	NULL	76	76	NULL	NULL	NULL	NULL	74	74	NULL	NULL	NULL	NULL	78	78	NULL	NULL	NULL	NULL	1	1	
NULL	NULL	NULL	NULL	76	76	NULL	NULL	NULL	NULL	74	74	NULL	NULL	NULL	NULL	78	78	NULL	NULL	NULL	NULL	1	1	
0	0	NULL	NULL	63	63	29	29	NULL	NULL	61	61	27	27	NULL	NULL	59	59	25	25	NULL	NULL	NULL	NULL	
0	0	NULL	NULL	63	63	29	29	NULL	NULL	61	61	27	27	NULL	NULL	59	59	25	25	NULL	NULL	NULL	NULL	
46	46	11	11	NULL	NULL	45	45	9	9	NULL	NULL	44	44	26	26	NULL	NULL	43	43	24	24	NULL	NULL	
46	46	11	11	NULL	NULL	45	45	9	9	NULL	NULL	44	44	26	26	NULL	NULL	43	43	24	24	NULL	NULL	
NULL	NULL	68	68	72	72	NULL	NULL	64	64	70	70	NULL	NULL	62	62	71	71	NULL	NULL	60	60	20	20	
NULL	NULL	68	68	72	72	NULL	NULL	64	64	70	70	NULL	NULL	62	62	71	71	NULL	NULL	60	60	20	20	
28	28	NULL	NULL	51	51	16	16	NULL	NULL	49	49	23	23	NULL	NULL	56	56	21	21	NULL	NULL	NULL	NULL	
28	28	NULL	NULL	51	51	16	16	NULL	NULL	49	49	23	23	NULL	NULL	56	56	21	21	NULL	NULL	NULL	NULL	
17	17	34	34	NULL	NULL	36	36	18	18	NULL	NULL	38	38	30	30	NULL	NULL	42	42	22	22	NULL	NULL	
17	17	34	34	NULL	NULL	36	36	18	18	NULL	NULL	38	38	30	30	NULL	NULL	42	42	22	22	NULL	NULL	
NULL	NULL	19	19	81	81	NULL	NULL	55	55	85	85	NULL	NULL	69	69	84	84	NULL	NULL	57	57	75	75	
NULL	NULL	19	19	81	81	NULL	NULL	55	55	85	85	NULL	NULL	69	69	84	84	NULL	NULL	57	57	75	75	
3	3	NULL	NULL	54	54	14	14	NULL	NULL	53	53	77	77	NULL	NULL	58	58	4	4	NULL	NULL	NULL	NULL	
3	3	NULL	NULL	54	54	14	14	NULL	NULL	53	53	77	77	NULL	NULL	58	58	4	4	NULL	NULL	NULL	NULL	
33	33	12	12	NULL	NULL	35	35	15	15	NULL	NULL	37	37	10	10	NULL	NULL	41	41	8	8	NULL	NULL	
33	33	12	12	NULL	NULL	35	35	15	15	NULL	NULL	37	37	10	10	NULL	NULL	41	41	8	8	NULL	NULL	
NULL	NULL	52	52	80	80	NULL	NULL	50	50	82	82	NULL	NULL	48	48	83	83	NULL	NULL	47	47	73	73	
NULL	NULL	52	52	80	80	NULL	NULL	50	50	82	82	NULL	NULL	48	48	83	83	NULL	NULL	47	47	73	73	
NULL	NULL	NULL	NULL	65	65	2	2	NULL	NULL	66	66	5	5	NULL	NULL	67	67	6	6	NULL	NULL	NULL	NULL	
NULL	NULL	NULL	NULL	65	65	2	2	NULL	NULL	66	66	5	5	NULL	NULL	67	67	6	6	NULL	NULL	NULL	NULL	
31	31	NULL	NULL	NULL	NULL	32	32	13	13	NULL	NULL	39	39	79	79	NULL	NULL	40	40	7	7	NULL	NULL	
31	31	NULL	NULL	NULL	NULL	32	32	13	13	NULL	NULL	39	39	79	79	NULL	NULL	40	40	7	7	NULL	NULL	
