779
0	0	11	19	-999	-999	2	0	2	1000	0	0	0	0	0	
1	0	11	3	-999	-999	2	0	2	1000	0	0	0	0	0	
2	40	8	9	-999	-999	2	0	0	0	0	0	0	0	0	
3	73	22	11	-999	-999	2	200	5	1	0	0	0	0	0	
4	3	0	11	-999	-999	2	0	1	1000	0	0	0	0	0	
5	40	20	13	-999	-999	2	0	0	0	0	0	0	0	0	
6	40	18	13	-999	-999	2	0	0	0	0	0	0	0	0	
7	40	16	13	-999	-999	2	0	0	0	0	0	0	0	0	
8	40	14	13	-999	-999	2	0	0	0	0	0	0	0	0	
9	40	12	13	-999	-999	2	0	0	0	0	0	0	0	0	
10	40	10	13	-999	-999	2	0	0	0	0	0	0	0	0	
11	40	8	13	-999	-999	2	0	0	0	0	0	0	0	0	
12	40	6	13	-999	-999	2	0	0	0	0	0	0	0	0	
13	78	16	15	-999	-999	2	0	0	0	0	0	0	0	0	
14	40	4	15	-999	-999	2	0	0	0	0	0	0	0	0	
15	40	2	15	-999	-999	2	0	0	0	0	0	0	0	0	
16	40	0	15	-999	-999	2	0	0	0	0	0	0	0	0	
17	40	0	7	-999	-999	2	0	0	0	0	0	0	0	0	
18	40	2	7	-999	-999	2	0	0	0	0	0	0	0	0	
19	40	4	7	-999	-999	2	0	0	0	0	0	0	0	0	
20	78	18	15	-999	-999	2	0	0	0	0	0	0	0	0	
21	40	10	9	-999	-999	2	0	0	0	0	0	0	0	0	
22	40	12	9	-999	-999	2	0	0	0	0	0	0	0	0	
23	40	14	9	-999	-999	2	0	0	0	0	0	0	0	0	
24	40	18	9	-999	-999	2	0	0	0	0	0	0	0	0	
25	40	20	9	-999	-999	2	0	0	0	0	0	0	0	0	
26	40	22	9	-999	-999	2	0	0	0	0	0	0	0	0	
27	40	22	13	-999	-999	2	0	0	0	0	0	0	0	0	
28	43	2	12	20	11	2	0	0	0	0	0	0	0	0	
29	43	12	2	20	11	2	0	0	0	0	0	0	0	0	
30	43	4	12	20	11	2	0	0	0	0	0	0	0	0	
31	43	0	4	20	11	2	0	0	0	0	0	0	0	0	
32	43	4	0	20	11	2	0	0	0	0	0	0	0	0	
33	2	0	9	-999	-999	2	0	1	1000	0	0	0	0	0	
34	2	0	13	-999	-999	2	0	1	1000	0	0	0	0	0	
35	32	2	9	-999	-999	2	0	0	0	0	0	0	0	0	
56	56	36	36	40	40	44	44	48	48	52	52	58	58	
56	56	36	36	40	40	44	44	48	48	52	52	58	58	
37	37	89	89	87	87	88	88	85	85	98	98	39	39	
37	37	89	89	87	87	88	88	85	85	98	98	39	39	
41	41	99	99	NULL	NULL	NULL	NULL	NULL	NULL	94	94	43	43	
41	41	99	99	NULL	NULL	NULL	NULL	NULL	NULL	94	94	43	43	
45	45	100	100	97	97	95	95	NULL	NULL	90	90	47	47	
45	45	100	100	97	97	95	95	NULL	NULL	90	90	47	47	
49	49	92	92	NULL	NULL	93	93	NULL	NULL	86	86	51	51	
49	49	92	92	NULL	NULL	93	93	NULL	NULL	86	86	51	51	
53	53	101	101	NULL	NULL	91	91	NULL	NULL	96	96	55	55	
53	53	101	101	NULL	NULL	91	91	NULL	NULL	96	96	55	55	
57	57	38	38	42	42	46	46	50	50	54	54	59	59	
57	57	38	38	42	42	46	46	50	50	54	54	59	59	
36	43	2	0	2	9	2	0	0	0	0	0	0	0	0	
37	43	0	2	2	9	2	0	0	0	0	0	0	0	0	
38	42	2	12	2	9	2	0	0	0	0	0	0	0	0	
39	43	12	2	2	9	2	0	0	0	0	0	0	0	0	
40	43	4	0	2	9	2	0	0	0	0	0	0	0	0	
41	43	0	4	2	9	2	0	0	0	0	0	0	0	0	
42	43	4	12	2	9	2	0	0	0	0	0	0	0	0	
43	43	12	4	2	9	2	0	0	0	0	0	0	0	0	
44	43	6	0	2	9	2	0	0	0	0	0	0	0	0	
45	42	0	6	2	9	2	0	0	0	0	0	0	0	0	
46	42	6	12	2	9	2	0	0	0	0	0	0	0	0	
47	43	12	6	2	9	2	0	0	0	0	0	0	0	0	
48	43	8	0	2	9	2	0	0	0	0	0	0	0	0	
49	43	0	8	2	9	2	0	0	0	0	0	0	0	0	
50	43	8	12	2	9	2	0	0	0	0	0	0	0	0	
51	43	12	8	2	9	2	0	0	0	0	0	0	0	0	
52	43	10	0	2	9	2	0	0	0	0	0	0	0	0	
53	43	0	10	2	9	2	0	0	0	0	0	0	0	0	
54	42	10	12	2	9	2	0	0	0	0	0	0	0	0	
55	43	12	10	2	9	2	0	0	0	0	0	0	0	0	
56	43	0	0	2	9	2	0	0	0	0	0	0	0	0	
57	43	0	12	2	9	2	0	0	0	0	0	0	0	0	
58	43	12	0	2	9	2	0	0	0	0	0	0	0	0	
59	43	12	12	2	9	2	0	0	0	0	0	0	0	0	
60	32	2	11	-999	-999	2	0	0	0	0	0	0	0	0	
81	81	61	61	65	65	69	69	73	73	77	77	83	83	
81	81	61	61	65	65	69	69	73	73	77	77	83	83	
62	62	132	132	NULL	NULL	145	145	NULL	NULL	146	146	64	64	
62	62	132	132	NULL	NULL	145	145	NULL	NULL	146	146	64	64	
66	66	NULL	147	147	NULL	136	136	NULL	NULL	143	143	68	68	
66	66	NULL	147	147	NULL	136	136	NULL	NULL	143	143	68	68	
70	70	171	171	131	131	139	139	140	140	141	141	72	72	
70	70	171	171	131	131	139	139	140	140	141	141	72	72	
74	74	NULL	NULL	NULL	NULL	137	137	NULL	NULL	144	144	76	76	
74	74	NULL	NULL	NULL	NULL	137	137	NULL	NULL	144	144	76	76	
78	78	134	134	135	135	133	133	172	172	142	142	80	80	
78	78	134	134	135	135	133	133	172	172	142	142	80	80	
82	82	63	63	67	67	71	71	75	75	79	79	84	84	
82	82	63	63	67	67	71	71	75	75	79	79	84	84	
61	42	2	0	2	11	2	0	0	0	0	0	0	0	0	
62	43	0	2	2	11	2	0	0	0	0	0	0	0	0	
63	42	2	12	2	11	2	0	0	0	0	0	0	0	0	
64	43	12	2	2	11	2	0	0	0	0	0	0	0	0	
65	43	4	0	2	11	2	0	0	0	0	0	0	0	0	
66	43	0	4	2	11	2	0	0	0	0	0	0	0	0	
67	43	4	12	2	11	2	0	0	0	0	0	0	0	0	
68	43	12	4	2	11	2	0	0	0	0	0	0	0	0	
69	42	6	0	2	11	2	0	0	0	0	0	0	0	0	
70	42	0	6	2	11	2	0	0	0	0	0	0	0	0	
71	43	6	12	2	11	2	0	0	0	0	0	0	0	0	
72	42	12	6	2	11	2	0	0	0	0	0	0	0	0	
73	43	8	0	2	11	2	0	0	0	0	0	0	0	0	
74	43	0	8	2	11	2	0	0	0	0	0	0	0	0	
75	43	8	12	2	11	2	0	0	0	0	0	0	0	0	
76	43	12	8	2	11	2	0	0	0	0	0	0	0	0	
77	42	10	0	2	11	2	0	0	0	0	0	0	0	0	
78	43	0	10	2	11	2	0	0	0	0	0	0	0	0	
79	43	10	12	2	11	2	0	0	0	0	0	0	0	0	
80	42	12	10	2	11	2	0	0	0	0	0	0	0	0	
81	43	0	0	2	11	2	0	0	0	0	0	0	0	0	
82	43	0	12	2	11	2	0	0	0	0	0	0	0	0	
83	43	12	0	2	11	2	0	0	0	0	0	0	0	0	
84	43	12	12	2	11	2	0	0	0	0	0	0	0	0	
85	39	8	2	2	9	2	0	0	0	0	0	0	0	0	
86	39	10	8	2	9	2	0	0	0	0	0	0	0	0	
87	39	4	2	2	9	2	0	0	0	0	0	0	0	0	
88	39	6	2	2	9	2	0	0	0	0	0	0	0	0	
89	39	2	2	2	9	2	0	0	0	0	0	0	0	0	
90	39	10	6	2	9	2	0	0	0	0	0	0	0	0	
91	37	6	10	2	9	2	0	0	0	0	0	0	0	0	
92	39	2	8	2	9	2	0	0	0	0	0	0	0	0	
93	37	6	8	2	9	2	0	0	0	0	0	0	0	0	
94	39	10	4	2	9	2	0	0	0	0	0	0	0	0	
95	37	6	6	2	9	2	0	0	0	0	0	0	0	0	
96	39	10	10	2	9	2	0	0	0	0	0	0	0	0	
97	37	4	6	2	9	2	0	0	0	0	0	0	0	0	
98	39	10	2	2	9	2	0	0	0	0	0	0	0	0	
99	39	2	4	2	9	2	0	0	0	0	0	0	0	0	
100	5	2	6	2	9	2	0	0	0	0	0	0	0	0	
101	39	2	10	2	9	2	0	0	0	0	0	0	0	0	
102	32	2	13	-999	-999	2	0	0	0	0	0	0	0	0	
123	123	103	103	107	107	111	111	115	115	119	119	125	125	
123	123	103	103	107	107	111	111	115	115	119	119	125	125	
104	104	130	130	NULL	NULL	NULL	NULL	NULL	NULL	NULL	NULL	106	106	
104	104	130	130	NULL	NULL	NULL	NULL	NULL	NULL	NULL	NULL	106	106	
108	108	129	129	NULL	NULL	NULL	NULL	NULL	NULL	NULL	NULL	110	110	
108	108	129	129	NULL	NULL	NULL	NULL	NULL	NULL	NULL	NULL	110	110	
112	112	128	128	NULL	NULL	NULL	NULL	NULL	NULL	NULL	NULL	114	114	
112	112	128	128	NULL	NULL	NULL	NULL	NULL	NULL	NULL	NULL	114	114	
116	116	NULL	NULL	NULL	NULL	NULL	NULL	NULL	NULL	NULL	NULL	118	118	
116	116	NULL	NULL	NULL	NULL	NULL	NULL	NULL	NULL	NULL	NULL	118	118	
120	120	NULL	NULL	NULL	NULL	NULL	NULL	NULL	NULL	NULL	NULL	122	122	
120	120	NULL	NULL	NULL	NULL	NULL	NULL	NULL	NULL	NULL	NULL	122	122	
124	124	105	105	109	109	113	113	117	117	121	121	126	126	
124	124	105	105	109	109	113	113	117	117	121	121	126	126	
103	42	2	0	2	13	2	0	0	0	0	0	0	0	0	
104	43	0	2	2	13	2	0	0	0	0	0	0	0	0	
105	43	2	12	2	13	2	0	0	0	0	0	0	0	0	
106	43	12	2	2	13	2	0	0	0	0	0	0	0	0	
107	43	4	0	2	13	2	0	0	0	0	0	0	0	0	
108	43	0	4	2	13	2	0	0	0	0	0	0	0	0	
109	43	4	12	2	13	2	0	0	0	0	0	0	0	0	
110	43	12	4	2	13	2	0	0	0	0	0	0	0	0	
111	43	6	0	2	13	2	0	0	0	0	0	0	0	0	
112	42	0	6	2	13	2	0	0	0	0	0	0	0	0	
113	43	6	12	2	13	2	0	0	0	0	0	0	0	0	
114	43	12	6	2	13	2	0	0	0	0	0	0	0	0	
115	43	8	0	2	13	2	0	0	0	0	0	0	0	0	
116	43	0	8	2	13	2	0	0	0	0	0	0	0	0	
117	43	8	12	2	13	2	0	0	0	0	0	0	0	0	
118	43	12	8	2	13	2	0	0	0	0	0	0	0	0	
119	43	10	0	2	13	2	0	0	0	0	0	0	0	0	
120	43	0	10	2	13	2	0	0	0	0	0	0	0	0	
121	43	10	12	2	13	2	0	0	0	0	0	0	0	0	
122	43	12	10	2	13	2	0	0	0	0	0	0	0	0	
123	43	0	0	2	13	2	0	0	0	0	0	0	0	0	
124	43	0	12	2	13	2	0	0	0	0	0	0	0	0	
125	43	12	0	2	13	2	0	0	0	0	0	0	0	0	
126	43	12	12	2	13	2	0	0	0	0	0	0	0	0	
127	43	12	12	4	11	2	0	0	0	0	0	0	0	0	
128	37	2	6	2	13	2	0	0	0	0	0	0	0	0	
129	37	2	4	2	13	2	0	0	0	0	0	0	0	0	
130	37	2	2	2	13	2	0	0	0	0	0	0	0	0	
131	6	4	6	2	11	4	0	0	0	0	0	0	0	0	
132	37	2	2	2	11	2	0	0	0	0	0	0	0	0	
133	6	6	10	2	11	2	0	0	0	0	0	0	0	0	
134	37	2	10	2	11	2	0	0	0	0	0	0	0	0	
135	37	4	10	2	11	2	0	0	0	0	0	0	0	0	
136	22	6	4	2	11	2	0	0	0	0	0	0	0	0	
137	22	6	8	2	11	4	0	0	0	0	0	0	0	0	
138	43	12	0	4	11	2	0	0	0	0	0	0	0	0	
139	37	6	6	2	11	2	0	0	0	0	0	0	0	0	
140	37	8	6	2	11	2	0	0	0	0	0	0	0	0	
141	37	10	6	2	11	2	0	0	0	0	0	0	0	0	
142	6	10	10	2	11	2	0	0	0	0	0	0	0	0	
143	22	10	4	2	11	2	0	0	0	0	0	0	0	0	
144	22	10	8	2	11	4	0	0	0	0	0	0	0	0	
145	36	6	2	2	11	2	0	0	0	0	0	0	0	0	
146	36	10	2	2	11	2	0	0	0	0	0	0	0	0	
147	34	3	4	2	11	2	0	0	0	0	0	0	0	0	
148	32	4	11	-999	-999	2	0	0	0	0	0	0	0	0	
169	169	149	149	153	153	157	157	161	161	165	165	138	138	
169	169	149	149	153	153	157	157	161	161	165	165	138	138	
150	150	NULL	NULL	NULL	NULL	NULL	NULL	NULL	NULL	NULL	NULL	152	152	
150	150	NULL	NULL	NULL	NULL	NULL	NULL	NULL	NULL	NULL	NULL	152	152	
154	154	NULL	NULL	NULL	NULL	NULL	NULL	NULL	NULL	NULL	NULL	156	156	
154	154	NULL	NULL	NULL	NULL	NULL	NULL	NULL	NULL	NULL	NULL	156	156	
158	158	204	204	207	207	208	208	209	209	210	210	160	160	
158	158	204	204	207	207	208	208	209	209	210	210	160	160	
162	162	NULL	NULL	205	205	NULL	NULL	NULL	NULL	NULL	NULL	164	164	
162	162	NULL	NULL	205	205	NULL	NULL	NULL	NULL	NULL	NULL	164	164	
166	166	174	174	206	206	NULL	NULL	NULL	NULL	NULL	NULL	168	168	
166	166	174	174	206	206	NULL	NULL	NULL	NULL	NULL	NULL	168	168	
170	170	151	151	155	155	159	159	163	163	167	167	127	127	
170	170	151	151	155	155	159	159	163	163	167	167	127	127	
149	43	2	0	4	11	2	0	0	0	0	0	0	0	0	
150	43	0	2	4	11	2	0	0	0	0	0	0	0	0	
151	43	2	12	4	11	2	0	0	0	0	0	0	0	0	
152	43	12	2	4	11	2	0	0	0	0	0	0	0	0	
153	43	4	0	4	11	2	0	0	0	0	0	0	0	0	
154	43	0	4	4	11	2	0	0	0	0	0	0	0	0	
155	43	4	12	4	11	2	0	0	0	0	0	0	0	0	
156	43	12	4	4	11	2	0	0	0	0	0	0	0	0	
157	43	6	0	4	11	2	0	0	0	0	0	0	0	0	
158	42	0	6	4	11	2	0	0	0	0	0	0	0	0	
159	43	6	12	4	11	2	0	0	0	0	0	0	0	0	
160	42	12	6	4	11	2	0	0	0	0	0	0	0	0	
161	43	8	0	4	11	2	0	0	0	0	0	0	0	0	
162	43	0	8	4	11	2	0	0	0	0	0	0	0	0	
163	43	8	12	4	11	2	0	0	0	0	0	0	0	0	
164	43	12	8	4	11	2	0	0	0	0	0	0	0	0	
165	43	10	0	4	11	2	0	0	0	0	0	0	0	0	
166	42	0	10	4	11	2	0	0	0	0	0	0	0	0	
167	43	10	12	4	11	2	0	0	0	0	0	0	0	0	
168	43	12	10	4	11	2	0	0	0	0	0	0	0	0	
169	43	0	0	4	11	2	0	0	0	0	0	0	0	0	
170	43	0	12	4	11	2	0	0	0	0	0	0	0	0	
171	34	2	6	2	11	2	0	0	0	0	0	0	0	0	
172	34	8	10	2	11	2	0	0	0	0	0	0	0	0	
173	43	10	0	20	11	2	0	0	0	0	0	0	0	0	
174	37	2	10	4	11	2	0	0	0	0	0	0	0	0	
175	43	12	4	20	11	2	0	0	0	0	0	0	0	0	
176	34	8	10	20	11	2	0	0	0	0	0	0	0	0	
177	34	2	6	20	11	2	0	0	0	0	0	0	0	0	
178	43	0	8	20	11	2	0	0	0	0	0	0	0	0	
179	34	2	4	20	11	2	0	0	0	0	0	0	0	0	
180	34	6	10	20	11	2	0	0	0	0	0	0	0	0	
181	34	6	2	20	11	2	0	0	0	0	0	0	0	0	
182	43	8	0	20	11	2	0	0	0	0	0	0	0	0	
183	34	2	2	20	11	2	0	0	0	0	0	0	0	0	
184	34	10	8	20	11	2	0	0	0	0	0	0	0	0	
185	43	12	12	20	11	2	0	0	0	0	0	0	0	0	
186	42	12	6	20	11	2	0	0	0	0	0	0	0	0	
187	43	0	12	20	11	2	0	0	0	0	0	0	0	0	
188	34	6	8	20	11	2	0	0	0	0	0	0	0	0	
189	43	0	0	20	11	2	0	0	0	0	0	0	0	0	
190	43	6	12	20	11	2	0	0	0	0	0	0	0	0	
191	43	10	12	20	11	2	0	0	0	0	0	0	0	0	
192	34	10	10	20	11	2	0	0	0	0	0	0	0	0	
193	43	0	10	20	11	2	0	0	0	0	0	0	0	0	
194	42	0	6	20	11	2	0	0	0	0	0	0	0	0	
195	43	12	8	20	11	2	0	0	0	0	0	0	0	0	
196	77	10	6	20	11	2	0	0	0	0	0	0	0	0	
197	43	8	12	20	11	2	0	0	0	0	0	0	0	0	
198	34	6	6	20	11	2	0	0	0	0	0	0	0	0	
199	43	6	0	20	11	2	0	0	0	0	0	0	0	0	
200	34	6	4	20	11	2	0	0	0	0	0	0	0	0	
201	34	4	2	20	11	2	0	0	0	0	0	0	0	0	
202	43	12	0	20	11	2	0	0	0	0	0	0	0	0	
203	43	12	10	20	11	2	0	0	0	0	0	0	0	0	
204	34	2	6	4	11	2	0	0	0	0	0	0	0	0	
205	34	4	8	4	11	2	0	0	0	0	0	0	0	0	
206	37	4	10	4	11	2	0	0	0	0	0	0	0	0	
207	37	4	6	4	11	2	0	0	0	0	0	0	0	0	
208	37	6	6	4	11	4	0	0	0	0	0	0	0	0	
209	37	8	6	4	11	2	0	0	0	0	0	0	0	0	
210	37	10	6	4	11	2	0	0	0	0	0	0	0	0	
211	32	6	11	-999	-999	2	0	0	0	0	0	0	0	0	
232	232	212	212	216	216	220	220	224	224	228	228	234	234	
232	232	212	212	216	216	220	220	224	224	228	228	234	234	
213	213	238	238	249	249	240	240	NULL	NULL	NULL	NULL	215	215	
213	213	238	238	249	249	240	240	NULL	NULL	NULL	NULL	215	215	
217	217	239	239	NULL	NULL	241	241	NULL	NULL	NULL	NULL	219	219	
217	217	239	239	NULL	NULL	241	241	NULL	NULL	NULL	NULL	219	219	
221	221	236	236	NULL	NULL	242	242	NULL	NULL	250	250	223	223	
221	221	236	236	NULL	NULL	242	242	NULL	NULL	250	250	223	223	
225	225	NULL	NULL	NULL	NULL	243	243	NULL	NULL	245	245	227	227	
225	225	NULL	NULL	NULL	NULL	243	243	NULL	NULL	245	245	227	227	
229	229	NULL	NULL	NULL	NULL	244	244	247	247	237	237	231	231	
229	229	NULL	NULL	NULL	NULL	244	244	247	247	237	237	231	231	
233	233	214	214	218	218	222	222	226	226	230	230	235	235	
233	233	214	214	218	218	222	222	226	226	230	230	235	235	
212	43	2	0	6	11	2	0	0	0	0	0	0	0	0	
213	43	0	2	6	11	2	0	0	0	0	0	0	0	0	
214	43	2	12	6	11	2	0	0	0	0	0	0	0	0	
215	43	12	2	6	11	2	0	0	0	0	0	0	0	0	
216	43	4	0	6	11	2	0	0	0	0	0	0	0	0	
217	43	0	4	6	11	2	0	0	0	0	0	0	0	0	
218	43	4	12	6	11	2	0	0	0	0	0	0	0	0	
219	43	12	4	6	11	2	0	0	0	0	0	0	0	0	
220	43	6	0	6	11	2	0	0	0	0	0	0	0	0	
221	42	0	6	6	11	2	0	0	0	0	0	0	0	0	
222	43	6	12	6	11	2	0	0	0	0	0	0	0	0	
223	42	12	6	6	11	2	0	0	0	0	0	0	0	0	
224	43	8	0	6	11	2	0	0	0	0	0	0	0	0	
225	43	0	8	6	11	2	0	0	0	0	0	0	0	0	
226	43	8	12	6	11	2	0	0	0	0	0	0	0	0	
227	43	12	8	6	11	2	0	0	0	0	0	0	0	0	
228	43	10	0	6	11	2	0	0	0	0	0	0	0	0	
229	43	0	10	6	11	2	0	0	0	0	0	0	0	0	
230	43	10	12	6	11	2	0	0	0	0	0	0	0	0	
231	43	12	10	6	11	2	0	0	0	0	0	0	0	0	
232	43	0	0	6	11	2	0	0	0	0	0	0	0	0	
233	43	0	12	6	11	2	0	0	0	0	0	0	0	0	
234	43	12	0	6	11	2	0	0	0	0	0	0	0	0	
235	43	12	12	6	11	2	0	0	0	0	0	0	0	0	
236	34	2	6	6	11	2	0	0	0	0	0	0	0	0	
237	34	10	10	6	11	2	0	0	0	0	0	0	0	0	
238	34	2	2	6	11	2	0	0	0	0	0	0	0	0	
239	34	2	4	6	11	2	0	0	0	0	0	0	0	0	
240	34	6	2	6	11	2	0	0	0	0	0	0	0	0	
241	34	6	4	6	11	2	0	0	0	0	0	0	0	0	
242	34	6	6	6	11	2	0	0	0	0	0	0	0	0	
243	34	6	8	6	11	2	0	0	0	0	0	0	0	0	
244	34	6	10	6	11	2	0	0	0	0	0	0	0	0	
245	34	10	8	6	11	2	0	0	0	0	0	0	0	0	
246	40	6	9	-999	-999	2	0	0	0	0	0	0	0	0	
247	34	8	10	6	11	2	0	0	0	0	0	0	0	0	
248	40	16	9	-999	-999	2	0	0	0	0	0	0	0	0	
249	34	4	2	6	11	2	0	0	0	0	0	0	0	0	
250	76	10	6	6	11	2	0	0	0	0	0	0	0	0	
251	32	8	11	-999	-999	2	0	0	0	0	0	0	0	0	
272	272	252	252	256	256	260	260	264	264	268	268	274	274	
272	272	252	252	256	256	260	260	264	264	268	268	274	274	
253	253	276	276	277	277	278	278	NULL	NULL	NULL	NULL	255	255	
253	253	276	276	277	277	278	278	NULL	NULL	NULL	NULL	255	255	
257	257	279	279	NULL	NULL	280	280	NULL	NULL	NULL	NULL	259	259	
257	257	279	279	NULL	NULL	280	280	NULL	NULL	NULL	NULL	259	259	
261	261	281	281	NULL	NULL	282	282	NULL	NULL	283	283	263	263	
261	261	281	281	NULL	NULL	282	282	NULL	NULL	283	283	263	263	
265	265	NULL	NULL	NULL	NULL	284	284	NULL	NULL	285	285	267	267	
265	265	NULL	NULL	NULL	NULL	284	284	NULL	NULL	285	285	267	267	
269	269	NULL	NULL	NULL	NULL	286	286	287	287	288	288	271	271	
269	269	NULL	NULL	NULL	NULL	286	286	287	287	288	288	271	271	
273	273	254	254	258	258	262	262	266	266	270	270	275	275	
273	273	254	254	258	258	262	262	266	266	270	270	275	275	
252	43	2	0	8	11	2	0	0	0	0	0	0	0	0	
253	43	0	2	8	11	2	0	0	0	0	0	0	0	0	
254	43	2	12	8	11	2	0	0	0	0	0	0	0	0	
255	43	12	2	8	11	2	0	0	0	0	0	0	0	0	
256	43	4	0	8	11	2	0	0	0	0	0	0	0	0	
257	43	0	4	8	11	2	0	0	0	0	0	0	0	0	
258	43	4	12	8	11	2	0	0	0	0	0	0	0	0	
259	43	12	4	8	11	2	0	0	0	0	0	0	0	0	
260	43	6	0	8	11	2	0	0	0	0	0	0	0	0	
261	42	0	6	8	11	2	0	0	0	0	0	0	0	0	
262	43	6	12	8	11	2	0	0	0	0	0	0	0	0	
263	42	12	6	8	11	2	0	0	0	0	0	0	0	0	
264	43	8	0	8	11	2	0	0	0	0	0	0	0	0	
265	43	0	8	8	11	2	0	0	0	0	0	0	0	0	
266	43	8	12	8	11	2	0	0	0	0	0	0	0	0	
267	43	12	8	8	11	2	0	0	0	0	0	0	0	0	
268	43	10	0	8	11	2	0	0	0	0	0	0	0	0	
269	43	0	10	8	11	2	0	0	0	0	0	0	0	0	
270	43	10	12	8	11	2	0	0	0	0	0	0	0	0	
271	43	12	10	8	11	2	0	0	0	0	0	0	0	0	
272	43	0	0	8	11	2	0	0	0	0	0	0	0	0	
273	43	0	12	8	11	2	0	0	0	0	0	0	0	0	
274	43	12	0	8	11	2	0	0	0	0	0	0	0	0	
275	43	12	12	8	11	2	0	0	0	0	0	0	0	0	
276	34	2	2	8	11	2	0	0	0	0	0	0	0	0	
277	34	4	2	8	11	2	0	0	0	0	0	0	0	0	
278	34	6	2	8	11	2	0	0	0	0	0	0	0	0	
279	34	2	4	8	11	2	0	0	0	0	0	0	0	0	
280	34	6	4	8	11	2	0	0	0	0	0	0	0	0	
281	34	2	6	8	11	2	0	0	0	0	0	0	0	0	
282	34	6	6	8	11	2	0	0	0	0	0	0	0	0	
283	76	10	6	8	11	2	0	0	0	0	0	0	0	0	
284	34	6	8	8	11	2	0	0	0	0	0	0	0	0	
285	34	10	8	8	11	2	0	0	0	0	0	0	0	0	
286	34	6	10	8	11	2	0	0	0	0	0	0	0	0	
287	34	8	10	8	11	2	0	0	0	0	0	0	0	0	
288	34	10	10	8	11	2	0	0	0	0	0	0	0	0	
289	32	10	11	-999	-999	2	0	0	0	0	0	0	0	0	
310	310	290	290	294	294	298	298	302	302	306	306	312	312	
310	310	290	290	294	294	298	298	302	302	306	306	312	312	
291	291	314	314	315	315	316	316	NULL	NULL	NULL	NULL	293	293	
291	291	314	314	315	315	316	316	NULL	NULL	NULL	NULL	293	293	
295	295	317	317	NULL	NULL	318	318	NULL	NULL	NULL	NULL	297	297	
295	295	317	317	NULL	NULL	318	318	NULL	NULL	NULL	NULL	297	297	
299	299	319	319	NULL	NULL	320	320	NULL	NULL	321	321	301	301	
299	299	319	319	NULL	NULL	320	320	NULL	NULL	321	321	301	301	
303	303	NULL	NULL	NULL	NULL	322	322	NULL	NULL	323	323	305	305	
303	303	NULL	NULL	NULL	NULL	322	322	NULL	NULL	323	323	305	305	
307	307	NULL	NULL	NULL	NULL	324	324	325	325	326	326	309	309	
307	307	NULL	NULL	NULL	NULL	324	324	325	325	326	326	309	309	
311	311	292	292	296	296	300	300	304	304	308	308	313	313	
311	311	292	292	296	296	300	300	304	304	308	308	313	313	
290	43	2	0	10	11	2	0	0	0	0	0	0	0	0	
291	43	0	2	10	11	2	0	0	0	0	0	0	0	0	
292	43	2	12	10	11	2	0	0	0	0	0	0	0	0	
293	43	12	2	10	11	2	0	0	0	0	0	0	0	0	
294	43	4	0	10	11	2	0	0	0	0	0	0	0	0	
295	43	0	4	10	11	2	0	0	0	0	0	0	0	0	
296	43	4	12	10	11	2	0	0	0	0	0	0	0	0	
297	43	12	4	10	11	2	0	0	0	0	0	0	0	0	
298	43	6	0	10	11	2	0	0	0	0	0	0	0	0	
299	42	0	6	10	11	2	0	0	0	0	0	0	0	0	
300	43	6	12	10	11	2	0	0	0	0	0	0	0	0	
301	42	12	6	10	11	2	0	0	0	0	0	0	0	0	
302	43	8	0	10	11	2	0	0	0	0	0	0	0	0	
303	43	0	8	10	11	2	0	0	0	0	0	0	0	0	
304	43	8	12	10	11	2	0	0	0	0	0	0	0	0	
305	43	12	8	10	11	2	0	0	0	0	0	0	0	0	
306	43	10	0	10	11	2	0	0	0	0	0	0	0	0	
307	43	0	10	10	11	2	0	0	0	0	0	0	0	0	
308	43	10	12	10	11	2	0	0	0	0	0	0	0	0	
309	43	12	10	10	11	2	0	0	0	0	0	0	0	0	
310	43	0	0	10	11	2	0	0	0	0	0	0	0	0	
311	43	0	12	10	11	2	0	0	0	0	0	0	0	0	
312	43	12	0	10	11	2	0	0	0	0	0	0	0	0	
313	43	12	12	10	11	2	0	0	0	0	0	0	0	0	
314	34	2	2	10	11	2	0	0	0	0	0	0	0	0	
315	34	4	2	10	11	2	0	0	0	0	0	0	0	0	
316	34	6	2	10	11	2	0	0	0	0	0	0	0	0	
317	34	2	4	10	11	2	0	0	0	0	0	0	0	0	
318	34	6	4	10	11	2	0	0	0	0	0	0	0	0	
319	34	2	6	10	11	2	0	0	0	0	0	0	0	0	
320	34	6	6	10	11	2	0	0	0	0	0	0	0	0	
321	76	10	6	10	11	2	0	0	0	0	0	0	0	0	
322	34	6	8	10	11	2	0	0	0	0	0	0	0	0	
323	34	10	8	10	11	2	0	0	0	0	0	0	0	0	
324	34	6	10	10	11	2	0	0	0	0	0	0	0	0	
325	34	8	10	10	11	2	0	0	0	0	0	0	0	0	
326	34	10	10	10	11	2	0	0	0	0	0	0	0	0	
327	32	12	11	-999	-999	2	0	0	0	0	0	0	0	0	
348	348	328	328	332	332	336	336	340	340	344	344	350	350	
348	348	328	328	332	332	336	336	340	340	344	344	350	350	
329	329	352	352	353	353	354	354	NULL	NULL	NULL	NULL	331	331	
329	329	352	352	353	353	354	354	NULL	NULL	NULL	NULL	331	331	
333	333	355	355	NULL	NULL	356	356	NULL	NULL	NULL	NULL	335	335	
333	333	355	355	NULL	NULL	356	356	NULL	NULL	NULL	NULL	335	335	
337	337	357	357	NULL	NULL	358	358	NULL	NULL	359	359	339	339	
337	337	357	357	NULL	NULL	358	358	NULL	NULL	359	359	339	339	
341	341	NULL	NULL	NULL	NULL	360	360	NULL	NULL	361	361	343	343	
341	341	NULL	NULL	NULL	NULL	360	360	NULL	NULL	361	361	343	343	
345	345	NULL	NULL	NULL	NULL	362	362	363	363	364	364	347	347	
345	345	NULL	NULL	NULL	NULL	362	362	363	363	364	364	347	347	
349	349	330	330	334	334	338	338	342	342	346	346	351	351	
349	349	330	330	334	334	338	338	342	342	346	346	351	351	
328	43	2	0	12	11	2	0	0	0	0	0	0	0	0	
329	43	0	2	12	11	2	0	0	0	0	0	0	0	0	
330	43	2	12	12	11	2	0	0	0	0	0	0	0	0	
331	43	12	2	12	11	2	0	0	0	0	0	0	0	0	
332	43	4	0	12	11	2	0	0	0	0	0	0	0	0	
333	43	0	4	12	11	2	0	0	0	0	0	0	0	0	
334	43	4	12	12	11	2	0	0	0	0	0	0	0	0	
335	43	12	4	12	11	2	0	0	0	0	0	0	0	0	
336	43	6	0	12	11	2	0	0	0	0	0	0	0	0	
337	42	0	6	12	11	2	0	0	0	0	0	0	0	0	
338	43	6	12	12	11	2	0	0	0	0	0	0	0	0	
339	42	12	6	12	11	2	0	0	0	0	0	0	0	0	
340	43	8	0	12	11	2	0	0	0	0	0	0	0	0	
341	43	0	8	12	11	2	0	0	0	0	0	0	0	0	
342	43	8	12	12	11	2	0	0	0	0	0	0	0	0	
343	43	12	8	12	11	2	0	0	0	0	0	0	0	0	
344	43	10	0	12	11	2	0	0	0	0	0	0	0	0	
345	43	0	10	12	11	2	0	0	0	0	0	0	0	0	
346	43	10	12	12	11	2	0	0	0	0	0	0	0	0	
347	43	12	10	12	11	2	0	0	0	0	0	0	0	0	
348	43	0	0	12	11	2	0	0	0	0	0	0	0	0	
349	43	0	12	12	11	2	0	0	0	0	0	0	0	0	
350	43	12	0	12	11	2	0	0	0	0	0	0	0	0	
351	43	12	12	12	11	2	0	0	0	0	0	0	0	0	
352	34	2	2	12	11	2	0	0	0	0	0	0	0	0	
353	34	4	2	12	11	2	0	0	0	0	0	0	0	0	
354	34	6	2	12	11	2	0	0	0	0	0	0	0	0	
355	34	2	4	12	11	2	0	0	0	0	0	0	0	0	
356	34	6	4	12	11	2	0	0	0	0	0	0	0	0	
357	34	2	6	12	11	2	0	0	0	0	0	0	0	0	
358	34	6	6	12	11	2	0	0	0	0	0	0	0	0	
359	76	10	6	12	11	2	0	0	0	0	0	0	0	0	
360	34	6	8	12	11	2	0	0	0	0	0	0	0	0	
361	34	10	8	12	11	2	0	0	0	0	0	0	0	0	
362	34	6	10	12	11	2	0	0	0	0	0	0	0	0	
363	34	8	10	12	11	2	0	0	0	0	0	0	0	0	
364	34	10	10	12	11	2	0	0	0	0	0	0	0	0	
365	32	14	11	-999	-999	2	0	0	0	0	0	0	0	0	
386	386	366	366	370	370	374	374	378	378	382	382	388	388	
386	386	366	366	370	370	374	374	378	378	382	382	388	388	
367	367	390	390	391	391	392	392	NULL	NULL	NULL	NULL	369	369	
367	367	390	390	391	391	392	392	NULL	NULL	NULL	NULL	369	369	
371	371	393	393	NULL	NULL	394	394	NULL	NULL	NULL	NULL	373	373	
371	371	393	393	NULL	NULL	394	394	NULL	NULL	NULL	NULL	373	373	
375	375	395	395	NULL	NULL	396	396	NULL	NULL	397	397	377	377	
375	375	395	395	NULL	NULL	396	396	NULL	NULL	397	397	377	377	
379	379	NULL	NULL	NULL	NULL	398	398	NULL	NULL	399	399	381	381	
379	379	NULL	NULL	NULL	NULL	398	398	NULL	NULL	399	399	381	381	
383	383	NULL	NULL	NULL	NULL	400	400	401	401	402	402	385	385	
383	383	NULL	NULL	NULL	NULL	400	400	401	401	402	402	385	385	
387	387	368	368	372	372	376	376	380	380	384	384	389	389	
387	387	368	368	372	372	376	376	380	380	384	384	389	389	
366	43	2	0	14	11	2	0	0	0	0	0	0	0	0	
367	43	0	2	14	11	2	0	0	0	0	0	0	0	0	
368	43	2	12	14	11	2	0	0	0	0	0	0	0	0	
369	43	12	2	14	11	2	0	0	0	0	0	0	0	0	
370	43	4	0	14	11	2	0	0	0	0	0	0	0	0	
371	43	0	4	14	11	2	0	0	0	0	0	0	0	0	
372	43	4	12	14	11	2	0	0	0	0	0	0	0	0	
373	43	12	4	14	11	2	0	0	0	0	0	0	0	0	
374	43	6	0	14	11	2	0	0	0	0	0	0	0	0	
375	42	0	6	14	11	2	0	0	0	0	0	0	0	0	
376	43	6	12	14	11	2	0	0	0	0	0	0	0	0	
377	42	12	6	14	11	2	0	0	0	0	0	0	0	0	
378	43	8	0	14	11	2	0	0	0	0	0	0	0	0	
379	43	0	8	14	11	2	0	0	0	0	0	0	0	0	
380	43	8	12	14	11	2	0	0	0	0	0	0	0	0	
381	43	12	8	14	11	2	0	0	0	0	0	0	0	0	
382	43	10	0	14	11	2	0	0	0	0	0	0	0	0	
383	43	0	10	14	11	2	0	0	0	0	0	0	0	0	
384	43	10	12	14	11	2	0	0	0	0	0	0	0	0	
385	43	12	10	14	11	2	0	0	0	0	0	0	0	0	
386	43	0	0	14	11	2	0	0	0	0	0	0	0	0	
387	43	0	12	14	11	2	0	0	0	0	0	0	0	0	
388	43	12	0	14	11	2	0	0	0	0	0	0	0	0	
389	43	12	12	14	11	2	0	0	0	0	0	0	0	0	
390	34	2	2	14	11	2	0	0	0	0	0	0	0	0	
391	34	4	2	14	11	2	0	0	0	0	0	0	0	0	
392	34	6	2	14	11	2	0	0	0	0	0	0	0	0	
393	34	2	4	14	11	2	0	0	0	0	0	0	0	0	
394	34	6	4	14	11	2	0	0	0	0	0	0	0	0	
395	34	2	6	14	11	2	0	0	0	0	0	0	0	0	
396	34	6	6	14	11	2	0	0	0	0	0	0	0	0	
397	76	10	6	14	11	2	0	0	0	0	0	0	0	0	
398	34	6	8	14	11	2	0	0	0	0	0	0	0	0	
399	34	10	8	14	11	2	0	0	0	0	0	0	0	0	
400	34	6	10	14	11	2	0	0	0	0	0	0	0	0	
401	34	8	10	14	11	2	0	0	0	0	0	0	0	0	
402	34	10	10	14	11	2	0	0	0	0	0	0	0	0	
403	32	16	11	-999	-999	2	0	0	0	0	0	0	0	0	
424	424	404	404	408	408	412	412	416	416	420	420	426	426	
424	424	404	404	408	408	412	412	416	416	420	420	426	426	
405	405	428	428	429	429	430	430	NULL	NULL	NULL	NULL	407	407	
405	405	428	428	429	429	430	430	NULL	NULL	NULL	NULL	407	407	
409	409	431	431	NULL	NULL	432	432	NULL	NULL	NULL	NULL	411	411	
409	409	431	431	NULL	NULL	432	432	NULL	NULL	NULL	NULL	411	411	
413	413	433	433	NULL	NULL	434	434	NULL	NULL	435	435	415	415	
413	413	433	433	NULL	NULL	434	434	NULL	NULL	435	435	415	415	
417	417	NULL	NULL	NULL	NULL	436	436	NULL	NULL	437	437	419	419	
417	417	NULL	NULL	NULL	NULL	436	436	NULL	NULL	437	437	419	419	
421	421	NULL	NULL	NULL	NULL	438	438	439	439	440	440	423	423	
421	421	NULL	NULL	NULL	NULL	438	438	439	439	440	440	423	423	
425	425	406	406	410	410	414	414	418	418	422	422	427	427	
425	425	406	406	410	410	414	414	418	418	422	422	427	427	
404	43	2	0	16	11	2	0	0	0	0	0	0	0	0	
405	43	0	2	16	11	2	0	0	0	0	0	0	0	0	
406	43	2	12	16	11	2	0	0	0	0	0	0	0	0	
407	43	12	2	16	11	2	0	0	0	0	0	0	0	0	
408	43	4	0	16	11	2	0	0	0	0	0	0	0	0	
409	43	0	4	16	11	2	0	0	0	0	0	0	0	0	
410	43	4	12	16	11	2	0	0	0	0	0	0	0	0	
411	43	12	4	16	11	2	0	0	0	0	0	0	0	0	
412	43	6	0	16	11	2	0	0	0	0	0	0	0	0	
413	42	0	6	16	11	2	0	0	0	0	0	0	0	0	
414	43	6	12	16	11	2	0	0	0	0	0	0	0	0	
415	42	12	6	16	11	2	0	0	0	0	0	0	0	0	
416	43	8	0	16	11	2	0	0	0	0	0	0	0	0	
417	43	0	8	16	11	2	0	0	0	0	0	0	0	0	
418	43	8	12	16	11	2	0	0	0	0	0	0	0	0	
419	43	12	8	16	11	2	0	0	0	0	0	0	0	0	
420	43	10	0	16	11	2	0	0	0	0	0	0	0	0	
421	43	0	10	16	11	2	0	0	0	0	0	0	0	0	
422	43	10	12	16	11	2	0	0	0	0	0	0	0	0	
423	43	12	10	16	11	2	0	0	0	0	0	0	0	0	
424	43	0	0	16	11	2	0	0	0	0	0	0	0	0	
425	43	0	12	16	11	2	0	0	0	0	0	0	0	0	
426	43	12	0	16	11	2	0	0	0	0	0	0	0	0	
427	43	12	12	16	11	2	0	0	0	0	0	0	0	0	
428	34	2	2	16	11	2	0	0	0	0	0	0	0	0	
429	34	4	2	16	11	2	0	0	0	0	0	0	0	0	
430	34	6	2	16	11	2	0	0	0	0	0	0	0	0	
431	34	2	4	16	11	2	0	0	0	0	0	0	0	0	
432	34	6	4	16	11	2	0	0	0	0	0	0	0	0	
433	34	2	6	16	11	2	0	0	0	0	0	0	0	0	
434	34	6	6	16	11	2	0	0	0	0	0	0	0	0	
435	76	10	6	16	11	2	0	0	0	0	0	0	0	0	
436	34	6	8	16	11	2	0	0	0	0	0	0	0	0	
437	34	10	8	16	11	2	0	0	0	0	0	0	0	0	
438	34	6	10	16	11	2	0	0	0	0	0	0	0	0	
439	34	8	10	16	11	2	0	0	0	0	0	0	0	0	
440	34	10	10	16	11	2	0	0	0	0	0	0	0	0	
441	32	18	11	-999	-999	2	0	0	0	0	0	0	0	0	
462	462	442	442	446	446	450	450	454	454	458	458	464	464	
462	462	442	442	446	446	450	450	454	454	458	458	464	464	
443	443	466	466	467	467	468	468	NULL	NULL	NULL	NULL	445	445	
443	443	466	466	467	467	468	468	NULL	NULL	NULL	NULL	445	445	
447	447	469	469	NULL	NULL	470	470	NULL	NULL	NULL	NULL	449	449	
447	447	469	469	NULL	NULL	470	470	NULL	NULL	NULL	NULL	449	449	
451	451	471	471	NULL	NULL	472	472	NULL	NULL	473	473	453	453	
451	451	471	471	NULL	NULL	472	472	NULL	NULL	473	473	453	453	
455	455	NULL	NULL	NULL	NULL	474	474	NULL	NULL	475	475	457	457	
455	455	NULL	NULL	NULL	NULL	474	474	NULL	NULL	475	475	457	457	
459	459	NULL	NULL	NULL	NULL	476	476	477	477	478	478	461	461	
459	459	NULL	NULL	NULL	NULL	476	476	477	477	478	478	461	461	
463	463	444	444	448	448	452	452	456	456	460	460	465	465	
463	463	444	444	448	448	452	452	456	456	460	460	465	465	
442	43	2	0	18	11	2	0	0	0	0	0	0	0	0	
443	43	0	2	18	11	2	0	0	0	0	0	0	0	0	
444	43	2	12	18	11	2	0	0	0	0	0	0	0	0	
445	43	12	2	18	11	2	0	0	0	0	0	0	0	0	
446	43	4	0	18	11	2	0	0	0	0	0	0	0	0	
447	43	0	4	18	11	2	0	0	0	0	0	0	0	0	
448	43	4	12	18	11	2	0	0	0	0	0	0	0	0	
449	43	12	4	18	11	2	0	0	0	0	0	0	0	0	
450	43	6	0	18	11	2	0	0	0	0	0	0	0	0	
451	42	0	6	18	11	2	0	0	0	0	0	0	0	0	
452	43	6	12	18	11	2	0	0	0	0	0	0	0	0	
453	42	12	6	18	11	2	0	0	0	0	0	0	0	0	
454	43	8	0	18	11	2	0	0	0	0	0	0	0	0	
455	43	0	8	18	11	2	0	0	0	0	0	0	0	0	
456	43	8	12	18	11	2	0	0	0	0	0	0	0	0	
457	43	12	8	18	11	2	0	0	0	0	0	0	0	0	
458	43	10	0	18	11	2	0	0	0	0	0	0	0	0	
459	43	0	10	18	11	2	0	0	0	0	0	0	0	0	
460	43	10	12	18	11	2	0	0	0	0	0	0	0	0	
461	43	12	10	18	11	2	0	0	0	0	0	0	0	0	
462	43	0	0	18	11	2	0	0	0	0	0	0	0	0	
463	43	0	12	18	11	2	0	0	0	0	0	0	0	0	
464	43	12	0	18	11	2	0	0	0	0	0	0	0	0	
465	43	12	12	18	11	2	0	0	0	0	0	0	0	0	
466	34	2	2	18	11	2	0	0	0	0	0	0	0	0	
467	34	4	2	18	11	2	0	0	0	0	0	0	0	0	
468	34	6	2	18	11	2	0	0	0	0	0	0	0	0	
469	34	2	4	18	11	2	0	0	0	0	0	0	0	0	
470	34	6	4	18	11	2	0	0	0	0	0	0	0	0	
471	34	2	6	18	11	2	0	0	0	0	0	0	0	0	
472	34	6	6	18	11	2	0	0	0	0	0	0	0	0	
473	76	10	6	18	11	2	0	0	0	0	0	0	0	0	
474	34	6	8	18	11	2	0	0	0	0	0	0	0	0	
475	34	10	8	18	11	2	0	0	0	0	0	0	0	0	
476	34	6	10	18	11	2	0	0	0	0	0	0	0	0	
477	34	8	10	18	11	2	0	0	0	0	0	0	0	0	
478	34	10	10	18	11	2	0	0	0	0	0	0	0	0	
479	32	20	11	-999	-999	2	0	0	0	0	0	0	0	0	
189	189	480	480	32	32	199	199	182	182	173	173	202	202	
189	189	480	480	32	32	199	199	182	182	173	173	202	202	
481	481	183	183	201	201	181	181	NULL	NULL	NULL	NULL	29	29	
481	481	183	183	201	201	181	181	NULL	NULL	NULL	NULL	29	29	
31	31	179	179	NULL	NULL	200	200	NULL	NULL	NULL	NULL	175	175	
31	31	179	179	NULL	NULL	200	200	NULL	NULL	NULL	NULL	175	175	
194	194	177	177	NULL	NULL	198	198	NULL	NULL	196	196	186	186	
194	194	177	177	NULL	NULL	198	198	NULL	NULL	196	196	186	186	
178	178	NULL	NULL	NULL	NULL	188	188	NULL	NULL	184	184	195	195	
178	178	NULL	NULL	NULL	NULL	188	188	NULL	NULL	184	184	195	195	
193	193	NULL	NULL	NULL	NULL	180	180	176	176	192	192	203	203	
193	193	NULL	NULL	NULL	NULL	180	180	176	176	192	192	203	203	
187	187	28	28	30	30	190	190	197	197	191	191	185	185	
187	187	28	28	30	30	190	190	197	197	191	191	185	185	
480	43	2	0	20	11	2	0	0	0	0	0	0	0	0	
481	43	0	2	20	11	2	0	0	0	0	0	0	0	0	
482	43	12	12	17	19	2	0	0	0	0	0	0	0	0	
483	35	6	2	6	17	2	0	0	0	0	0	0	0	0	
484	35	8	2	6	17	2	0	0	0	0	0	0	0	0	
485	35	10	2	6	17	2	0	0	0	0	0	0	0	0	
486	32	18	17	-999	-999	2	0	0	0	0	0	0	0	0	
507	507	487	487	491	491	495	495	499	499	503	503	509	509	
507	507	487	487	491	491	495	495	499	499	503	503	509	509	
488	488	545	545	541	541	537	537	565	565	563	563	490	490	
488	488	545	545	541	541	537	537	565	565	563	563	490	490	
492	492	512	512	NULL	NULL	NULL	NULL	NULL	NULL	559	559	494	494	
492	492	512	512	NULL	NULL	NULL	NULL	NULL	NULL	559	559	494	494	
496	496	532	532	NULL	NULL	NULL	NULL	NULL	NULL	557	557	498	498	
496	496	532	532	NULL	NULL	NULL	NULL	NULL	NULL	557	557	498	498	
500	500	NULL	NULL	NULL	NULL	NULL	NULL	NULL	NULL	561	561	502	502	
500	500	NULL	NULL	NULL	NULL	NULL	NULL	NULL	NULL	561	561	502	502	
504	504	760	760	759	759	758	758	572	572	568	568	506	506	
504	504	760	760	759	759	758	758	572	572	568	568	506	506	
508	508	489	489	493	493	497	497	501	501	505	505	510	510	
508	508	489	489	493	493	497	497	501	501	505	505	510	510	
487	43	2	0	18	17	2	0	0	0	0	0	0	0	0	
488	43	0	2	18	17	2	0	0	0	0	0	0	0	0	
489	42	2	12	18	17	2	0	0	0	0	0	0	0	0	
490	43	12	2	18	17	2	0	0	0	0	0	0	0	0	
491	43	4	0	18	17	2	0	0	0	0	0	0	0	0	
492	43	0	4	18	17	2	0	0	0	0	0	0	0	0	
493	43	4	12	18	17	2	0	0	0	0	0	0	0	0	
494	43	12	4	18	17	2	0	0	0	0	0	0	0	0	
495	43	6	0	18	17	2	0	0	0	0	0	0	0	0	
496	42	0	6	18	17	2	0	0	0	0	0	0	0	0	
497	43	6	12	18	17	2	0	0	0	0	0	0	0	0	
498	43	12	6	18	17	2	0	0	0	0	0	0	0	0	
499	43	8	0	18	17	2	0	0	0	0	0	0	0	0	
500	43	0	8	18	17	2	0	0	0	0	0	0	0	0	
501	43	8	12	18	17	2	0	0	0	0	0	0	0	0	
502	43	12	8	18	17	2	0	0	0	0	0	0	0	0	
503	43	10	0	18	17	2	0	0	0	0	0	0	0	0	
504	43	0	10	18	17	2	0	0	0	0	0	0	0	0	
505	43	10	12	18	17	2	0	0	0	0	0	0	0	0	
506	43	12	10	18	17	2	0	0	0	0	0	0	0	0	
507	43	0	0	18	17	2	0	0	0	0	0	0	0	0	
508	43	0	12	18	17	2	0	0	0	0	0	0	0	0	
509	43	12	0	18	17	2	0	0	0	0	0	0	0	0	
510	43	12	12	18	17	2	0	0	0	0	0	0	0	0	
511	43	0	2	16	17	2	0	0	0	0	0	0	0	0	
512	35	2	4	18	17	2	0	0	0	0	0	0	0	0	
513	78	12	15	-999	-999	2	0	0	0	0	0	0	0	0	
514	43	12	0	16	17	2	0	0	0	0	0	0	0	0	
515	78	10	15	-999	-999	2	0	0	0	0	0	0	0	0	
516	35	6	10	6	17	2	0	0	0	0	0	0	0	0	
517	78	8	15	-999	-999	2	0	0	0	0	0	0	0	0	
518	35	2	4	16	17	2	0	0	0	0	0	0	0	0	
519	78	6	15	-999	-999	2	0	0	0	0	0	0	0	0	
520	35	2	6	16	17	2	0	0	0	0	0	0	0	0	
521	40	4	9	-999	-999	2	0	0	0	0	0	0	0	0	
522	43	4	12	16	17	2	0	0	0	0	0	0	0	0	
523	40	4	13	-999	-999	2	0	0	0	0	0	0	0	0	
524	35	4	2	16	17	2	0	0	0	0	0	0	0	0	
525	78	20	15	-999	-999	2	0	0	0	0	0	0	0	0	
526	32	16	17	-999	-999	2	0	0	0	0	0	0	0	0	
540	540	529	529	536	536	547	547	527	527	548	548	514	514	
540	540	529	529	536	536	547	547	527	527	548	548	514	514	
511	511	549	549	524	524	528	528	560	560	556	556	533	533	
511	511	549	549	524	524	528	528	560	560	556	556	533	533	
530	530	518	518	NULL	NULL	NULL	NULL	NULL	NULL	576	576	551	551	
530	530	518	518	NULL	NULL	NULL	NULL	NULL	NULL	576	576	551	551	
543	543	520	520	NULL	NULL	NULL	NULL	NULL	NULL	564	564	535	535	
543	543	520	520	NULL	NULL	NULL	NULL	NULL	NULL	564	564	535	535	
554	554	NULL	NULL	NULL	NULL	NULL	NULL	NULL	NULL	NULL	NULL	550	550	
554	554	NULL	NULL	NULL	NULL	NULL	NULL	NULL	NULL	NULL	NULL	550	550	
546	546	NULL	NULL	NULL	NULL	NULL	NULL	NULL	NULL	NULL	NULL	542	542	
546	546	NULL	NULL	NULL	NULL	NULL	NULL	NULL	NULL	NULL	NULL	542	542	
538	538	531	531	522	522	539	539	552	552	544	544	553	553	
538	538	531	531	522	522	539	539	552	552	544	544	553	553	
527	43	8	0	16	17	2	0	0	0	0	0	0	0	0	
528	35	6	2	16	17	2	0	0	0	0	0	0	0	0	
529	43	2	0	16	17	2	0	0	0	0	0	0	0	0	
530	43	0	4	16	17	2	0	0	0	0	0	0	0	0	
531	43	2	12	16	17	2	0	0	0	0	0	0	0	0	
532	35	2	6	18	17	2	0	0	0	0	0	0	0	0	
533	43	12	2	16	17	2	0	0	0	0	0	0	0	0	
534	78	14	15	-999	-999	2	0	0	0	0	0	0	0	0	
535	42	12	6	16	17	2	0	0	0	0	0	0	0	0	
536	43	4	0	16	17	2	0	0	0	0	0	0	0	0	
537	35	6	2	18	17	2	0	0	0	0	0	0	0	0	
538	43	0	12	16	17	2	0	0	0	0	0	0	0	0	
539	43	6	12	16	17	2	0	0	0	0	0	0	0	0	
540	43	0	0	16	17	2	0	0	0	0	0	0	0	0	
541	35	4	2	18	17	2	0	0	0	0	0	0	0	0	
542	43	12	10	16	17	2	0	0	0	0	0	0	0	0	
543	42	0	6	16	17	2	0	0	0	0	0	0	0	0	
544	43	10	12	16	17	2	0	0	0	0	0	0	0	0	
545	35	2	2	18	17	2	0	0	0	0	0	0	0	0	
546	43	0	10	16	17	2	0	0	0	0	0	0	0	0	
547	43	6	0	16	17	2	0	0	0	0	0	0	0	0	
548	43	10	0	16	17	2	0	0	0	0	0	0	0	0	
549	35	2	2	16	17	2	0	0	0	0	0	0	0	0	
550	43	12	8	16	17	2	0	0	0	0	0	0	0	0	
551	43	12	4	16	17	2	0	0	0	0	0	0	0	0	
552	43	8	12	16	17	2	0	0	0	0	0	0	0	0	
553	43	12	12	16	17	2	0	0	0	0	0	0	0	0	
554	43	0	8	16	17	2	0	0	0	0	0	0	0	0	
555	43	6	0	6	17	2	0	0	0	0	0	0	0	0	
556	35	10	2	16	17	2	0	0	0	0	0	0	0	0	
557	78	10	6	18	17	2	0	0	0	0	0	0	0	0	
558	43	10	12	6	17	2	0	0	0	0	0	0	0	0	
559	35	10	4	18	17	2	0	0	0	0	0	0	0	0	
560	35	8	2	16	17	2	0	0	0	0	0	0	0	0	
561	37	10	8	18	17	2	0	0	0	0	0	0	0	0	
562	43	12	4	6	17	2	0	0	0	0	0	0	0	0	
563	35	10	2	18	17	2	0	0	0	0	0	0	0	0	
564	78	10	6	16	17	2	0	0	0	0	0	0	0	0	
565	35	8	2	18	17	2	0	0	0	0	0	0	0	0	
566	43	8	0	6	17	2	0	0	0	0	0	0	0	0	
567	43	12	12	6	17	2	0	0	0	0	0	0	0	0	
568	37	10	10	18	17	2	0	0	0	0	0	0	0	0	
569	43	0	0	6	17	2	0	0	0	0	0	0	0	0	
570	43	0	4	6	17	2	0	0	0	0	0	0	0	0	
571	43	0	12	6	17	2	0	0	0	0	0	0	0	0	
572	37	8	10	18	17	2	0	0	0	0	0	0	0	0	
573	43	12	2	6	17	2	0	0	0	0	0	0	0	0	
574	43	8	12	6	17	2	0	0	0	0	0	0	0	0	
575	43	10	0	6	17	2	0	0	0	0	0	0	0	0	
576	35	10	4	16	17	2	0	0	0	0	0	0	0	0	
577	43	0	2	6	17	2	0	0	0	0	0	0	0	0	
578	35	6	4	6	17	2	0	0	0	0	0	0	0	0	
579	42	12	6	6	17	2	0	0	0	0	0	0	0	0	
580	35	6	8	6	17	2	0	0	0	0	0	0	0	0	
581	35	6	6	6	17	2	0	0	0	0	0	0	0	0	
582	35	2	6	8	17	2	0	0	0	0	0	0	0	0	
583	78	10	6	8	17	2	0	0	0	0	0	0	0	0	
584	43	12	0	6	17	2	0	0	0	0	0	0	0	0	
585	43	0	8	6	17	2	0	0	0	0	0	0	0	0	
586	42	6	12	6	17	2	0	0	0	0	0	0	0	0	
587	43	2	0	6	17	2	0	0	0	0	0	0	0	0	
588	43	4	12	6	17	2	0	0	0	0	0	0	0	0	
589	43	0	10	6	17	2	0	0	0	0	0	0	0	0	
590	43	12	8	6	17	2	0	0	0	0	0	0	0	0	
591	43	2	12	6	17	2	0	0	0	0	0	0	0	0	
592	43	0	6	6	17	2	0	0	0	0	0	0	0	0	
593	32	6	17	-999	-999	2	0	0	0	0	0	0	0	0	
569	569	587	587	594	594	555	555	566	566	575	575	584	584	
569	569	587	587	594	594	555	555	566	566	575	575	584	584	
577	577	NULL	NULL	NULL	NULL	483	483	484	484	485	485	573	573	
577	577	NULL	NULL	NULL	NULL	483	483	484	484	485	485	573	573	
570	570	NULL	NULL	NULL	NULL	578	578	NULL	NULL	731	731	562	562	
570	570	NULL	NULL	NULL	NULL	578	578	NULL	NULL	731	731	562	562	
592	592	NULL	NULL	NULL	NULL	581	581	NULL	NULL	730	730	579	579	
592	592	NULL	NULL	NULL	NULL	581	581	NULL	NULL	730	730	579	579	
585	585	NULL	NULL	NULL	NULL	580	580	NULL	NULL	NULL	NULL	590	590	
585	585	NULL	NULL	NULL	NULL	580	580	NULL	NULL	NULL	NULL	590	590	
589	589	NULL	NULL	NULL	NULL	516	516	NULL	NULL	NULL	NULL	595	595	
589	589	NULL	NULL	NULL	NULL	516	516	NULL	NULL	NULL	NULL	595	595	
571	571	591	591	588	588	586	586	574	574	558	558	567	567	
571	571	591	591	588	588	586	586	574	574	558	558	567	567	
594	43	4	0	6	17	2	0	0	0	0	0	0	0	0	
595	43	12	10	6	17	2	0	0	0	0	0	0	0	0	
596	32	14	17	-999	-999	2	0	0	0	0	0	0	0	0	
617	617	597	597	601	601	605	605	609	609	613	613	619	619	
617	617	597	597	601	601	605	605	609	609	613	613	619	619	
598	598	621	621	622	622	623	623	624	624	625	625	600	600	
598	598	621	621	622	622	623	623	624	624	625	625	600	600	
602	602	626	626	NULL	NULL	NULL	NULL	NULL	NULL	627	627	604	604	
602	602	626	626	NULL	NULL	NULL	NULL	NULL	NULL	627	627	604	604	
606	606	628	628	NULL	NULL	NULL	NULL	NULL	NULL	629	629	608	608	
606	606	628	628	NULL	NULL	NULL	NULL	NULL	NULL	629	629	608	608	
610	610	NULL	NULL	NULL	NULL	NULL	NULL	NULL	NULL	NULL	NULL	612	612	
610	610	NULL	NULL	NULL	NULL	NULL	NULL	NULL	NULL	NULL	NULL	612	612	
614	614	NULL	NULL	NULL	NULL	NULL	NULL	NULL	NULL	NULL	NULL	616	616	
614	614	NULL	NULL	NULL	NULL	NULL	NULL	NULL	NULL	NULL	NULL	616	616	
618	618	599	599	603	603	607	607	611	611	615	615	620	620	
618	618	599	599	603	603	607	607	611	611	615	615	620	620	
597	43	2	0	14	17	2	0	0	0	0	0	0	0	0	
598	43	0	2	14	17	2	0	0	0	0	0	0	0	0	
599	43	2	12	14	17	2	0	0	0	0	0	0	0	0	
600	43	12	2	14	17	2	0	0	0	0	0	0	0	0	
601	43	4	0	14	17	2	0	0	0	0	0	0	0	0	
602	43	0	4	14	17	2	0	0	0	0	0	0	0	0	
603	43	4	12	14	17	2	0	0	0	0	0	0	0	0	
604	43	12	4	14	17	2	0	0	0	0	0	0	0	0	
605	43	6	0	14	17	2	0	0	0	0	0	0	0	0	
606	42	0	6	14	17	2	0	0	0	0	0	0	0	0	
607	43	6	12	14	17	2	0	0	0	0	0	0	0	0	
608	42	12	6	14	17	2	0	0	0	0	0	0	0	0	
609	43	8	0	14	17	2	0	0	0	0	0	0	0	0	
610	43	0	8	14	17	2	0	0	0	0	0	0	0	0	
611	43	8	12	14	17	2	0	0	0	0	0	0	0	0	
612	43	12	8	14	17	2	0	0	0	0	0	0	0	0	
613	43	10	0	14	17	2	0	0	0	0	0	0	0	0	
614	43	0	10	14	17	2	0	0	0	0	0	0	0	0	
615	43	10	12	14	17	2	0	0	0	0	0	0	0	0	
616	43	12	10	14	17	2	0	0	0	0	0	0	0	0	
617	43	0	0	14	17	2	0	0	0	0	0	0	0	0	
618	43	0	12	14	17	2	0	0	0	0	0	0	0	0	
619	43	12	0	14	17	2	0	0	0	0	0	0	0	0	
620	43	12	12	14	17	2	0	0	0	0	0	0	0	0	
621	35	2	2	14	17	2	0	0	0	0	0	0	0	0	
622	35	4	2	14	17	2	0	0	0	0	0	0	0	0	
623	35	6	2	14	17	2	0	0	0	0	0	0	0	0	
624	35	8	2	14	17	2	0	0	0	0	0	0	0	0	
625	35	10	2	14	17	2	0	0	0	0	0	0	0	0	
626	35	2	4	14	17	2	0	0	0	0	0	0	0	0	
627	35	10	4	14	17	2	0	0	0	0	0	0	0	0	
628	35	2	6	14	17	2	0	0	0	0	0	0	0	0	
629	78	10	6	14	17	2	0	0	0	0	0	0	0	0	
630	32	12	17	-999	-999	2	0	0	0	0	0	0	0	0	
651	651	631	631	635	635	639	639	643	643	647	647	653	653	
651	651	631	631	635	635	639	639	643	643	647	647	653	653	
632	632	655	655	656	656	657	657	658	658	659	659	634	634	
632	632	655	655	656	656	657	657	658	658	659	659	634	634	
636	636	660	660	NULL	NULL	NULL	NULL	NULL	NULL	661	661	638	638	
636	636	660	660	NULL	NULL	NULL	NULL	NULL	NULL	661	661	638	638	
640	640	662	662	NULL	NULL	NULL	NULL	NULL	NULL	663	663	642	642	
640	640	662	662	NULL	NULL	NULL	NULL	NULL	NULL	663	663	642	642	
644	644	NULL	NULL	NULL	NULL	NULL	NULL	NULL	NULL	NULL	NULL	646	646	
644	644	NULL	NULL	NULL	NULL	NULL	NULL	NULL	NULL	NULL	NULL	646	646	
648	648	NULL	NULL	NULL	NULL	NULL	NULL	NULL	NULL	NULL	NULL	650	650	
648	648	NULL	NULL	NULL	NULL	NULL	NULL	NULL	NULL	NULL	NULL	650	650	
652	652	633	633	637	637	641	641	645	645	649	649	654	654	
652	652	633	633	637	637	641	641	645	645	649	649	654	654	
631	43	2	0	12	17	2	0	0	0	0	0	0	0	0	
632	43	0	2	12	17	2	0	0	0	0	0	0	0	0	
633	43	2	12	12	17	2	0	0	0	0	0	0	0	0	
634	43	12	2	12	17	2	0	0	0	0	0	0	0	0	
635	43	4	0	12	17	2	0	0	0	0	0	0	0	0	
636	43	0	4	12	17	2	0	0	0	0	0	0	0	0	
637	43	4	12	12	17	2	0	0	0	0	0	0	0	0	
638	43	12	4	12	17	2	0	0	0	0	0	0	0	0	
639	43	6	0	12	17	2	0	0	0	0	0	0	0	0	
640	42	0	6	12	17	2	0	0	0	0	0	0	0	0	
641	43	6	12	12	17	2	0	0	0	0	0	0	0	0	
642	42	12	6	12	17	2	0	0	0	0	0	0	0	0	
643	43	8	0	12	17	2	0	0	0	0	0	0	0	0	
644	43	0	8	12	17	2	0	0	0	0	0	0	0	0	
645	43	8	12	12	17	2	0	0	0	0	0	0	0	0	
646	43	12	8	12	17	2	0	0	0	0	0	0	0	0	
647	43	10	0	12	17	2	0	0	0	0	0	0	0	0	
648	43	0	10	12	17	2	0	0	0	0	0	0	0	0	
649	43	10	12	12	17	2	0	0	0	0	0	0	0	0	
650	43	12	10	12	17	2	0	0	0	0	0	0	0	0	
651	43	0	0	12	17	2	0	0	0	0	0	0	0	0	
652	43	0	12	12	17	2	0	0	0	0	0	0	0	0	
653	43	12	0	12	17	2	0	0	0	0	0	0	0	0	
654	43	12	12	12	17	2	0	0	0	0	0	0	0	0	
655	35	2	2	12	17	2	0	0	0	0	0	0	0	0	
656	35	4	2	12	17	2	0	0	0	0	0	0	0	0	
657	35	6	2	12	17	2	0	0	0	0	0	0	0	0	
658	35	8	2	12	17	2	0	0	0	0	0	0	0	0	
659	35	10	2	12	17	2	0	0	0	0	0	0	0	0	
660	35	2	4	12	17	2	0	0	0	0	0	0	0	0	
661	35	10	4	12	17	2	0	0	0	0	0	0	0	0	
662	35	2	6	12	17	2	0	0	0	0	0	0	0	0	
663	78	10	6	12	17	2	0	0	0	0	0	0	0	0	
664	32	10	17	-999	-999	2	0	0	0	0	0	0	0	0	
685	685	665	665	669	669	673	673	677	677	681	681	687	687	
685	685	665	665	669	669	673	673	677	677	681	681	687	687	
666	666	689	689	690	690	691	691	692	692	693	693	668	668	
666	666	689	689	690	690	691	691	692	692	693	693	668	668	
670	670	694	694	NULL	NULL	NULL	NULL	NULL	NULL	695	695	672	672	
670	670	694	694	NULL	NULL	NULL	NULL	NULL	NULL	695	695	672	672	
674	674	696	696	NULL	NULL	NULL	NULL	NULL	NULL	697	697	676	676	
674	674	696	696	NULL	NULL	NULL	NULL	NULL	NULL	697	697	676	676	
678	678	NULL	NULL	NULL	NULL	NULL	NULL	NULL	NULL	NULL	NULL	680	680	
678	678	NULL	NULL	NULL	NULL	NULL	NULL	NULL	NULL	NULL	NULL	680	680	
682	682	NULL	NULL	NULL	NULL	NULL	NULL	NULL	NULL	NULL	NULL	684	684	
682	682	NULL	NULL	NULL	NULL	NULL	NULL	NULL	NULL	NULL	NULL	684	684	
686	686	667	667	671	671	675	675	679	679	683	683	688	688	
686	686	667	667	671	671	675	675	679	679	683	683	688	688	
665	43	2	0	10	17	2	0	0	0	0	0	0	0	0	
666	43	0	2	10	17	2	0	0	0	0	0	0	0	0	
667	43	2	12	10	17	2	0	0	0	0	0	0	0	0	
668	43	12	2	10	17	2	0	0	0	0	0	0	0	0	
669	43	4	0	10	17	2	0	0	0	0	0	0	0	0	
670	43	0	4	10	17	2	0	0	0	0	0	0	0	0	
671	43	4	12	10	17	2	0	0	0	0	0	0	0	0	
672	43	12	4	10	17	2	0	0	0	0	0	0	0	0	
673	43	6	0	10	17	2	0	0	0	0	0	0	0	0	
674	42	0	6	10	17	2	0	0	0	0	0	0	0	0	
675	43	6	12	10	17	2	0	0	0	0	0	0	0	0	
676	42	12	6	10	17	2	0	0	0	0	0	0	0	0	
677	43	8	0	10	17	2	0	0	0	0	0	0	0	0	
678	43	0	8	10	17	2	0	0	0	0	0	0	0	0	
679	43	8	12	10	17	2	0	0	0	0	0	0	0	0	
680	43	12	8	10	17	2	0	0	0	0	0	0	0	0	
681	43	10	0	10	17	2	0	0	0	0	0	0	0	0	
682	43	0	10	10	17	2	0	0	0	0	0	0	0	0	
683	43	10	12	10	17	2	0	0	0	0	0	0	0	0	
684	43	12	10	10	17	2	0	0	0	0	0	0	0	0	
685	43	0	0	10	17	2	0	0	0	0	0	0	0	0	
686	43	0	12	10	17	2	0	0	0	0	0	0	0	0	
687	43	12	0	10	17	2	0	0	0	0	0	0	0	0	
688	43	12	12	10	17	2	0	0	0	0	0	0	0	0	
689	35	2	2	10	17	2	0	0	0	0	0	0	0	0	
690	35	4	2	10	17	2	0	0	0	0	0	0	0	0	
691	35	6	2	10	17	2	0	0	0	0	0	0	0	0	
692	35	8	2	10	17	2	0	0	0	0	0	0	0	0	
693	35	10	2	10	17	2	0	0	0	0	0	0	0	0	
694	35	2	4	10	17	2	0	0	0	0	0	0	0	0	
695	35	10	4	10	17	2	0	0	0	0	0	0	0	0	
696	35	2	6	10	17	2	0	0	0	0	0	0	0	0	
697	78	10	6	10	17	2	0	0	0	0	0	0	0	0	
698	32	8	17	-999	-999	2	0	0	0	0	0	0	0	0	
719	719	699	699	703	703	707	707	711	711	715	715	721	721	
719	719	699	699	703	703	707	707	711	711	715	715	721	721	
700	700	723	723	724	724	725	725	726	726	727	727	702	702	
700	700	723	723	724	724	725	725	726	726	727	727	702	702	
704	704	728	728	NULL	NULL	NULL	NULL	NULL	NULL	729	729	706	706	
704	704	728	728	NULL	NULL	NULL	NULL	NULL	NULL	729	729	706	706	
708	708	582	582	NULL	NULL	NULL	NULL	NULL	NULL	583	583	710	710	
708	708	582	582	NULL	NULL	NULL	NULL	NULL	NULL	583	583	710	710	
712	712	NULL	NULL	NULL	NULL	NULL	NULL	NULL	NULL	NULL	NULL	714	714	
712	712	NULL	NULL	NULL	NULL	NULL	NULL	NULL	NULL	NULL	NULL	714	714	
716	716	NULL	NULL	NULL	NULL	NULL	NULL	NULL	NULL	NULL	NULL	718	718	
716	716	NULL	NULL	NULL	NULL	NULL	NULL	NULL	NULL	NULL	NULL	718	718	
720	720	701	701	705	705	709	709	713	713	717	717	722	722	
720	720	701	701	705	705	709	709	713	713	717	717	722	722	
699	43	2	0	8	17	2	0	0	0	0	0	0	0	0	
700	43	0	2	8	17	2	0	0	0	0	0	0	0	0	
701	43	2	12	8	17	2	0	0	0	0	0	0	0	0	
702	43	12	2	8	17	2	0	0	0	0	0	0	0	0	
703	43	4	0	8	17	2	0	0	0	0	0	0	0	0	
704	43	0	4	8	17	2	0	0	0	0	0	0	0	0	
705	43	4	12	8	17	2	0	0	0	0	0	0	0	0	
706	43	12	4	8	17	2	0	0	0	0	0	0	0	0	
707	43	6	0	8	17	2	0	0	0	0	0	0	0	0	
708	42	0	6	8	17	2	0	0	0	0	0	0	0	0	
709	43	6	12	8	17	2	0	0	0	0	0	0	0	0	
710	42	12	6	8	17	2	0	0	0	0	0	0	0	0	
711	43	8	0	8	17	2	0	0	0	0	0	0	0	0	
712	43	0	8	8	17	2	0	0	0	0	0	0	0	0	
713	43	8	12	8	17	2	0	0	0	0	0	0	0	0	
714	43	12	8	8	17	2	0	0	0	0	0	0	0	0	
715	43	10	0	8	17	2	0	0	0	0	0	0	0	0	
716	43	0	10	8	17	2	0	0	0	0	0	0	0	0	
717	43	10	12	8	17	2	0	0	0	0	0	0	0	0	
718	43	12	10	8	17	2	0	0	0	0	0	0	0	0	
719	43	0	0	8	17	2	0	0	0	0	0	0	0	0	
720	43	0	12	8	17	2	0	0	0	0	0	0	0	0	
721	43	12	0	8	17	2	0	0	0	0	0	0	0	0	
722	43	12	12	8	17	2	0	0	0	0	0	0	0	0	
723	35	2	2	8	17	2	0	0	0	0	0	0	0	0	
724	35	4	2	8	17	2	0	0	0	0	0	0	0	0	
725	35	6	2	8	17	2	0	0	0	0	0	0	0	0	
726	35	8	2	8	17	2	0	0	0	0	0	0	0	0	
727	35	10	2	8	17	2	0	0	0	0	0	0	0	0	
728	35	2	4	8	17	2	0	0	0	0	0	0	0	0	
729	35	10	4	8	17	2	0	0	0	0	0	0	0	0	
730	78	10	6	6	17	2	0	0	0	0	0	0	0	0	
731	35	10	4	6	17	2	0	0	0	0	0	0	0	0	
732	37	15	19	-999	-999	2	0	0	0	0	0	0	0	0	
733	37	13	19	-999	-999	2	0	0	0	0	0	0	0	0	
734	32	17	19	-999	-999	2	0	0	0	0	0	0	0	0	
755	755	735	735	739	739	743	743	747	747	751	751	757	757	
755	755	735	735	739	739	743	743	747	747	751	751	757	757	
736	736	NULL	NULL	NULL	NULL	NULL	NULL	NULL	NULL	767	767	738	738	
736	736	NULL	NULL	NULL	NULL	NULL	NULL	NULL	NULL	767	767	738	738	
740	740	NULL	NULL	NULL	NULL	NULL	NULL	NULL	NULL	766	766	742	742	
740	740	NULL	NULL	NULL	NULL	NULL	NULL	NULL	NULL	766	766	742	742	
744	744	761	761	762	762	763	763	764	764	765	765	746	746	
744	744	761	761	762	762	763	763	764	764	765	765	746	746	
748	748	NULL	NULL	NULL	NULL	NULL	NULL	NULL	NULL	NULL	NULL	750	750	
748	748	NULL	NULL	NULL	NULL	NULL	NULL	NULL	NULL	NULL	NULL	750	750	
752	752	NULL	NULL	NULL	NULL	NULL	NULL	NULL	NULL	NULL	NULL	754	754	
752	752	NULL	NULL	NULL	NULL	NULL	NULL	NULL	NULL	NULL	NULL	754	754	
756	756	737	737	741	741	745	745	749	749	753	753	482	482	
756	756	737	737	741	741	745	745	749	749	753	753	482	482	
735	43	2	0	17	19	2	0	0	0	0	0	0	0	0	
736	43	0	2	17	19	2	0	0	0	0	0	0	0	0	
737	43	2	12	17	19	2	0	0	0	0	0	0	0	0	
738	43	12	2	17	19	2	0	0	0	0	0	0	0	0	
739	43	4	0	17	19	2	0	0	0	0	0	0	0	0	
740	43	0	4	17	19	2	0	0	0	0	0	0	0	0	
741	43	4	12	17	19	2	0	0	0	0	0	0	0	0	
742	43	12	4	17	19	2	0	0	0	0	0	0	0	0	
743	43	6	0	17	19	2	0	0	0	0	0	0	0	0	
744	42	0	6	17	19	2	0	0	0	0	0	0	0	0	
745	43	6	12	17	19	2	0	0	0	0	0	0	0	0	
746	43	12	6	17	19	2	0	0	0	0	0	0	0	0	
747	43	8	0	17	19	2	0	0	0	0	0	0	0	0	
748	43	0	8	17	19	2	0	0	0	0	0	0	0	0	
749	43	8	12	17	19	2	0	0	0	0	0	0	0	0	
750	43	12	8	17	19	2	0	0	0	0	0	0	0	0	
751	42	10	0	17	19	2	0	0	0	0	0	0	0	0	
752	43	0	10	17	19	2	0	0	0	0	0	0	0	0	
753	43	10	12	17	19	2	0	0	0	0	0	0	0	0	
754	43	12	10	17	19	2	0	0	0	0	0	0	0	0	
755	43	0	0	17	19	2	0	0	0	0	0	0	0	0	
756	43	0	12	17	19	2	0	0	0	0	0	0	0	0	
757	43	12	0	17	19	2	0	0	0	0	0	0	0	0	
758	37	6	10	18	17	2	0	0	0	0	0	0	0	0	
759	37	4	10	18	17	2	0	0	0	0	0	0	0	0	
760	74	2	10	18	17	2	0	0	0	0	0	0	0	0	
761	6	2	6	17	19	2	0	0	0	0	0	0	0	0	
762	6	4	6	17	19	2	0	0	0	0	0	0	0	0	
763	6	6	6	17	19	2	0	0	0	0	0	0	0	0	
764	6	8	6	17	19	2	0	0	0	0	0	0	0	0	
765	37	10	6	17	19	2	0	0	0	0	0	0	0	0	
766	37	10	4	17	19	2	0	0	0	0	0	0	0	0	
767	37	10	2	17	19	2	0	0	0	0	0	0	0	0	
768	37	6	19	-999	-999	2	0	0	0	0	0	0	0	0	
769	37	6	21	-999	-999	2	0	0	0	0	0	0	0	0	
770	37	8	22	-999	-999	2	0	0	0	0	0	0	0	0	
771	37	10	22	-999	-999	2	0	0	0	0	0	0	0	0	
772	37	12	22	-999	-999	2	0	0	0	0	0	0	0	0	
773	37	14	22	-999	-999	2	0	0	0	0	0	0	0	0	
774	37	16	22	-999	-999	2	0	0	0	0	0	0	0	0	
775	37	18	22	-999	-999	2	0	0	0	0	0	0	0	0	
776	37	20	21	-999	-999	2	0	0	0	0	0	0	0	0	
777	37	20	19	-999	-999	2	0	0	0	0	0	0	0	0	
778	37	20	17	-999	-999	2	0	0	0	0	0	0	0	0	
NULL	NULL	NULL	NULL	NULL	NULL	NULL	NULL	NULL	NULL	NULL	NULL	NULL	NULL	NULL	NULL	NULL	NULL	NULL	NULL	NULL	NULL	NULL	NULL	
NULL	NULL	NULL	NULL	NULL	NULL	NULL	NULL	NULL	NULL	NULL	NULL	NULL	NULL	NULL	NULL	NULL	NULL	NULL	NULL	NULL	NULL	NULL	NULL	
NULL	NULL	NULL	NULL	NULL	NULL	NULL	NULL	NULL	NULL	NULL	NULL	NULL	NULL	NULL	NULL	NULL	NULL	NULL	NULL	NULL	NULL	NULL	NULL	
NULL	NULL	NULL	NULL	NULL	NULL	NULL	NULL	NULL	NULL	NULL	1	1	NULL	NULL	NULL	NULL	NULL	NULL	NULL	NULL	NULL	NULL	NULL	
NULL	NULL	NULL	NULL	NULL	NULL	NULL	NULL	NULL	NULL	NULL	1	1	NULL	NULL	NULL	NULL	NULL	NULL	NULL	NULL	NULL	NULL	NULL	
NULL	NULL	NULL	NULL	NULL	NULL	NULL	NULL	NULL	NULL	NULL	NULL	NULL	NULL	NULL	NULL	NULL	NULL	NULL	NULL	NULL	NULL	NULL	NULL	
NULL	NULL	NULL	NULL	NULL	NULL	NULL	NULL	NULL	NULL	NULL	NULL	NULL	NULL	NULL	NULL	NULL	NULL	NULL	NULL	NULL	NULL	NULL	NULL	
17	17	18	18	19	19	NULL	NULL	NULL	NULL	NULL	NULL	NULL	NULL	NULL	NULL	NULL	NULL	NULL	NULL	NULL	NULL	NULL	NULL	
17	17	18	18	19	19	NULL	NULL	NULL	NULL	NULL	NULL	NULL	NULL	NULL	NULL	NULL	NULL	NULL	NULL	NULL	NULL	NULL	NULL	
33	33	35	35	521	521	246	246	2	2	21	21	22	22	23	23	248	248	24	24	25	25	26	26	
33	33	35	35	521	521	246	246	2	2	21	21	22	22	23	23	248	248	24	24	25	25	26	26	
4	4	60	60	148	148	211	211	251	251	289	289	327	327	365	365	403	403	441	441	479	479	3	3	
4	4	60	60	148	148	211	211	251	251	289	289	327	327	365	365	403	403	441	441	479	479	3	3	
34	34	102	102	523	523	12	12	11	11	10	10	9	9	8	8	7	7	6	6	5	5	27	27	
34	34	102	102	523	523	12	12	11	11	10	10	9	9	8	8	7	7	6	6	5	5	27	27	
16	16	15	15	14	14	519	519	517	517	515	515	513	513	534	534	13	13	20	20	525	525	NULL	NULL	
16	16	15	15	14	14	519	519	517	517	515	515	513	513	534	534	13	13	20	20	525	525	NULL	NULL	
NULL	NULL	NULL	NULL	NULL	NULL	593	593	698	698	664	664	630	630	596	596	526	526	486	486	778	778	NULL	NULL	
NULL	NULL	NULL	NULL	NULL	NULL	593	593	698	698	664	664	630	630	596	596	526	526	486	486	778	778	NULL	NULL	
NULL	NULL	NULL	NULL	NULL	NULL	768	768	NULL	NULL	NULL	0	0	733	733	732	732	734	734	NULL	777	777	NULL	NULL	
NULL	NULL	NULL	NULL	NULL	NULL	768	768	NULL	NULL	NULL	0	0	733	733	732	732	734	734	NULL	777	777	NULL	NULL	
NULL	NULL	NULL	NULL	NULL	NULL	769	769	NULL	NULL	NULL	NULL	NULL	NULL	NULL	NULL	NULL	NULL	NULL	NULL	776	776	NULL	NULL	
NULL	NULL	NULL	NULL	NULL	NULL	769	769	770	770	771	771	772	772	773	773	774	774	775	775	776	776	NULL	NULL	
NULL	NULL	NULL	NULL	NULL	NULL	NULL	NULL	770	770	771	771	772	772	773	773	774	774	775	775	NULL	NULL	NULL	NULL	
