415
0	42	12	6	2	6	2	0	0	0	0	0	0	0	0	1	
1	43	10	0	2	4	2	0	0	0	0	0	0	0	0	1	
2	37	6	6	2	6	2	0	0	0	0	0	0	0	0	1	
3	43	0	4	2	6	2	0	0	0	0	0	0	0	0	1	
4	43	4	0	12	12	2	0	0	0	0	0	0	0	0	1	
5	15	6	4	12	12	2	100000	0	0	0	0	0	0	0	1	
6	43	10	0	4	4	2	0	0	0	0	0	0	0	0	1	
7	32	2	6	-999	-999	2	0	0	0	0	0	0	0	0	1	
344	344	400	400	301	301	26	26	12	12	14	14	386	386	
344	344	400	400	301	301	26	26	12	12	14	14	386	386	
150	150	395	395	93	93	284	284	NULL	NULL	NULL	NULL	404	404	
150	150	395	395	93	93	284	284	NULL	NULL	NULL	NULL	404	404	
3	3	327	327	NULL	NULL	NULL	NULL	NULL	NULL	NULL	NULL	25	25	
3	3	327	327	NULL	NULL	NULL	NULL	NULL	NULL	NULL	NULL	25	25	
307	307	206	206	8	8	2	2	410	410	163	163	0	0	
307	307	206	206	8	8	2	2	410	410	163	163	0	0	
398	398	294	294	NULL	NULL	NULL	NULL	NULL	NULL	NULL	NULL	145	145	
398	398	294	294	NULL	NULL	NULL	NULL	NULL	NULL	NULL	NULL	145	145	
126	126	340	340	9	9	409	409	NULL	NULL	NULL	NULL	98	98	
126	126	340	340	9	9	409	409	NULL	NULL	NULL	NULL	98	98	
401	401	85	85	19	19	16	16	23	23	286	286	166	166	
401	401	85	85	19	19	16	16	23	23	286	286	166	166	
8	79	4	6	2	6	2	0	0	0	0	0	0	0	0	1	
9	34	4	10	2	6	2	0	0	0	0	0	0	0	0	1	
10	40	0	2	-999	-999	2	0	0	0	0	0	0	0	0	1	
11	40	21	4	-999	-999	2	0	0	0	0	0	0	0	0	1	
12	43	8	0	2	6	2	0	0	0	0	0	0	0	0	1	
13	34	8	3	4	2	2	0	0	0	0	0	0	0	0	1	
14	43	10	0	2	6	2	0	0	0	0	0	0	0	0	1	
15	79	2	12	-999	-999	2	0	0	0	0	0	0	0	0	1	
16	42	6	12	2	6	2	0	0	0	0	0	0	0	0	1	
17	32	4	2	-999	-999	2	0	0	0	0	0	0	0	0	1	
183	183	208	208	55	55	29	29	314	314	91	91	114	114	
183	183	208	208	55	55	29	29	314	314	91	91	114	114	
339	339	249	249	NULL	NULL	403	403	NULL	NULL	NULL	NULL	391	391	
339	339	249	249	NULL	NULL	403	403	13	13	NULL	NULL	391	391	
342	342	243	243	NULL	NULL	NULL	NULL	13	13	NULL	NULL	167	167	
342	342	243	243	NULL	NULL	NULL	NULL	54	54	NULL	NULL	167	167	
173	173	411	411	345	345	38	38	54	54	NULL	NULL	227	227	
173	173	411	411	345	345	38	38	NULL	NULL	NULL	NULL	227	227	
209	209	NULL	NULL	NULL	NULL	402	402	375	375	NULL	NULL	175	175	
209	209	NULL	NULL	NULL	NULL	402	402	375	375	NULL	NULL	175	175	
293	293	NULL	NULL	NULL	NULL	237	237	189	189	NULL	NULL	165	165	
293	293	NULL	NULL	NULL	NULL	237	237	189	189	NULL	NULL	165	165	
377	377	24	24	32	32	332	332	143	143	362	362	161	161	
377	377	24	24	32	32	332	332	143	143	362	362	161	161	
18	43	0	2	12	12	2	0	0	0	0	0	0	0	0	1	
19	43	4	12	2	6	2	0	0	0	0	0	0	0	0	1	
20	43	0	2	2	4	2	0	0	0	0	0	0	0	0	1	
21	43	0	4	4	6	2	0	0	0	0	0	0	0	0	1	
22	32	12	12	-999	-999	2	0	0	0	0	0	0	0	0	1	
381	381	380	380	4	4	383	383	138	138	181	181	234	234	
381	381	380	380	4	4	383	383	138	138	181	181	234	234	
18	18	NULL	NULL	NULL	NULL	271	271	NULL	NULL	NULL	NULL	178	178	
18	18	NULL	NULL	NULL	NULL	271	271	NULL	NULL	NULL	NULL	178	178	
396	396	NULL	NULL	NULL	NULL	5	5	NULL	NULL	NULL	NULL	162	162	
396	396	NULL	NULL	NULL	NULL	5	5	NULL	NULL	NULL	NULL	162	162	
146	146	NULL	NULL	NULL	NULL	262	262	NULL	NULL	NULL	NULL	198	198	
146	146	NULL	NULL	NULL	NULL	262	262	NULL	NULL	NULL	NULL	198	198	
390	390	NULL	NULL	NULL	NULL	259	259	NULL	NULL	NULL	NULL	333	333	
390	390	NULL	NULL	NULL	NULL	259	259	NULL	NULL	NULL	NULL	333	333	
153	153	NULL	NULL	NULL	NULL	NULL	NULL	NULL	NULL	NULL	NULL	238	238	
153	153	NULL	NULL	NULL	NULL	NULL	NULL	NULL	NULL	NULL	NULL	238	238	
283	283	363	363	53	53	347	347	376	376	388	388	272	272	
283	283	363	363	53	53	347	347	376	376	388	388	272	272	
23	43	8	12	2	6	2	0	0	0	0	0	0	0	0	1	
24	43	2	12	4	2	2	0	0	0	0	0	0	0	0	1	
25	43	12	4	2	6	2	0	0	0	0	0	0	0	0	1	
26	42	6	0	2	6	2	0	0	0	0	0	0	0	0	1	
27	43	10	12	20	10	2	0	0	0	0	0	0	0	0	1	
28	32	16	16	-999	-999	2	0	0	0	0	0	0	0	0	1	
343	343	132	132	330	330	235	235	50	50	136	136	120	120	
343	343	132	132	330	330	235	235	50	50	136	136	120	120	
65	65	NULL	NULL	NULL	NULL	NULL	NULL	NULL	NULL	NULL	NULL	127	127	
65	65	NULL	NULL	NULL	NULL	NULL	NULL	NULL	NULL	NULL	NULL	127	127	
58	58	NULL	NULL	NULL	NULL	60	60	NULL	NULL	NULL	NULL	176	176	
58	58	NULL	NULL	NULL	NULL	60	60	NULL	NULL	NULL	NULL	176	176	
125	125	NULL	NULL	NULL	NULL	56	56	NULL	NULL	NULL	NULL	119	119	
125	125	NULL	NULL	NULL	NULL	56	56	NULL	NULL	NULL	NULL	119	119	
382	382	NULL	NULL	NULL	NULL	129	129	NULL	NULL	NULL	NULL	64	64	
382	382	NULL	NULL	NULL	NULL	129	129	NULL	NULL	NULL	NULL	64	64	
34	34	NULL	NULL	NULL	NULL	392	392	NULL	NULL	NULL	NULL	92	92	
34	34	NULL	NULL	NULL	NULL	392	392	NULL	NULL	NULL	NULL	92	92	
371	371	324	324	334	334	37	37	368	368	194	194	46	46	
371	371	324	324	334	334	37	37	368	368	194	194	46	46	
29	42	6	0	4	2	2	0	0	0	0	0	0	0	0	1	
30	43	12	8	20	10	2	0	0	0	0	0	0	0	0	1	
31	34	8	10	2	2	3	0	0	0	0	0	0	0	0	1	
32	43	4	12	4	2	2	0	0	0	0	0	0	0	0	1	
33	37	2	6	2	4	2	0	0	0	0	0	0	0	0	1	
34	43	0	10	16	16	2	0	0	0	0	0	0	0	0	1	
35	40	1	22	-999	-999	2	0	0	0	0	0	0	0	0	1	
36	43	2	0	4	6	2	0	0	0	0	0	0	0	0	1	
37	42	6	12	16	16	2	0	0	0	0	0	0	0	0	1	
38	34	6	6	4	2	3	0	0	0	0	0	0	0	0	1	
39	43	4	0	4	4	2	0	0	0	0	0	0	0	0	1	
40	43	8	0	2	4	2	0	0	0	0	0	0	0	0	1	
41	34	0	14	-999	-999	2	0	0	0	0	0	0	0	0	1	
42	43	2	12	4	6	2	0	0	0	0	0	0	0	0	1	
43	40	6	18	-999	-999	2	0	0	0	0	0	0	0	0	1	
44	43	8	12	8	2	2	0	0	0	0	0	0	0	0	1	
45	79	2	8	2	2	1	0	0	0	0	0	0	0	0	1	
46	43	12	12	16	16	2	0	0	0	0	0	0	0	0	1	
47	43	0	6	4	6	2	0	0	0	0	0	0	0	0	1	
48	34	2	14	-999	-999	2	0	0	0	0	0	0	0	0	1	
49	40	21	22	-999	-999	2	0	0	0	0	0	0	0	0	1	
50	43	8	0	16	16	2	0	0	0	0	0	0	0	0	1	
51	74	2	4	2	4	3	0	0	0	0	0	0	0	0	1	
52	74	4	2	2	4	2	0	0	0	0	0	0	0	0	1	
53	43	4	12	12	12	2	0	0	0	0	0	0	0	0	1	
54	34	8	5	4	2	3	0	0	0	0	0	0	0	0	1	
55	43	4	0	4	2	2	0	0	0	0	0	0	0	0	1	
56	13	6	6	16	16	2	100000	0	0	0	0	0	0	0	1	
57	40	6	12	-999	-999	2	0	0	0	0	0	0	0	0	1	
58	43	0	4	16	16	2	0	0	0	0	0	0	0	0	1	
59	43	12	4	4	6	2	0	0	0	0	0	0	0	0	1	
60	14	6	4	16	16	2	100000	0	0	0	0	0	0	0	1	
61	40	6	8	-999	-999	2	0	0	0	0	0	0	0	0	1	
62	40	6	2	-999	-999	2	0	0	0	0	0	0	0	0	1	
63	43	12	2	4	6	2	0	0	0	0	0	0	0	0	1	
64	43	12	8	16	16	2	0	0	0	0	0	0	0	0	1	
65	43	0	2	16	16	2	0	0	0	0	0	0	0	0	1	
66	37	4	6	20	10	3	0	0	0	0	0	0	0	0	1	
67	43	2	12	20	10	2	0	0	0	0	0	0	0	0	1	
68	43	6	12	20	10	2	0	0	0	0	0	0	0	0	1	
69	43	8	0	20	10	2	0	0	0	0	0	0	0	0	1	
70	40	8	20	-999	-999	2	0	0	0	0	0	0	0	0	1	
71	60	6	4	20	10	2	0	0	0	0	0	0	0	0	1	
72	43	4	12	2	4	2	0	0	0	0	0	0	0	0	1	
73	35	8	8	20	10	2	0	0	0	0	0	0	0	0	1	
74	43	6	0	20	10	2	0	0	0	0	0	0	0	0	1	
75	43	4	0	20	10	2	0	0	0	0	0	0	0	0	1	
76	43	12	0	20	10	2	0	0	0	0	0	0	0	0	1	
77	43	12	10	20	10	2	0	0	0	0	0	0	0	0	1	
78	43	0	0	20	10	2	0	0	0	0	0	0	0	0	1	
79	60	8	6	20	10	2	0	0	0	0	0	0	0	0	1	
80	43	0	8	20	10	2	0	0	0	0	0	0	0	0	1	
81	43	0	10	20	10	2	0	0	0	0	0	0	0	0	1	
82	43	12	4	2	4	2	0	0	0	0	0	0	0	0	1	
83	43	0	6	20	10	2	0	0	0	0	0	0	0	0	1	
84	43	12	4	20	10	2	0	0	0	0	0	0	0	0	1	
85	43	2	12	2	6	2	0	0	0	0	0	0	0	0	1	
86	43	10	0	20	10	2	0	0	0	0	0	0	0	0	1	
87	43	8	12	20	10	2	0	0	0	0	0	0	0	0	1	
88	43	12	2	20	10	2	0	0	0	0	0	0	0	0	1	
89	43	12	6	20	10	2	0	0	0	0	0	0	0	0	1	
90	43	4	12	20	10	2	0	0	0	0	0	0	0	0	1	
91	43	10	0	4	2	2	0	0	0	0	0	0	0	0	1	
92	43	12	10	16	16	2	0	0	0	0	0	0	0	0	1	
93	34	4	2	2	6	2	0	0	0	0	0	0	0	0	1	
94	43	2	0	20	10	2	0	0	0	0	0	0	0	0	1	
95	36	8	4	20	10	2	0	0	0	0	0	0	0	0	1	
96	0	4	2	20	10	2	0	2	1	0	0	0	0	0	1	
97	43	0	2	20	10	2	0	0	0	0	0	0	0	0	1	
98	43	12	10	2	6	2	0	0	0	0	0	0	0	0	1	
99	32	20	10	-999	-999	2	0	0	0	0	0	0	0	0	1	
78	78	94	94	75	75	74	74	69	69	86	86	76	76	
78	78	94	94	75	75	74	74	69	69	86	86	76	76	
97	97	NULL	NULL	96	96	NULL	NULL	NULL	NULL	NULL	NULL	88	88	
97	97	NULL	NULL	96	96	NULL	NULL	NULL	NULL	NULL	NULL	88	88	
102	102	NULL	NULL	101	101	71	71	95	95	NULL	NULL	84	84	
102	102	NULL	NULL	101	101	71	71	95	95	NULL	NULL	84	84	
83	83	NULL	NULL	66	66	NULL	NULL	79	79	NULL	NULL	89	89	
83	83	NULL	NULL	66	66	NULL	NULL	79	79	NULL	NULL	89	89	
80	80	NULL	NULL	104	104	100	100	73	73	NULL	NULL	30	30	
80	80	NULL	NULL	104	104	100	100	73	73	NULL	NULL	30	30	
81	81	NULL	NULL	NULL	NULL	NULL	NULL	NULL	NULL	NULL	NULL	77	77	
81	81	NULL	NULL	NULL	NULL	NULL	NULL	NULL	NULL	NULL	NULL	77	77	
195	195	67	67	90	90	68	68	87	87	27	27	103	103	
195	195	67	67	90	90	68	68	87	87	27	27	103	103	
100	35	6	8	20	10	2	0	0	0	0	0	0	0	0	1	
101	89	4	4	20	10	2	0	0	0	0	0	0	0	0	1	
102	43	0	4	20	10	2	0	0	0	0	0	0	0	0	1	
103	43	12	12	20	10	2	0	0	0	0	0	0	0	0	1	
104	37	4	8	20	10	2	0	0	0	0	0	0	0	0	1	
105	40	18	12	-999	-999	2	0	0	0	0	0	0	0	0	1	
106	55	8	14	-999	-999	2	0	0	0	0	0	0	0	0	1	
107	40	18	16	-999	-999	2	0	0	0	0	0	0	0	0	1	
108	40	18	20	-999	-999	2	0	0	0	0	0	0	0	0	1	
109	40	14	0	-999	-999	2	0	0	0	0	0	0	0	0	1	
110	40	18	8	-999	-999	2	0	0	0	0	0	0	0	0	1	
111	40	18	22	-999	-999	2	0	0	0	0	0	0	0	0	1	
112	40	18	18	-999	-999	2	0	0	0	0	0	0	0	0	1	
113	40	3	20	-999	-999	2	0	0	0	0	0	0	0	0	1	
114	43	12	0	4	2	2	0	0	0	0	0	0	0	0	1	
115	40	18	4	-999	-999	2	0	0	0	0	0	0	0	0	1	
116	40	21	6	-999	-999	2	0	0	0	0	0	0	0	0	1	
117	40	21	0	-999	-999	2	0	0	0	0	0	0	0	0	1	
118	40	3	22	-999	-999	2	0	0	0	0	0	0	0	0	1	
119	43	12	6	16	16	2	0	0	0	0	0	0	0	0	1	
120	43	12	0	16	16	2	0	0	0	0	0	0	0	0	1	
121	40	14	20	-999	-999	2	0	0	0	0	0	0	0	0	1	
122	40	18	10	-999	-999	2	0	0	0	0	0	0	0	0	1	
123	40	18	2	-999	-999	2	0	0	0	0	0	0	0	0	1	
124	40	18	0	-999	-999	2	0	0	0	0	0	0	0	0	1	
125	43	0	6	16	16	2	0	0	0	0	0	0	0	0	1	
126	43	0	10	2	6	2	0	0	0	0	0	0	0	0	1	
127	43	12	2	16	16	2	0	0	0	0	0	0	0	0	1	
128	43	6	12	2	4	2	0	0	0	0	0	0	0	0	1	
129	12	6	8	16	16	2	100000	0	0	0	0	0	0	0	1	
130	40	18	14	-999	-999	2	0	0	0	0	0	0	0	0	1	
131	40	12	20	-999	-999	2	0	0	0	0	0	0	0	0	1	
132	43	2	0	16	16	2	0	0	0	0	0	0	0	0	1	
133	40	15	22	-999	-999	2	0	0	0	0	0	0	0	0	1	
134	40	3	18	-999	-999	2	0	0	0	0	0	0	0	0	1	
135	43	8	0	8	2	2	0	0	0	0	0	0	0	0	1	
136	43	10	0	16	16	2	0	0	0	0	0	0	0	0	1	
137	94	6	5	2	4	2	0	0	0	0	0	0	0	0	1	
138	43	8	0	12	12	2	0	0	0	0	0	0	0	0	1	
139	43	2	0	2	2	2	0	0	0	0	0	0	0	0	1	
140	43	12	8	2	2	2	0	0	0	0	0	0	0	0	1	
141	43	12	10	2	4	2	0	0	0	0	0	0	0	0	1	
142	40	1	20	-999	-999	2	0	0	0	0	0	0	0	0	1	
143	43	8	12	4	2	2	0	0	0	0	0	0	0	0	1	
144	43	0	0	2	2	2	0	0	0	0	0	0	0	0	1	
145	43	12	8	2	6	2	0	0	0	0	0	0	0	0	1	
146	43	0	6	12	12	2	0	0	0	0	0	0	0	0	1	
147	42	0	6	2	4	2	0	0	0	0	0	0	0	0	1	
148	79	4	12	-999	-999	2	0	0	0	0	0	0	0	0	1	
149	40	6	4	-999	-999	2	0	0	0	0	0	0	0	0	1	
150	43	0	2	2	6	2	0	0	0	0	0	0	0	0	1	
151	43	12	0	2	2	2	0	0	0	0	0	0	0	0	1	
152	40	9	22	-999	-999	2	0	0	0	0	0	0	0	0	1	
153	43	0	10	12	12	2	0	0	0	0	0	0	0	0	1	
154	43	2	12	2	4	2	0	0	0	0	0	0	0	0	1	
155	43	10	12	2	4	2	0	0	0	0	0	0	0	0	1	
156	43	8	0	2	2	2	0	0	0	0	0	0	0	0	1	
157	43	12	12	2	4	2	0	0	0	0	0	0	0	0	1	
158	40	8	0	-999	-999	2	0	0	0	0	0	0	0	0	1	
159	79	4	6	2	2	3	0	0	0	0	0	0	0	0	1	
160	43	0	12	2	4	2	0	0	0	0	0	0	0	0	1	
161	43	12	12	4	2	2	0	0	0	0	0	0	0	0	1	
162	43	12	4	12	12	2	0	0	0	0	0	0	0	0	1	
163	55	10	6	2	6	2	0	0	0	0	0	0	0	0	1	
164	40	21	20	-999	-999	2	0	0	0	0	0	0	0	0	1	
165	43	12	10	4	2	2	0	0	0	0	0	0	0	0	1	
166	43	12	12	2	6	2	0	0	0	0	0	0	0	0	1	
167	43	12	4	4	2	2	0	0	0	0	0	0	0	0	1	
168	39	2	2	2	2	2	0	0	0	0	0	0	0	0	1	
169	43	8	0	4	4	2	0	0	0	0	0	0	0	0	1	
170	32	4	6	-999	-999	2	0	0	0	0	0	0	0	0	1	
233	233	36	36	174	174	353	353	212	212	225	225	216	216	
233	233	36	36	174	174	353	353	212	212	225	225	216	216	
359	359	NULL	NULL	NULL	NULL	NULL	NULL	NULL	NULL	NULL	NULL	63	63	
359	359	NULL	NULL	NULL	NULL	NULL	NULL	NULL	NULL	NULL	NULL	63	63	
21	21	NULL	NULL	NULL	NULL	NULL	NULL	NULL	NULL	NULL	NULL	59	59	
21	21	NULL	NULL	NULL	NULL	NULL	NULL	NULL	NULL	NULL	NULL	59	59	
47	47	NULL	NULL	NULL	NULL	229	229	224	224	242	242	240	240	
47	47	NULL	NULL	NULL	NULL	229	229	224	224	242	242	240	240	
246	246	NULL	NULL	NULL	NULL	244	244	NULL	NULL	NULL	NULL	215	215	
246	246	NULL	NULL	NULL	NULL	244	244	NULL	NULL	NULL	NULL	215	215	
223	223	NULL	NULL	NULL	NULL	236	236	NULL	NULL	NULL	NULL	221	221	
223	223	NULL	NULL	NULL	NULL	236	236	NULL	NULL	NULL	NULL	221	221	
226	226	42	42	352	352	210	210	228	228	231	231	239	239	
226	226	42	42	352	352	210	210	228	228	231	231	239	239	
171	79	0	12	-999	-999	2	0	0	0	0	0	0	0	0	1	
172	40	6	0	-999	-999	2	0	0	0	0	0	0	0	0	1	
173	43	0	6	4	2	2	0	0	0	0	0	0	0	0	1	
174	43	4	0	4	6	2	0	0	0	0	0	0	0	0	1	
175	43	12	8	4	2	2	0	0	0	0	0	0	0	0	1	
176	43	12	4	16	16	2	0	0	0	0	0	0	0	0	1	
177	40	0	16	-999	-999	2	0	0	0	0	0	0	0	0	1	
178	43	12	2	12	12	2	0	0	0	0	0	0	0	0	1	
179	43	0	4	2	2	2	0	0	0	0	0	0	0	0	1	
180	34	6	6	4	4	2	0	0	0	0	0	0	0	0	1	
181	43	10	0	12	12	2	0	0	0	0	0	0	0	0	1	
182	40	4	0	-999	-999	2	0	0	0	0	0	0	0	0	1	
183	43	0	0	4	2	2	0	0	0	0	0	0	0	0	1	
184	40	21	2	-999	-999	2	0	0	0	0	0	0	0	0	1	
185	34	8	6	4	4	2	0	0	0	0	0	0	0	0	1	
186	40	6	16	-999	-999	2	0	0	0	0	0	0	0	0	1	
187	43	12	4	4	4	2	0	0	0	0	0	0	0	0	1	
188	37	2	6	2	2	2	0	0	0	0	0	0	0	0	1	
189	37	8	10	4	2	3	0	0	0	0	0	0	0	0	1	
190	43	4	0	2	2	2	0	0	0	0	0	0	0	0	1	
191	40	21	18	-999	-999	2	0	0	0	0	0	0	0	0	1	
192	40	12	0	-999	-999	2	0	0	0	0	0	0	0	0	1	
193	0	0	10	-999	-999	2	0	1	10000	0	0	0	0	0	1	
194	43	10	12	16	16	2	0	0	0	0	0	0	0	0	1	
195	43	0	12	20	10	2	0	0	0	0	0	0	0	0	1	
196	43	0	0	2	4	2	0	0	0	0	0	0	0	0	1	
197	43	6	0	2	4	2	0	0	0	0	0	0	0	0	1	
198	43	12	6	12	12	2	0	0	0	0	0	0	0	0	1	
199	43	12	2	2	4	2	0	0	0	0	0	0	0	0	1	
200	43	0	10	2	4	2	0	0	0	0	0	0	0	0	1	
201	39	6	4	2	2	2	0	0	0	0	0	0	0	0	1	
202	40	6	20	-999	-999	2	0	0	0	0	0	0	0	0	1	
203	34	5	10	2	4	2	0	0	0	0	0	0	0	0	1	
204	43	8	12	2	4	2	0	0	0	0	0	0	0	0	1	
205	43	0	12	8	2	2	0	0	0	0	0	0	0	0	1	
206	37	2	6	2	6	2	0	0	0	0	0	0	0	0	1	
207	32	2	4	-999	-999	2	0	0	0	0	0	0	0	0	1	
196	196	305	305	379	379	197	197	40	40	1	1	412	412	
196	196	305	305	379	379	197	197	40	40	1	1	412	412	
20	20	NULL	NULL	52	52	297	297	NULL	NULL	NULL	NULL	199	199	
20	20	NULL	NULL	52	52	297	297	NULL	NULL	NULL	NULL	199	199	
408	408	51	51	385	385	NULL	NULL	NULL	NULL	NULL	NULL	82	82	
408	408	51	51	385	385	137	137	319	319	NULL	NULL	82	82	
147	147	33	33	NULL	NULL	137	137	319	319	358	358	413	413	
147	147	33	33	NULL	NULL	NULL	NULL	393	393	358	358	413	413	
374	374	315	315	NULL	NULL	NULL	NULL	393	393	NULL	NULL	348	348	
374	374	315	315	NULL	NULL	NULL	325	325	NULL	NULL	NULL	348	348	
200	200	NULL	323	323	203	203	325	325	NULL	NULL	NULL	141	141	
200	200	NULL	323	323	203	203	NULL	NULL	NULL	NULL	NULL	141	141	
160	160	154	154	72	72	128	128	204	204	155	155	157	157	
160	160	154	154	72	72	128	128	204	204	155	155	157	157	
208	43	2	0	4	2	2	0	0	0	0	0	0	0	0	1	
209	43	0	8	4	2	2	0	0	0	0	0	0	0	0	1	
210	42	6	12	4	6	2	0	0	0	0	0	0	0	0	1	
211	40	22	10	-999	-999	2	0	0	0	0	0	0	0	0	1	
212	43	8	0	4	6	2	0	0	0	0	0	0	0	0	1	
213	79	2	4	2	2	2	0	0	0	0	0	0	0	0	1	
214	40	22	8	-999	-999	2	0	0	0	0	0	0	0	0	1	
215	43	12	8	4	6	2	0	0	0	0	0	0	0	0	1	
216	43	12	0	4	6	2	0	0	0	0	0	0	0	0	1	
217	39	4	2	2	2	2	0	0	0	0	0	0	0	0	1	
218	42	12	6	2	2	2	0	0	0	0	0	0	0	0	1	
219	43	0	2	2	2	2	0	0	0	0	0	0	0	0	1	
220	39	6	2	2	2	2	0	0	0	0	0	0	0	0	1	
221	43	12	10	4	6	2	0	0	0	0	0	0	0	0	1	
222	34	10	8	2	2	2	0	0	0	0	0	0	0	0	1	
223	43	0	10	4	6	2	0	0	0	0	0	0	0	0	1	
224	34	8	6	4	6	2	0	0	0	0	0	0	0	0	1	
225	43	10	0	4	6	2	0	0	0	0	0	0	0	0	1	
226	43	0	12	4	6	2	0	0	0	0	0	0	0	0	1	
227	42	12	6	4	2	2	0	0	0	0	0	0	0	0	1	
228	43	8	12	4	6	2	0	0	0	0	0	0	0	0	1	
229	34	6	6	4	6	2	0	0	0	0	0	0	0	0	1	
230	43	0	12	2	2	2	0	0	0	0	0	0	0	0	1	
231	43	10	12	4	6	2	0	0	0	0	0	0	0	0	1	
232	40	22	12	-999	-999	2	0	0	0	0	0	0	0	0	1	
233	43	0	0	4	6	2	0	0	0	0	0	0	0	0	1	
234	43	12	0	12	12	2	0	0	0	0	0	0	0	0	1	
235	43	6	0	16	16	2	0	0	0	0	0	0	0	0	1	
236	55	6	10	4	6	2	0	0	0	0	0	0	0	0	1	
237	78	6	10	4	2	2	0	0	0	0	0	0	0	0	1	
238	43	12	10	12	12	2	0	0	0	0	0	0	0	0	1	
239	43	12	12	4	6	2	0	0	0	0	0	0	0	0	1	
240	42	12	6	4	6	2	0	0	0	0	0	0	0	0	1	
241	40	20	8	-999	-999	2	0	0	0	0	0	0	0	0	1	
242	37	10	6	4	6	2	0	0	0	0	0	0	0	0	1	
243	34	2	4	4	2	2	0	0	0	0	0	0	0	0	1	
244	34	6	8	4	6	2	0	0	0	0	0	0	0	0	1	
245	40	20	12	-999	-999	2	0	0	0	0	0	0	0	0	1	
246	43	0	8	4	6	2	0	0	0	0	0	0	0	0	1	
247	39	2	10	2	2	2	0	0	0	0	0	0	0	0	1	
248	43	6	0	2	2	2	0	0	0	0	0	0	0	0	1	
249	0	2	2	4	2	2	0	1	100000	0	0	0	0	0	1	
250	15	6	4	8	2	2	100000	0	0	0	0	0	0	0	1	
251	43	6	0	8	2	2	0	0	0	0	0	0	0	0	1	
252	43	12	10	2	2	2	0	0	0	0	0	0	0	0	1	
253	34	10	10	2	2	2	0	0	0	0	0	0	0	0	1	
254	37	6	10	8	2	2	0	0	0	0	0	0	0	0	1	
255	43	0	4	8	2	2	0	0	0	0	0	0	0	0	1	
256	43	4	12	8	2	2	0	0	0	0	0	0	0	0	1	
257	16	6	6	8	2	2	100000	0	0	0	0	0	0	0	1	
258	43	12	12	8	2	2	0	0	0	0	0	0	0	0	1	
259	14	6	8	12	12	2	100000	0	0	0	0	0	0	0	1	
260	43	0	0	8	2	2	0	0	0	0	0	0	0	0	1	
261	43	0	8	8	2	2	0	0	0	0	0	0	0	0	1	
262	13	6	6	12	12	2	100000	0	0	0	0	0	0	0	1	
263	43	12	12	2	2	2	0	0	0	0	0	0	0	0	1	
264	43	0	10	8	2	2	0	0	0	0	0	0	0	0	1	
265	43	0	6	8	2	2	0	0	0	0	0	0	0	0	1	
266	43	10	12	8	2	2	0	0	0	0	0	0	0	0	1	
267	43	0	2	8	2	2	0	0	0	0	0	0	0	0	1	
268	43	12	4	8	2	2	0	0	0	0	0	0	0	0	1	
269	43	2	12	8	2	2	0	0	0	0	0	0	0	0	1	
270	42	6	12	8	2	2	0	0	0	0	0	0	0	0	1	
271	37	6	2	12	12	2	0	0	0	0	0	0	0	0	1	
272	43	12	12	12	12	2	0	0	0	0	0	0	0	0	1	
273	43	12	2	2	2	2	0	0	0	0	0	0	0	0	1	
274	43	12	0	8	2	2	0	0	0	0	0	0	0	0	1	
275	37	6	8	2	2	2	0	0	0	0	0	0	0	0	1	
276	43	10	0	8	2	2	0	0	0	0	0	0	0	0	1	
277	43	4	0	8	2	2	0	0	0	0	0	0	0	0	1	
278	43	12	8	8	2	2	0	0	0	0	0	0	0	0	1	
279	43	12	10	8	2	2	0	0	0	0	0	0	0	0	1	
280	43	2	0	8	2	2	0	0	0	0	0	0	0	0	1	
281	16	6	8	8	2	2	100000	0	0	0	0	0	0	0	1	
282	43	12	2	8	2	2	0	0	0	0	0	0	0	0	1	
283	43	0	12	12	12	2	0	0	0	0	0	0	0	0	1	
284	55	6	2	2	6	2	0	0	0	0	0	0	0	0	1	
285	43	0	12	4	4	2	0	0	0	0	0	0	0	0	1	
286	43	10	12	2	6	2	0	0	0	0	0	0	0	0	1	
287	55	10	6	4	4	2	0	0	0	0	0	0	0	0	1	
288	43	12	8	4	4	2	0	0	0	0	0	0	0	0	1	
289	43	0	10	4	4	2	0	0	0	0	0	0	0	0	1	
290	43	0	4	4	4	2	0	0	0	0	0	0	0	0	1	
291	42	12	6	4	4	2	0	0	0	0	0	0	0	0	1	
292	40	4	8	-999	-999	2	0	0	0	0	0	0	0	0	1	
293	43	0	10	4	2	2	0	0	0	0	0	0	0	0	1	
294	79	2	8	2	6	1	0	0	0	0	0	0	0	0	1	
295	42	0	6	2	2	2	0	0	0	0	0	0	0	0	1	
296	55	10	6	2	2	3	0	0	0	0	0	0	0	0	1	
297	0	6	2	2	4	2	0	1	10000	0	0	0	0	0	1	
298	43	0	0	4	4	2	0	0	0	0	0	0	0	0	1	
299	40	4	16	-999	-999	2	0	0	0	0	0	0	0	0	1	
300	40	1	18	-999	-999	2	0	0	0	0	0	0	0	0	1	
301	43	4	0	2	6	2	0	0	0	0	0	0	0	0	1	
302	43	10	0	2	2	2	0	0	0	0	0	0	0	0	1	
303	42	0	6	4	4	2	0	0	0	0	0	0	0	0	1	
304	39	6	10	2	2	2	0	0	0	0	0	0	0	0	1	
305	43	2	0	2	4	2	0	0	0	0	0	0	0	0	1	
306	43	6	12	2	2	2	0	0	0	0	0	0	0	0	1	
307	42	0	6	2	6	2	0	0	0	0	0	0	0	0	1	
308	43	0	8	4	4	2	0	0	0	0	0	0	0	0	1	
309	34	4	6	4	4	2	0	0	0	0	0	0	0	0	1	
310	40	2	8	-999	-999	2	0	0	0	0	0	0	0	0	1	
311	37	2	6	4	4	2	0	0	0	0	0	0	0	0	1	
312	43	12	0	4	4	2	0	0	0	0	0	0	0	0	1	
313	43	6	12	4	4	2	0	0	0	0	0	0	0	0	1	
314	43	8	0	4	2	2	0	0	0	0	0	0	0	0	1	
315	37	2	8	2	4	2	0	0	0	0	0	0	0	0	1	
316	43	2	12	2	2	2	0	0	0	0	0	0	0	0	1	
317	39	4	10	2	2	2	0	0	0	0	0	0	0	0	1	
318	32	2	2	-999	-999	2	0	0	0	0	0	0	0	0	1	
144	144	139	139	190	190	248	248	156	156	302	302	151	151	
144	144	139	139	190	190	248	248	156	156	302	302	151	151	
219	219	168	168	217	217	220	220	NULL	NULL	NULL	NULL	273	273	
219	219	168	168	217	217	220	220	NULL	NULL	NULL	NULL	273	273	
179	179	213	213	NULL	NULL	201	201	NULL	NULL	NULL	NULL	349	349	
179	179	213	213	NULL	NULL	201	201	NULL	NULL	NULL	NULL	349	349	
295	295	188	188	159	159	406	406	NULL	NULL	296	296	218	218	
295	295	188	188	159	159	406	406	NULL	NULL	296	296	218	218	
331	331	45	45	NULL	NULL	275	275	NULL	NULL	222	222	140	140	
331	331	45	45	NULL	NULL	275	275	NULL	NULL	222	222	140	140	
365	365	247	247	317	317	304	304	31	31	253	253	252	252	
365	365	247	247	317	317	304	304	31	31	253	253	252	252	
230	230	316	316	407	407	306	306	351	351	370	370	263	263	
230	230	316	316	407	407	306	306	351	351	370	370	263	263	
319	37	8	5	2	4	1	0	0	0	0	0	0	0	0	1	
320	43	0	2	4	4	2	0	0	0	0	0	0	0	0	1	
321	40	12	22	-999	-999	2	0	0	0	0	0	0	0	0	1	
322	40	0	0	-999	-999	2	0	0	0	0	0	0	0	0	1	
323	94	3	10	2	4	2	0	0	0	0	0	0	0	0	1	
324	43	2	12	16	16	2	0	0	0	0	0	0	0	0	1	
325	34	7	9	2	4	2	0	0	0	0	0	0	0	0	1	
326	43	2	0	4	4	2	0	0	0	0	0	0	0	0	1	
327	79	2	4	2	6	3	0	0	0	0	0	0	0	0	1	
328	40	16	0	-999	-999	2	0	0	0	0	0	0	0	0	1	
329	43	12	2	4	4	2	0	0	0	0	0	0	0	0	1	
330	43	4	0	16	16	2	0	0	0	0	0	0	0	0	1	
331	43	0	8	2	2	2	0	0	0	0	0	0	0	0	1	
332	42	6	12	4	2	2	0	0	0	0	0	0	0	0	1	
333	43	12	8	12	12	2	0	0	0	0	0	0	0	0	1	
334	43	4	12	16	16	2	0	0	0	0	0	0	0	0	1	
335	40	6	6	-999	-999	2	0	0	0	0	0	0	0	0	1	
336	43	12	10	4	4	2	0	0	0	0	0	0	0	0	1	
337	40	18	6	-999	-999	2	0	0	0	0	0	0	0	0	1	
338	32	4	4	-999	-999	2	0	0	0	0	0	0	0	0	1	
298	298	326	326	39	39	355	355	169	169	6	6	312	312	
298	298	326	326	39	39	355	355	169	169	6	6	312	312	
320	320	NULL	NULL	NULL	NULL	NULL	NULL	NULL	NULL	NULL	NULL	329	329	
320	320	NULL	NULL	NULL	NULL	NULL	NULL	NULL	NULL	NULL	NULL	329	329	
290	290	NULL	NULL	NULL	NULL	NULL	NULL	NULL	NULL	NULL	NULL	187	187	
290	290	NULL	NULL	NULL	NULL	NULL	NULL	NULL	NULL	NULL	NULL	187	187	
303	303	311	311	309	309	180	180	185	185	287	287	291	291	
303	303	311	311	309	309	180	180	185	185	287	287	291	291	
308	308	NULL	NULL	NULL	NULL	NULL	NULL	NULL	NULL	NULL	NULL	288	288	
308	308	NULL	NULL	NULL	NULL	NULL	NULL	NULL	NULL	NULL	NULL	288	288	
289	289	NULL	NULL	NULL	NULL	NULL	NULL	NULL	NULL	NULL	NULL	336	336	
289	289	NULL	NULL	NULL	NULL	NULL	NULL	NULL	NULL	NULL	NULL	336	336	
285	285	361	361	341	341	313	313	354	354	360	360	384	384	
285	285	361	361	341	341	313	313	354	354	360	360	384	384	
339	43	0	2	4	2	2	0	0	0	0	0	0	0	0	1	
340	37	2	10	2	6	2	0	0	0	0	0	0	0	0	1	
341	43	4	12	4	4	2	0	0	0	0	0	0	0	0	1	
342	43	0	4	4	2	2	0	0	0	0	0	0	0	0	1	
343	43	0	0	16	16	2	0	0	0	0	0	0	0	0	1	
344	43	0	0	2	6	2	0	0	0	0	0	0	0	0	1	
345	77	4	6	4	2	2	0	0	0	0	0	0	0	0	1	
346	34	4	14	-999	-999	2	0	0	0	0	0	0	0	0	1	
347	43	6	12	12	12	2	0	0	0	0	0	0	0	0	1	
348	43	12	8	2	4	2	0	0	0	0	0	0	0	0	1	
349	43	12	4	2	2	2	0	0	0	0	0	0	0	0	1	
350	40	21	14	-999	-999	2	0	0	0	0	0	0	0	0	1	
351	43	8	12	2	2	2	0	0	0	0	0	0	0	0	1	
352	43	4	12	4	6	2	0	0	0	0	0	0	0	0	1	
353	43	6	0	4	6	2	0	0	0	0	0	0	0	0	1	
354	43	8	12	4	4	2	0	0	0	0	0	0	0	0	1	
355	43	6	0	4	4	2	0	0	0	0	0	0	0	0	1	
356	40	0	6	-999	-999	2	0	0	0	0	0	0	0	0	1	
357	1	2	10	-999	-999	2	0	1	10000	0	0	0	0	0	1	
358	55	10	6	2	4	3	0	0	0	0	0	0	0	0	1	
359	43	0	2	4	6	2	0	0	0	0	0	0	0	0	1	
360	43	10	12	4	4	2	0	0	0	0	0	0	0	0	1	
361	43	2	12	4	4	2	0	0	0	0	0	0	0	0	1	
362	43	10	12	4	2	2	0	0	0	0	0	0	0	0	1	
363	43	2	12	12	12	2	0	0	0	0	0	0	0	0	1	
364	40	6	22	-999	-999	2	0	0	0	0	0	0	0	0	1	
365	43	0	10	2	2	2	0	0	0	0	0	0	0	0	1	
366	40	16	20	-999	-999	2	0	0	0	0	0	0	0	0	1	
367	2	4	10	-999	-999	2	0	1	10000	0	0	0	0	0	1	
368	43	8	12	16	16	2	0	0	0	0	0	0	0	0	1	
369	40	2	16	-999	-999	2	0	0	0	0	0	0	0	0	1	
370	43	10	12	2	2	2	0	0	0	0	0	0	0	0	1	
371	43	0	12	16	16	2	0	0	0	0	0	0	0	0	1	
372	32	8	2	-999	-999	2	0	0	0	0	0	0	0	0	1	
260	260	280	280	277	277	251	251	135	135	276	276	274	274	
260	260	280	280	277	277	251	251	135	135	276	276	274	274	
267	267	NULL	NULL	NULL	NULL	NULL	NULL	NULL	NULL	NULL	NULL	282	282	
267	267	NULL	NULL	NULL	NULL	NULL	NULL	NULL	NULL	NULL	NULL	282	282	
255	255	NULL	NULL	NULL	NULL	250	250	NULL	NULL	NULL	NULL	268	268	
255	255	NULL	NULL	NULL	NULL	250	250	NULL	NULL	NULL	NULL	268	268	
265	265	NULL	NULL	NULL	NULL	257	257	NULL	NULL	NULL	NULL	394	394	
265	265	NULL	NULL	NULL	NULL	257	257	NULL	NULL	NULL	NULL	394	394	
261	261	NULL	NULL	NULL	NULL	281	281	NULL	NULL	NULL	NULL	278	278	
261	261	NULL	NULL	NULL	NULL	281	281	NULL	NULL	NULL	NULL	278	278	
264	264	NULL	NULL	NULL	NULL	254	254	NULL	NULL	NULL	NULL	279	279	
264	264	NULL	NULL	NULL	NULL	254	254	NULL	NULL	NULL	NULL	279	279	
205	205	269	269	256	256	270	270	44	44	266	266	258	258	
205	205	269	269	256	256	270	270	44	44	266	266	258	258	
373	40	0	4	-999	-999	2	0	0	0	0	0	0	0	0	1	
374	43	0	8	2	4	2	0	0	0	0	0	0	0	0	1	
375	78	8	8	4	2	3	0	0	0	0	0	0	0	0	1	
376	43	8	12	12	12	2	0	0	0	0	0	0	0	0	1	
377	43	0	12	4	2	2	0	0	0	0	0	0	0	0	1	
378	40	21	16	-999	-999	2	0	0	0	0	0	0	0	0	1	
379	43	4	0	2	4	2	0	0	0	0	0	0	0	0	1	
380	43	2	0	12	12	2	0	0	0	0	0	0	0	0	1	
381	43	0	0	12	12	2	0	0	0	0	0	0	0	0	1	
382	43	0	8	16	16	2	0	0	0	0	0	0	0	0	1	
383	42	6	0	12	12	2	0	0	0	0	0	0	0	0	1	
384	43	12	12	4	4	2	0	0	0	0	0	0	0	0	1	
385	6	4	4	2	4	2	0	0	0	0	0	0	0	0	1	
386	43	12	0	2	6	2	0	0	0	0	0	0	0	0	1	
387	40	2	0	-999	-999	2	0	0	0	0	0	0	0	0	1	
388	43	10	12	12	12	2	0	0	0	0	0	0	0	0	1	
389	34	6	14	-999	-999	2	0	0	0	0	0	0	0	0	1	
390	43	0	8	12	12	2	0	0	0	0	0	0	0	0	1	
391	43	12	2	4	2	2	0	0	0	0	0	0	0	0	1	
392	37	6	10	16	16	2	0	0	0	0	0	0	0	0	1	
393	34	8	7	2	4	2	0	0	0	0	0	0	0	0	1	
394	43	12	6	8	2	2	0	0	0	0	0	0	0	0	1	
395	37	2	2	2	6	2	0	0	0	0	0	0	0	0	1	
396	43	0	4	12	12	2	0	0	0	0	0	0	0	0	1	
397	40	0	8	-999	-999	2	0	0	0	0	0	0	0	0	1	
398	43	0	8	2	6	2	0	0	0	0	0	0	0	0	1	
399	40	6	10	-999	-999	2	0	0	0	0	0	0	0	0	1	
400	43	2	0	2	6	2	0	0	0	0	0	0	0	0	1	
401	43	0	12	2	6	2	0	0	0	0	0	0	0	0	1	
402	36	6	8	4	2	2	0	0	0	0	0	0	0	0	1	
403	55	6	2	4	2	2	0	0	0	0	0	0	0	0	1	
404	43	12	2	2	6	2	0	0	0	0	0	0	0	0	1	
405	40	10	0	-999	-999	2	0	0	0	0	0	0	0	0	1	
406	35	6	6	2	2	2	0	0	0	0	0	0	0	0	1	
407	43	4	12	2	2	2	0	0	0	0	0	0	0	0	1	
408	43	0	4	2	4	2	0	0	0	0	0	0	0	0	1	
409	55	6	10	2	6	2	0	0	0	0	0	0	0	0	1	
410	34	8	6	2	6	2	0	0	0	0	0	0	0	0	1	
411	34	2	6	4	2	2	0	0	0	0	0	0	0	0	1	
412	43	12	0	2	4	2	0	0	0	0	0	0	0	0	1	
413	42	12	6	2	4	4	0	0	0	0	0	0	0	0	1	
414	40	10	20	-999	-999	2	0	0	0	0	0	0	0	0	1	
322	322	387	387	182	182	172	172	158	158	405	405	192	192	109	109	328	328	124	124	NULL	117	117	NULL	
322	322	387	387	182	182	172	172	158	158	405	405	192	192	109	109	328	328	124	124	NULL	117	117	NULL	
10	10	318	318	17	17	62	62	372	372	NULL	NULL	NULL	NULL	NULL	NULL	NULL	NULL	123	123	NULL	184	184	NULL	
10	10	318	318	17	17	62	62	372	372	NULL	NULL	NULL	NULL	NULL	NULL	NULL	NULL	123	123	NULL	184	184	NULL	
373	373	207	207	338	338	149	149	NULL	NULL	NULL	NULL	NULL	NULL	NULL	NULL	NULL	NULL	115	115	NULL	11	11	NULL	
373	373	207	207	338	338	149	149	NULL	NULL	NULL	NULL	NULL	NULL	NULL	NULL	NULL	NULL	115	115	NULL	11	11	NULL	
356	356	7	7	170	170	335	335	NULL	NULL	NULL	NULL	NULL	NULL	NULL	NULL	NULL	NULL	337	337	NULL	116	116	NULL	
356	356	7	7	170	170	335	335	NULL	NULL	NULL	NULL	NULL	NULL	NULL	NULL	NULL	NULL	337	337	NULL	116	116	NULL	
397	397	310	310	292	292	61	61	NULL	NULL	NULL	NULL	NULL	NULL	NULL	NULL	NULL	NULL	110	110	241	241	214	214	
397	397	310	310	292	292	61	61	NULL	NULL	NULL	NULL	NULL	NULL	NULL	NULL	NULL	NULL	110	110	241	241	214	214	
193	193	357	357	367	367	399	399	NULL	NULL	NULL	NULL	NULL	NULL	NULL	NULL	NULL	NULL	122	122	99	99	211	211	
193	193	357	357	367	367	399	399	NULL	NULL	NULL	NULL	NULL	NULL	NULL	NULL	NULL	NULL	122	122	99	99	211	211	
171	171	15	15	148	148	57	57	NULL	NULL	NULL	NULL	22	22	NULL	NULL	NULL	NULL	105	105	245	245	232	232	
171	171	15	15	148	148	57	57	NULL	NULL	NULL	NULL	22	22	NULL	NULL	NULL	NULL	105	105	245	245	232	232	
41	41	48	48	346	346	389	389	106	106	NULL	NULL	NULL	NULL	NULL	NULL	NULL	NULL	130	130	NULL	350	350	NULL	
41	41	48	48	346	346	389	389	106	106	NULL	NULL	NULL	NULL	NULL	NULL	NULL	NULL	130	130	NULL	350	350	NULL	
177	177	369	369	299	299	186	186	NULL	NULL	NULL	NULL	NULL	NULL	NULL	NULL	28	28	107	107	NULL	378	378	NULL	
177	177	369	369	299	299	186	186	NULL	NULL	NULL	NULL	NULL	NULL	NULL	NULL	28	28	107	107	NULL	378	378	NULL	
NULL	300	300	134	134	NULL	43	43	NULL	NULL	NULL	NULL	NULL	NULL	NULL	NULL	NULL	NULL	112	112	NULL	191	191	NULL	
NULL	300	300	134	134	NULL	43	43	NULL	NULL	NULL	NULL	NULL	NULL	NULL	NULL	NULL	NULL	112	112	NULL	191	191	NULL	
NULL	142	142	113	113	NULL	202	202	70	70	414	414	131	131	121	121	366	366	108	108	NULL	164	164	NULL	
NULL	142	142	113	113	NULL	202	202	70	70	414	414	131	131	121	121	366	366	108	108	NULL	164	164	NULL	
NULL	35	35	118	118	NULL	364	364	NULL	152	152	NULL	321	321	NULL	133	133	NULL	111	111	NULL	49	49	NULL	
NULL	35	35	118	118	NULL	364	364	NULL	152	152	NULL	321	321	NULL	133	133	NULL	111	111	NULL	49	49	NULL	
