307
0	77	5	5	14	16	2	0	0	0	0	0	0	0	0	
1	77	5	7	12	14	2	0	0	0	0	0	0	0	0	
2	42	6	0	14	16	2	0	0	0	0	0	0	0	0	
3	43	10	12	14	16	2	0	0	0	0	0	0	0	0	
4	43	2	0	14	16	2	0	0	0	0	0	0	0	0	
5	40	16	12	-999	-999	2	0	0	0	0	0	0	0	0	
6	43	0	10	14	16	2	0	0	0	0	0	0	0	0	
7	43	0	0	14	16	2	0	0	0	0	0	0	0	0	
8	78	8	9	14	16	2	0	0	0	0	0	0	0	0	
9	34	7	7	12	14	2	0	0	0	0	0	0	0	0	
10	43	8	0	14	16	2	0	0	0	0	0	0	0	0	
11	37	6	10	14	16	2	0	0	0	0	0	0	0	0	
12	43	12	2	14	16	2	0	0	0	0	0	0	0	0	
13	37	2	6	12	14	2	0	0	0	0	0	0	0	0	
14	43	8	12	14	16	2	0	0	0	0	0	0	0	0	
15	43	12	12	14	16	2	0	0	0	0	0	0	0	0	
16	43	10	0	14	16	2	0	0	0	0	0	0	0	0	
17	12	22	16	-999	-999	2	100000	0	0	0	0	0	0	0	
18	43	0	6	14	16	2	0	0	0	0	0	0	0	0	
19	43	12	4	14	16	2	0	0	0	0	0	0	0	0	
20	37	6	2	14	16	2	0	0	0	0	0	0	0	0	
21	37	10	6	12	14	2	0	0	0	0	0	0	0	0	
22	43	2	12	14	16	2	0	0	0	0	0	0	0	0	
23	40	10	22	-999	-999	2	0	0	0	0	0	0	0	0	
24	43	0	12	14	16	2	0	0	0	0	0	0	0	0	
25	43	0	10	16	18	2	0	0	0	0	0	0	0	0	
26	43	8	12	16	18	2	0	0	0	0	0	0	0	0	
27	37	18	16	-999	-999	1	0	0	0	0	0	0	0	0	
28	12	22	12	-999	-999	2	100000	0	0	0	0	0	0	0	
29	43	10	0	16	18	2	0	0	0	0	0	0	0	0	
30	78	3	8	12	14	2	0	0	0	0	0	0	0	0	
31	42	12	6	16	18	3	0	0	0	0	0	0	0	0	
32	43	0	8	16	18	2	0	0	0	0	0	0	0	0	
33	43	4	12	14	16	2	0	0	0	0	0	0	0	0	
34	77	7	7	14	16	2	0	0	0	0	0	0	0	0	
35	43	4	0	14	16	2	0	0	0	0	0	0	0	0	
36	43	0	8	14	16	2	0	0	0	0	0	0	0	0	
37	43	0	4	14	16	2	0	0	0	0	0	0	0	0	
38	32	14	16	-999	-999	2	0	0	0	0	0	0	0	0	
7	7	4	4	35	35	2	2	10	10	16	16	45	45	
7	7	4	4	35	35	2	2	10	10	16	16	45	45	
47	47	NULL	NULL	NULL	NULL	20	20	NULL	NULL	NULL	NULL	12	12	
47	47	NULL	NULL	94	94	20	20	NULL	NULL	NULL	NULL	12	12	
37	37	NULL	NULL	94	94	NULL	NULL	NULL	NULL	NULL	NULL	19	19	
37	37	NULL	NULL	NULL	0	0	40	40	NULL	NULL	NULL	19	19	
18	18	NULL	NULL	NULL	0	0	40	40	NULL	NULL	NULL	43	43	
18	18	NULL	NULL	NULL	39	39	34	34	NULL	NULL	NULL	43	43	
36	36	NULL	NULL	NULL	39	39	34	34	NULL	NULL	NULL	41	41	
36	36	NULL	NULL	NULL	NULL	NULL	NULL	8	8	NULL	NULL	41	41	
6	6	NULL	NULL	NULL	NULL	11	11	8	8	NULL	NULL	42	42	
6	6	NULL	NULL	NULL	NULL	11	11	NULL	NULL	NULL	NULL	42	42	
24	24	22	22	33	33	46	46	14	14	3	3	15	15	
24	24	22	22	33	33	46	46	14	14	3	3	15	15	
39	34	5	7	14	16	2	0	0	0	0	0	0	0	0	
40	34	7	5	14	16	2	0	0	0	0	0	0	0	0	
41	43	12	8	14	16	2	0	0	0	0	0	0	0	0	
42	43	12	10	14	16	2	0	0	0	0	0	0	0	0	
43	43	12	6	14	16	2	0	0	0	0	0	0	0	0	
44	0	10	12	-999	-999	2	0	2	1	0	0	0	0	0	
45	43	12	0	14	16	2	0	0	0	0	0	0	0	0	
46	42	6	12	14	16	2	0	0	0	0	0	0	0	0	
47	43	0	2	14	16	2	0	0	0	0	0	0	0	0	
48	0	10	20	-999	-999	2	0	2	1	0	0	0	0	0	
49	43	12	4	16	18	2	0	0	0	0	0	0	0	0	
50	43	6	12	16	18	2	0	0	0	0	0	0	0	0	
51	37	0	15	-999	-999	2	0	0	0	0	0	0	0	0	
52	43	12	2	16	18	2	0	0	0	0	0	0	0	0	
53	0	2	12	-999	-999	2	0	2	1	0	0	0	0	0	
54	43	8	0	16	18	2	0	0	0	0	0	0	0	0	
55	40	4	10	-999	-999	2	0	0	0	0	0	0	0	0	
56	43	12	8	16	18	2	0	0	0	0	0	0	0	0	
57	43	6	0	16	18	2	0	0	0	0	0	0	0	0	
58	77	5	7	16	18	2	0	0	0	0	0	0	0	0	
59	40	2	10	-999	-999	2	0	0	0	0	0	0	0	0	
60	43	12	12	16	18	2	0	0	0	0	0	0	0	0	
61	43	2	12	16	18	2	0	0	0	0	0	0	0	0	
62	43	4	12	16	18	2	0	0	0	0	0	0	0	0	
63	40	12	12	-999	-999	2	0	0	0	0	0	0	0	0	
64	78	3	8	16	18	2	0	0	0	0	0	0	0	0	
65	42	0	6	16	18	2	0	0	0	0	0	0	0	0	
66	43	2	0	16	18	2	0	0	0	0	0	0	0	0	
67	40	4	18	-999	-999	2	0	0	0	0	0	0	0	0	
68	37	14	18	-999	-999	2	0	0	0	0	0	0	0	0	
69	77	7	5	16	18	2	0	0	0	0	0	0	0	0	
70	37	0	13	-999	-999	2	0	0	0	0	0	0	0	0	
71	37	2	6	16	18	2	0	0	0	0	0	0	0	0	
72	40	4	12	-999	-999	2	0	0	0	0	0	0	0	0	
73	37	10	6	16	18	2	0	0	0	0	0	0	0	0	
74	34	5	5	16	18	2	0	0	0	0	0	0	0	0	
75	43	0	12	16	18	2	0	0	0	0	0	0	0	0	
76	43	0	4	16	18	2	0	0	0	0	0	0	0	0	
77	34	7	7	16	18	2	0	0	0	0	0	0	0	0	
78	43	10	12	16	18	2	0	0	0	0	0	0	0	0	
79	43	4	0	16	18	2	0	0	0	0	0	0	0	0	
80	78	9	4	16	18	2	0	0	0	0	0	0	0	0	
81	40	8	10	-999	-999	2	0	0	0	0	0	0	0	0	
82	37	6	18	-999	-999	2	0	0	0	0	0	0	0	0	
83	43	0	2	16	18	2	0	0	0	0	0	0	0	0	
84	37	10	14	-999	-999	2	0	0	0	0	0	0	0	0	
85	43	12	0	16	18	2	0	0	0	0	0	0	0	0	
86	40	8	22	-999	-999	2	0	0	0	0	0	0	0	0	
87	43	12	10	16	18	2	0	0	0	0	0	0	0	0	
88	37	10	18	-999	-999	2	0	0	0	0	0	0	0	0	
89	43	0	0	16	18	2	0	0	0	0	0	0	0	0	
90	12	22	14	-999	-999	2	100000	0	0	0	0	0	0	0	
91	32	16	18	-999	-999	2	0	0	0	0	0	0	0	0	
89	89	66	66	79	79	57	57	54	54	29	29	85	85	
89	89	66	66	79	79	57	57	54	54	29	29	85	85	
83	83	NULL	NULL	NULL	NULL	NULL	NULL	NULL	NULL	NULL	NULL	52	52	
83	83	NULL	NULL	NULL	NULL	NULL	NULL	NULL	NULL	NULL	NULL	52	52	
76	76	NULL	NULL	NULL	NULL	NULL	NULL	NULL	80	80	NULL	49	49	
76	76	NULL	NULL	NULL	74	74	69	69	80	80	NULL	49	49	
65	65	71	71	NULL	74	74	69	69	NULL	73	73	31	31	
65	65	71	71	NULL	58	58	77	77	NULL	73	73	31	31	
32	32	NULL	64	64	58	58	77	77	NULL	NULL	NULL	56	56	
32	32	NULL	64	64	NULL	NULL	NULL	NULL	NULL	NULL	NULL	56	56	
25	25	NULL	NULL	NULL	NULL	NULL	NULL	NULL	NULL	NULL	NULL	87	87	
25	25	NULL	NULL	NULL	NULL	NULL	NULL	NULL	NULL	NULL	NULL	87	87	
75	75	61	61	62	62	50	50	26	26	78	78	60	60	
75	75	61	61	62	62	50	50	26	26	78	78	60	60	
92	40	12	22	-999	-999	2	0	0	0	0	0	0	0	0	
93	0	6	12	-999	-999	2	0	2	1	0	0	0	0	0	
94	78	4	3	14	16	2	0	0	0	0	0	0	0	0	
95	4	18	20	-999	-999	2	0	2	1	0	0	0	0	0	
96	40	14	22	-999	-999	2	0	0	0	0	0	0	0	0	
97	12	22	20	-999	-999	2	100000	0	0	0	0	0	0	0	
98	40	20	12	-999	-999	2	0	0	0	0	0	0	0	0	
99	40	20	16	-999	-999	2	0	0	0	0	0	0	0	0	
100	2	18	12	-999	-999	2	5	5	1000	0	0	0	0	0	
101	12	22	18	-999	-999	2	100000	0	0	0	0	0	0	0	
102	40	20	14	-999	-999	2	0	0	0	0	0	0	0	0	
103	37	18	14	-999	-999	2	0	0	0	0	0	0	0	0	
104	40	16	16	-999	-999	2	0	0	0	0	0	0	0	0	
105	22	20	18	-999	-999	3	0	0	0	0	0	0	0	0	
106	40	12	18	-999	-999	2	0	0	0	0	0	0	0	0	
107	40	20	20	-999	-999	2	0	0	0	0	0	0	0	0	
108	40	8	12	-999	-999	2	0	0	0	0	0	0	0	0	
109	12	22	10	-999	-999	2	100000	0	0	0	0	0	0	0	
110	40	14	10	-999	-999	2	0	0	0	0	0	0	0	0	
111	40	20	22	-999	-999	2	0	0	0	0	0	0	0	0	
112	26	2	18	-999	-999	2	0	0	0	0	0	0	0	0	
113	40	18	10	-999	-999	2	0	0	0	0	0	0	0	0	
114	26	2	20	-999	-999	2	0	0	0	0	0	0	0	0	
115	40	18	22	-999	-999	2	0	0	0	0	0	0	0	0	
116	16	0	20	-999	-999	2	100000	0	0	0	0	0	0	0	
117	12	22	22	-999	-999	2	100000	0	0	0	0	0	0	0	
118	40	0	18	-999	-999	2	0	0	0	0	0	0	0	0	
119	40	20	10	-999	-999	2	0	0	0	0	0	0	0	0	
120	40	16	22	-999	-999	2	0	0	0	0	0	0	0	0	
121	40	16	14	-999	-999	2	0	0	0	0	0	0	0	0	
122	40	16	20	-999	-999	2	0	0	0	0	0	0	0	0	
123	40	12	16	-999	-999	2	0	0	0	0	0	0	0	0	
124	40	12	20	-999	-999	2	0	0	0	0	0	0	0	0	
125	40	8	20	-999	-999	2	0	0	0	0	0	0	0	0	
126	40	8	14	-999	-999	2	0	0	0	0	0	0	0	0	
127	40	8	16	-999	-999	2	0	0	0	0	0	0	0	0	
128	40	16	10	-999	-999	2	0	0	0	0	0	0	0	0	
129	0	6	20	-999	-999	2	0	2	1	0	0	0	0	0	
130	40	6	22	-999	-999	2	0	0	0	0	0	0	0	0	
131	40	6	10	-999	-999	2	0	0	0	0	0	0	0	0	
132	26	2	16	-999	-999	2	0	0	0	0	0	0	0	0	
133	40	0	10	-999	-999	2	0	0	0	0	0	0	0	0	
134	40	0	22	-999	-999	2	0	0	0	0	0	0	0	0	
135	40	10	10	-999	-999	2	0	0	0	0	0	0	0	0	
136	37	2	14	-999	-999	2	0	0	0	0	0	0	0	0	
137	40	4	16	-999	-999	2	0	0	0	0	0	0	0	0	
138	40	2	22	-999	-999	2	0	0	0	0	0	0	0	0	
139	40	12	10	-999	-999	2	0	0	0	0	0	0	0	0	
140	0	14	20	-999	-999	2	0	2	1	0	0	0	0	0	
141	37	6	14	-999	-999	2	0	0	0	0	0	0	0	0	
142	40	4	22	-999	-999	2	0	0	0	0	0	0	0	0	
143	37	18	18	-999	-999	2	0	0	0	0	0	0	0	0	
144	0	14	12	-999	-999	2	0	2	1	0	0	0	0	0	
145	37	14	14	-999	-999	2	0	0	0	0	0	0	0	0	
146	40	4	20	-999	-999	2	0	0	0	0	0	0	0	0	
147	32	4	14	-999	-999	2	0	0	0	0	0	0	0	0	
168	168	148	148	152	152	156	156	160	160	164	164	170	170	
168	168	148	148	152	152	156	156	160	160	164	164	170	170	
149	149	NULL	NULL	NULL	NULL	NULL	NULL	NULL	NULL	NULL	NULL	151	151	
149	149	NULL	NULL	NULL	NULL	NULL	NULL	NULL	NULL	NULL	NULL	151	151	
153	153	NULL	NULL	NULL	NULL	NULL	NULL	NULL	172	172	NULL	155	155	
153	153	NULL	NULL	NULL	173	173	174	174	172	172	NULL	155	155	
157	157	175	175	NULL	173	173	174	174	NULL	176	176	159	159	
157	157	175	175	NULL	177	177	178	178	NULL	176	176	159	159	
161	161	NULL	179	179	177	177	178	178	NULL	NULL	NULL	163	163	
161	161	NULL	179	179	NULL	NULL	NULL	NULL	NULL	NULL	NULL	163	163	
165	165	NULL	NULL	NULL	NULL	NULL	NULL	NULL	NULL	NULL	NULL	167	167	
165	165	NULL	NULL	NULL	NULL	NULL	NULL	NULL	NULL	NULL	NULL	167	167	
169	169	150	150	154	154	158	158	162	162	166	166	171	171	
169	169	150	150	154	154	158	158	162	162	166	166	171	171	
148	43	2	0	4	14	2	0	0	0	0	0	0	0	0	
149	43	0	2	4	14	2	0	0	0	0	0	0	0	0	
150	43	2	12	4	14	2	0	0	0	0	0	0	0	0	
151	43	12	2	4	14	2	0	0	0	0	0	0	0	0	
152	43	4	0	4	14	2	0	0	0	0	0	0	0	0	
153	43	0	4	4	14	2	0	0	0	0	0	0	0	0	
154	43	4	12	4	14	2	0	0	0	0	0	0	0	0	
155	43	12	4	4	14	2	0	0	0	0	0	0	0	0	
156	43	6	0	4	14	2	0	0	0	0	0	0	0	0	
157	42	0	6	4	14	2	0	0	0	0	0	0	0	0	
158	43	6	12	4	14	2	0	0	0	0	0	0	0	0	
159	42	12	6	4	14	2	0	0	0	0	0	0	0	0	
160	43	8	0	4	14	2	0	0	0	0	0	0	0	0	
161	43	0	8	4	14	2	0	0	0	0	0	0	0	0	
162	43	8	12	4	14	2	0	0	0	0	0	0	0	0	
163	43	12	8	4	14	2	0	0	0	0	0	0	0	0	
164	43	10	0	4	14	2	0	0	0	0	0	0	0	0	
165	43	0	10	4	14	2	0	0	0	0	0	0	0	0	
166	43	10	12	4	14	2	0	0	0	0	0	0	0	0	
167	43	12	10	4	14	2	0	0	0	0	0	0	0	0	
168	43	0	0	4	14	2	0	0	0	0	0	0	0	0	
169	43	0	12	4	14	2	0	0	0	0	0	0	0	0	
170	43	12	0	4	14	2	0	0	0	0	0	0	0	0	
171	43	12	12	4	14	2	0	0	0	0	0	0	0	0	
172	78	9	4	4	14	2	0	0	0	0	0	0	0	0	
173	34	5	5	4	14	2	0	0	0	0	0	0	0	0	
174	77	7	5	4	14	2	0	0	0	0	0	0	0	0	
175	37	2	6	4	14	2	0	0	0	0	0	0	0	0	
176	37	10	6	4	14	2	0	0	0	0	0	0	0	0	
177	77	5	7	4	14	2	0	0	0	0	0	0	0	0	
178	34	7	7	4	14	2	0	0	0	0	0	0	0	0	
179	78	3	8	4	14	2	0	0	0	0	0	0	0	0	
180	32	6	16	-999	-999	2	0	0	0	0	0	0	0	0	
202	202	198	198	194	194	190	190	186	186	182	182	201	201	
202	202	198	198	194	194	190	190	186	186	182	182	201	201	
183	183	NULL	NULL	NULL	NULL	208	208	NULL	NULL	NULL	NULL	181	181	
183	183	NULL	NULL	212	212	208	208	NULL	NULL	NULL	NULL	181	181	
187	187	NULL	NULL	212	212	NULL	NULL	NULL	NULL	NULL	NULL	185	185	
187	187	NULL	NULL	NULL	210	210	206	206	NULL	NULL	NULL	185	185	
191	191	NULL	NULL	NULL	210	210	206	206	NULL	NULL	NULL	189	189	
191	191	NULL	NULL	NULL	211	211	207	207	NULL	NULL	NULL	189	189	
195	195	NULL	NULL	NULL	211	211	207	207	NULL	NULL	NULL	193	193	
195	195	NULL	NULL	NULL	NULL	NULL	NULL	205	205	NULL	NULL	193	193	
199	199	NULL	NULL	NULL	NULL	209	209	205	205	NULL	NULL	197	197	
199	199	NULL	NULL	NULL	NULL	209	209	NULL	NULL	NULL	NULL	197	197	
204	204	200	200	196	196	192	192	188	188	184	184	203	203	
204	204	200	200	196	196	192	192	188	188	184	184	203	203	
181	43	12	2	6	16	2	0	0	0	0	0	0	0	0	
182	43	10	0	6	16	2	0	0	0	0	0	0	0	0	
183	43	0	2	6	16	2	0	0	0	0	0	0	0	0	
184	43	10	12	6	16	2	0	0	0	0	0	0	0	0	
185	43	12	4	6	16	2	0	0	0	0	0	0	0	0	
186	43	8	0	6	16	2	0	0	0	0	0	0	0	0	
187	43	0	4	6	16	2	0	0	0	0	0	0	0	0	
188	43	8	12	6	16	2	0	0	0	0	0	0	0	0	
189	43	12	6	6	16	2	0	0	0	0	0	0	0	0	
190	42	6	0	6	16	2	0	0	0	0	0	0	0	0	
191	43	0	6	6	16	2	0	0	0	0	0	0	0	0	
192	42	6	12	6	16	2	0	0	0	0	0	0	0	0	
193	43	12	8	6	16	2	0	0	0	0	0	0	0	0	
194	43	4	0	6	16	2	0	0	0	0	0	0	0	0	
195	43	0	8	6	16	2	0	0	0	0	0	0	0	0	
196	43	4	12	6	16	2	0	0	0	0	0	0	0	0	
197	43	12	10	6	16	2	0	0	0	0	0	0	0	0	
198	43	2	0	6	16	2	0	0	0	0	0	0	0	0	
199	43	0	10	6	16	2	0	0	0	0	0	0	0	0	
200	43	2	12	6	16	2	0	0	0	0	0	0	0	0	
201	43	12	0	6	16	2	0	0	0	0	0	0	0	0	
202	43	0	0	6	16	2	0	0	0	0	0	0	0	0	
203	43	12	12	6	16	2	0	0	0	0	0	0	0	0	
204	43	0	12	6	16	2	0	0	0	0	0	0	0	0	
205	78	8	9	6	16	2	0	0	0	0	0	0	0	0	
206	34	7	5	6	16	2	0	0	0	0	0	0	0	0	
207	77	7	7	6	16	2	0	0	0	0	0	0	0	0	
208	37	6	2	6	16	2	0	0	0	0	0	0	0	0	
209	37	6	10	6	16	2	0	0	0	0	0	0	0	0	
210	77	5	5	6	16	2	0	0	0	0	0	0	0	0	
211	34	5	7	6	16	2	0	0	0	0	0	0	0	0	
212	78	4	3	6	16	2	0	0	0	0	0	0	0	0	
213	32	8	18	-999	-999	2	0	0	0	0	0	0	0	0	
234	234	214	214	218	218	222	222	226	226	230	230	236	236	
234	234	214	214	218	218	222	222	226	226	230	230	236	236	
215	215	NULL	NULL	NULL	NULL	NULL	NULL	NULL	NULL	NULL	NULL	217	217	
215	215	NULL	NULL	NULL	NULL	NULL	NULL	NULL	NULL	NULL	NULL	217	217	
219	219	NULL	NULL	NULL	NULL	NULL	NULL	NULL	238	238	NULL	221	221	
219	219	NULL	NULL	NULL	239	239	240	240	238	238	NULL	221	221	
223	223	241	241	NULL	239	239	240	240	NULL	242	242	225	225	
223	223	241	241	NULL	243	243	244	244	NULL	242	242	225	225	
227	227	NULL	245	245	243	243	244	244	NULL	NULL	NULL	229	229	
227	227	NULL	245	245	NULL	NULL	NULL	NULL	NULL	NULL	NULL	229	229	
231	231	NULL	NULL	NULL	NULL	NULL	NULL	NULL	NULL	NULL	NULL	233	233	
231	231	NULL	NULL	NULL	NULL	NULL	NULL	NULL	NULL	NULL	NULL	233	233	
235	235	216	216	220	220	224	224	228	228	232	232	237	237	
235	235	216	216	220	220	224	224	228	228	232	232	237	237	
214	43	2	0	8	18	2	0	0	0	0	0	0	0	0	
215	43	0	2	8	18	2	0	0	0	0	0	0	0	0	
216	43	2	12	8	18	2	0	0	0	0	0	0	0	0	
217	43	12	2	8	18	2	0	0	0	0	0	0	0	0	
218	43	4	0	8	18	2	0	0	0	0	0	0	0	0	
219	43	0	4	8	18	2	0	0	0	0	0	0	0	0	
220	43	4	12	8	18	2	0	0	0	0	0	0	0	0	
221	43	12	4	8	18	2	0	0	0	0	0	0	0	0	
222	43	6	0	8	18	2	0	0	0	0	0	0	0	0	
223	42	0	6	8	18	2	0	0	0	0	0	0	0	0	
224	43	6	12	8	18	2	0	0	0	0	0	0	0	0	
225	42	12	6	8	18	2	0	0	0	0	0	0	0	0	
226	43	8	0	8	18	2	0	0	0	0	0	0	0	0	
227	43	0	8	8	18	2	0	0	0	0	0	0	0	0	
228	43	8	12	8	18	2	0	0	0	0	0	0	0	0	
229	43	12	8	8	18	2	0	0	0	0	0	0	0	0	
230	43	10	0	8	18	2	0	0	0	0	0	0	0	0	
231	43	0	10	8	18	2	0	0	0	0	0	0	0	0	
232	43	10	12	8	18	2	0	0	0	0	0	0	0	0	
233	43	12	10	8	18	2	0	0	0	0	0	0	0	0	
234	43	0	0	8	18	2	0	0	0	0	0	0	0	0	
235	43	0	12	8	18	2	0	0	0	0	0	0	0	0	
236	43	12	0	8	18	2	0	0	0	0	0	0	0	0	
237	43	12	12	8	18	2	0	0	0	0	0	0	0	0	
238	78	9	4	8	18	2	0	0	0	0	0	0	0	0	
239	34	5	5	8	18	2	0	0	0	0	0	0	0	0	
240	77	7	5	8	18	2	0	0	0	0	0	0	0	0	
241	37	2	6	8	18	2	0	0	0	0	0	0	0	0	
242	37	10	6	8	18	2	0	0	0	0	0	0	0	0	
243	77	5	7	8	18	2	0	0	0	0	0	0	0	0	
244	34	7	7	8	18	2	0	0	0	0	0	0	0	0	
245	78	3	8	8	18	2	0	0	0	0	0	0	0	0	
246	32	10	16	-999	-999	2	0	0	0	0	0	0	0	0	
268	268	264	264	260	260	256	256	252	252	248	248	267	267	
268	268	264	264	260	260	256	256	252	252	248	248	267	267	
249	249	NULL	NULL	NULL	NULL	274	274	NULL	NULL	NULL	NULL	247	247	
249	249	NULL	NULL	278	278	274	274	NULL	NULL	NULL	NULL	247	247	
253	253	NULL	NULL	278	278	NULL	NULL	NULL	NULL	NULL	NULL	251	251	
253	253	NULL	NULL	NULL	276	276	272	272	NULL	NULL	NULL	251	251	
257	257	NULL	NULL	NULL	276	276	272	272	NULL	NULL	NULL	255	255	
257	257	NULL	NULL	NULL	277	277	273	273	NULL	NULL	NULL	255	255	
261	261	NULL	NULL	NULL	277	277	273	273	NULL	NULL	NULL	259	259	
261	261	NULL	NULL	NULL	NULL	NULL	NULL	271	271	NULL	NULL	259	259	
265	265	NULL	NULL	NULL	NULL	275	275	271	271	NULL	NULL	263	263	
265	265	NULL	NULL	NULL	NULL	275	275	NULL	NULL	NULL	NULL	263	263	
270	270	266	266	262	262	258	258	254	254	250	250	269	269	
270	270	266	266	262	262	258	258	254	254	250	250	269	269	
247	43	12	2	10	16	2	0	0	0	0	0	0	0	0	
248	43	10	0	10	16	2	0	0	0	0	0	0	0	0	
249	43	0	2	10	16	2	0	0	0	0	0	0	0	0	
250	43	10	12	10	16	2	0	0	0	0	0	0	0	0	
251	43	12	4	10	16	2	0	0	0	0	0	0	0	0	
252	43	8	0	10	16	2	0	0	0	0	0	0	0	0	
253	43	0	4	10	16	2	0	0	0	0	0	0	0	0	
254	43	8	12	10	16	2	0	0	0	0	0	0	0	0	
255	43	12	6	10	16	2	0	0	0	0	0	0	0	0	
256	42	6	0	10	16	2	0	0	0	0	0	0	0	0	
257	43	0	6	10	16	2	0	0	0	0	0	0	0	0	
258	42	6	12	10	16	2	0	0	0	0	0	0	0	0	
259	43	12	8	10	16	2	0	0	0	0	0	0	0	0	
260	43	4	0	10	16	2	0	0	0	0	0	0	0	0	
261	43	0	8	10	16	2	0	0	0	0	0	0	0	0	
262	43	4	12	10	16	2	0	0	0	0	0	0	0	0	
263	43	12	10	10	16	2	0	0	0	0	0	0	0	0	
264	43	2	0	10	16	2	0	0	0	0	0	0	0	0	
265	43	0	10	10	16	2	0	0	0	0	0	0	0	0	
266	43	2	12	10	16	2	0	0	0	0	0	0	0	0	
267	43	12	0	10	16	2	0	0	0	0	0	0	0	0	
268	43	0	0	10	16	2	0	0	0	0	0	0	0	0	
269	43	12	12	10	16	2	0	0	0	0	0	0	0	0	
270	43	0	12	10	16	2	0	0	0	0	0	0	0	0	
271	78	8	9	10	16	2	0	0	0	0	0	0	0	0	
272	34	7	5	10	16	2	0	0	0	0	0	0	0	0	
273	77	7	7	10	16	2	0	0	0	0	0	0	0	0	
274	37	6	2	10	16	2	0	0	0	0	0	0	0	0	
275	37	6	10	10	16	2	0	0	0	0	0	0	0	0	
276	77	5	5	10	16	2	0	0	0	0	0	0	0	0	
277	34	5	7	10	16	2	0	0	0	0	0	0	0	0	
278	78	4	3	10	16	2	0	0	0	0	0	0	0	0	
279	32	12	14	-999	-999	2	0	0	0	0	0	0	0	0	
300	300	280	280	284	284	288	288	292	292	296	296	302	302	
300	300	280	280	284	284	288	288	292	292	296	296	302	302	
281	281	NULL	NULL	NULL	NULL	NULL	NULL	NULL	NULL	NULL	NULL	283	283	
281	281	NULL	NULL	NULL	NULL	NULL	NULL	NULL	NULL	NULL	NULL	283	283	
285	285	NULL	NULL	NULL	NULL	NULL	NULL	NULL	304	304	NULL	287	287	
285	285	NULL	NULL	NULL	305	305	306	306	304	304	NULL	287	287	
289	289	13	13	NULL	305	305	306	306	NULL	21	21	291	291	
289	289	13	13	NULL	1	1	9	9	NULL	21	21	291	291	
293	293	NULL	30	30	1	1	9	9	NULL	NULL	NULL	295	295	
293	293	NULL	30	30	NULL	NULL	NULL	NULL	NULL	NULL	NULL	295	295	
297	297	NULL	NULL	NULL	NULL	NULL	NULL	NULL	NULL	NULL	NULL	299	299	
297	297	NULL	NULL	NULL	NULL	NULL	NULL	NULL	NULL	NULL	NULL	299	299	
301	301	282	282	286	286	290	290	294	294	298	298	303	303	
301	301	282	282	286	286	290	290	294	294	298	298	303	303	
280	43	2	0	12	14	2	0	0	0	0	0	0	0	0	
281	43	0	2	12	14	2	0	0	0	0	0	0	0	0	
282	43	2	12	12	14	2	0	0	0	0	0	0	0	0	
283	43	12	2	12	14	2	0	0	0	0	0	0	0	0	
284	43	4	0	12	14	2	0	0	0	0	0	0	0	0	
285	43	0	4	12	14	2	0	0	0	0	0	0	0	0	
286	43	4	12	12	14	2	0	0	0	0	0	0	0	0	
287	43	12	4	12	14	2	0	0	0	0	0	0	0	0	
288	43	6	0	12	14	2	0	0	0	0	0	0	0	0	
289	42	0	6	12	14	2	0	0	0	0	0	0	0	0	
290	43	6	12	12	14	2	0	0	0	0	0	0	0	0	
291	42	12	6	12	14	2	0	0	0	0	0	0	0	0	
292	43	8	0	12	14	2	0	0	0	0	0	0	0	0	
293	43	0	8	12	14	2	0	0	0	0	0	0	0	0	
294	43	8	12	12	14	2	0	0	0	0	0	0	0	0	
295	43	12	8	12	14	2	0	0	0	0	0	0	0	0	
296	43	10	0	12	14	2	0	0	0	0	0	0	0	0	
297	43	0	10	12	14	2	0	0	0	0	0	0	0	0	
298	43	10	12	12	14	2	0	0	0	0	0	0	0	0	
299	43	12	10	12	14	2	0	0	0	0	0	0	0	0	
300	43	0	0	12	14	2	0	0	0	0	0	0	0	0	
301	43	0	12	12	14	2	0	0	0	0	0	0	0	0	
302	43	12	0	12	14	2	0	0	0	0	0	0	0	0	
303	43	12	12	12	14	2	0	0	0	0	0	0	0	0	
304	78	9	4	12	14	2	0	0	0	0	0	0	0	0	
305	34	5	5	12	14	2	0	0	0	0	0	0	0	0	
306	77	7	5	12	14	2	0	0	0	0	0	0	0	0	
NULL	NULL	NULL	NULL	NULL	NULL	NULL	NULL	NULL	NULL	NULL	NULL	NULL	NULL	NULL	NULL	NULL	NULL	NULL	NULL	NULL	NULL	NULL	NULL	
NULL	NULL	NULL	NULL	NULL	NULL	NULL	NULL	NULL	NULL	NULL	NULL	NULL	NULL	NULL	NULL	NULL	NULL	NULL	NULL	NULL	NULL	NULL	NULL	
NULL	NULL	NULL	NULL	NULL	NULL	NULL	NULL	NULL	NULL	NULL	NULL	NULL	NULL	NULL	NULL	NULL	NULL	NULL	NULL	NULL	NULL	NULL	NULL	
NULL	NULL	NULL	NULL	NULL	NULL	NULL	NULL	NULL	NULL	NULL	NULL	NULL	NULL	NULL	NULL	NULL	NULL	NULL	NULL	NULL	NULL	NULL	NULL	
NULL	NULL	NULL	NULL	NULL	NULL	NULL	NULL	NULL	NULL	NULL	NULL	NULL	NULL	NULL	NULL	NULL	NULL	NULL	NULL	NULL	NULL	NULL	NULL	
NULL	NULL	NULL	NULL	NULL	NULL	NULL	NULL	NULL	NULL	NULL	NULL	NULL	NULL	NULL	NULL	NULL	NULL	NULL	NULL	NULL	NULL	NULL	NULL	
NULL	NULL	NULL	NULL	NULL	NULL	NULL	NULL	NULL	NULL	NULL	NULL	NULL	NULL	NULL	NULL	NULL	NULL	NULL	NULL	NULL	NULL	NULL	NULL	
NULL	NULL	NULL	NULL	NULL	NULL	NULL	NULL	NULL	NULL	NULL	NULL	NULL	NULL	NULL	NULL	NULL	NULL	NULL	NULL	NULL	NULL	NULL	NULL	
NULL	NULL	NULL	NULL	NULL	NULL	NULL	NULL	NULL	NULL	NULL	NULL	NULL	NULL	NULL	NULL	NULL	NULL	NULL	NULL	NULL	NULL	NULL	NULL	
NULL	NULL	NULL	NULL	NULL	NULL	NULL	NULL	NULL	NULL	NULL	NULL	NULL	NULL	NULL	NULL	NULL	NULL	NULL	NULL	NULL	NULL	NULL	NULL	
133	133	59	59	55	55	131	131	81	81	135	135	139	139	110	110	128	128	113	113	119	119	109	109	
133	133	59	59	55	55	131	131	81	81	135	135	139	139	110	110	128	128	113	113	119	119	109	109	
NULL	NULL	53	53	72	72	93	93	108	108	44	44	63	63	144	144	5	5	100	100	98	98	28	28	
70	70	53	53	72	72	93	93	108	108	44	44	63	63	144	144	5	5	100	100	98	98	28	28	
70	70	136	136	147	147	141	141	126	126	84	84	279	279	145	145	121	121	103	103	102	102	90	90	
51	51	136	136	147	147	141	141	126	126	84	84	279	279	145	145	121	121	103	103	102	102	90	90	
51	51	132	132	137	137	180	180	127	127	246	246	123	123	38	38	104	104	27	27	99	99	17	17	
NULL	NULL	132	132	137	137	180	180	127	127	246	246	123	123	38	38	104	104	27	27	99	99	17	17	
118	118	112	112	67	67	82	82	213	213	88	88	106	106	68	68	91	91	143	143	105	105	101	101	
118	118	112	112	67	67	82	82	213	213	88	88	106	106	68	68	91	91	143	143	105	105	101	101	
116	116	114	114	146	146	129	129	125	125	48	48	124	124	140	140	122	122	95	95	107	107	97	97	
116	116	114	114	146	146	129	129	125	125	48	48	124	124	140	140	122	122	95	95	107	107	97	97	
134	134	138	138	142	142	130	130	86	86	23	23	92	92	96	96	120	120	115	115	111	111	117	117	
134	134	138	138	142	142	130	130	86	86	23	23	92	92	96	96	120	120	115	115	111	111	117	117	
