0.611765 0.568627 0.156863
0.678431 0.796079 0.662745
0.580392 0.572549 0.0901961
0.2 0.372549 0.180392
0.231373 0.533333 0.211765
0.827451 0.827451 0.380392
0.564706 0.533333 0.113725
0.733333 0.8 0.729412
0.619608 0.760784 0.588235
0.713726 0.733333 0.47451
0.219608 0.34902 0.0392157
0.223529 0.435294 0.239216
0.270588 0.635294 0.321569
0.443137 0.678431 0.478431
0.211765 0.623529 0.156863
0.129412 0.384314 0.117647
0.282353 0.631373 0.278431
0.160784 0.384314 0.168627
0.596078 0.588235 0.145098
0.172549 0.360784 0.203922
0.317647 0.321569 0.164706
0.4 0.372549 0.207843
0.447059 0.396078 0.223529
0.298039 0.384314 0.141176
0.54902 0.435294 0.262745
0.494118 0.423529 0.235294
0.364706 0.368627 0.203922
0.811765 0.811765 0.419608
0.811765 0.811765 0.419608
0.831373 0.831373 0.505882
0.839216 0.839216 0.435294
0.901961 0.901961 0.764706
0.843137 0.843137 0.537255
0.643137 0.541176 0.0980392
0.752941 0.839216 0.756863
0.552941 0.52549 0.105882
0.870588 0.870588 0.447059
0.996078 0.996078 0.988235
0.670588 0.733333 0.388235
