1449	1
false	true	true	true	true	true	true	true	true	true	true	true	false	true	true	true	true	true	true	true	true	true	true	true	true	true	true	true	true	true	true	true	true	true	true	true	true	true	true	true	false	true	true	true	true	true	true	true	true	true	true	true	true	true	true	true	true	true	true	true	true	true	true	true	true	true	true	true	false	true	true	true	true	true	true	true	true	true	true	true	true	true	true	true	true	true	true	true	true	true	true	true	true	true	true	
0	32	0	0	-999	-999	2	0	0	0	0	0	0	0	0	1	
21	21	1	1	5	5	9	9	13	13	17	17	23	23	
21	21	1	1	5	5	9	9	13	13	17	17	23	23	
2	2	1441	1441	1442	1442	1443	1443	1444	1444	1445	1445	4	4	
2	2	1441	1441	1442	1442	1443	1443	1444	1444	1445	1445	4	4	
6	6	1440	1440	NULL	NULL	NULL	NULL	NULL	NULL	838	838	8	8	
6	6	1440	1440	NULL	NULL	NULL	NULL	1448	1448	838	838	8	8	
10	10	831	831	1439	1439	1447	1447	1448	1448	NULL	NULL	12	12	
10	10	831	831	1439	1439	1447	1447	1446	1446	NULL	NULL	12	12	
14	14	832	832	NULL	NULL	NULL	NULL	1446	1446	837	837	16	16	
14	14	832	832	NULL	NULL	NULL	NULL	NULL	NULL	837	837	16	16	
18	18	833	833	834	834	835	835	836	836	842	842	20	20	
18	18	833	833	834	834	835	835	836	836	842	842	20	20	
22	22	3	3	7	7	11	11	15	15	19	19	24	24	
22	22	3	3	7	7	11	11	15	15	19	19	24	24	
1	43	2	0	0	0	2	0	0	0	0	0	0	0	0	1	
2	43	0	2	0	0	2	0	0	0	0	0	0	0	0	1	
3	43	2	12	0	0	2	0	0	0	0	0	0	0	0	1	
4	43	12	2	0	0	2	0	0	0	0	0	0	0	0	1	
5	43	4	0	0	0	2	0	0	0	0	0	0	0	0	1	
6	43	0	4	0	0	2	0	0	0	0	0	0	0	0	1	
7	43	4	12	0	0	2	0	0	0	0	0	0	0	0	1	
8	43	12	4	0	0	2	0	0	0	0	0	0	0	0	1	
9	43	6	0	0	0	2	0	0	0	0	0	0	0	0	1	
10	43	0	6	0	0	2	0	0	0	0	0	0	0	0	1	
11	43	6	12	0	0	2	0	0	0	0	0	0	0	0	1	
12	43	12	6	0	0	2	0	0	0	0	0	0	0	0	1	
13	43	8	0	0	0	2	0	0	0	0	0	0	0	0	1	
14	43	0	8	0	0	2	0	0	0	0	0	0	0	0	1	
15	43	8	12	0	0	2	0	0	0	0	0	0	0	0	1	
16	43	12	8	0	0	2	0	0	0	0	0	0	0	0	1	
17	43	10	0	0	0	2	0	0	0	0	0	0	0	0	1	
18	43	0	10	0	0	2	0	0	0	0	0	0	0	0	1	
19	43	10	12	0	0	2	0	0	0	0	0	0	0	0	1	
20	43	12	10	0	0	2	0	0	0	0	0	0	0	0	1	
21	43	0	0	0	0	2	0	0	0	0	0	0	0	0	1	
22	43	0	12	0	0	2	0	0	0	0	0	0	0	0	1	
23	43	12	0	0	0	2	0	0	0	0	0	0	0	0	1	
24	43	12	12	0	0	2	0	0	0	0	0	0	0	0	1	
25	23	8	12	-999	-999	2	0	0	0	0	0	0	0	0	1	
26	26	4	12	-999	-999	2	0	0	0	0	0	0	0	0	1	
27	25	6	12	-999	-999	2	0	0	0	0	0	0	0	0	1	
28	23	2	12	-999	-999	2	0	0	0	0	0	0	0	0	1	
29	24	0	12	-999	-999	2	0	0	0	0	0	0	0	0	1	
30	43	0	0	20	22	2	0	0	0	0	0	0	0	0	1	
31	43	10	12	22	22	2	0	0	0	0	0	0	0	0	1	
32	43	12	10	20	22	2	0	0	0	0	0	0	0	0	1	
33	43	8	12	20	22	2	0	0	0	0	0	0	0	0	1	
34	43	10	12	20	22	2	0	0	0	0	0	0	0	0	1	
35	43	12	10	22	22	2	0	0	0	0	0	0	0	0	1	
36	43	0	10	20	22	2	0	0	0	0	0	0	0	0	1	
37	43	12	4	20	22	2	0	0	0	0	0	0	0	0	1	
38	43	0	4	20	22	2	0	0	0	0	0	0	0	0	1	
39	43	0	0	22	22	2	0	0	0	0	0	0	0	0	1	
40	39	8	6	20	22	2	0	0	0	0	0	0	0	0	1	
41	43	12	8	20	22	2	0	0	0	0	0	0	0	0	1	
42	42	12	6	20	22	2	0	0	0	0	0	0	0	0	1	
43	43	0	12	22	22	2	0	0	0	0	0	0	0	0	1	
44	43	12	2	22	22	2	0	0	0	0	0	0	0	0	1	
45	32	22	22	-999	-999	2	0	0	0	0	0	0	0	0	1	
39	39	89	89	55	55	66	66	75	75	67	67	65	65	
39	39	89	89	55	55	66	66	75	75	67	67	65	65	
85	85	NULL	NULL	NULL	NULL	NULL	NULL	NULL	NULL	NULL	NULL	44	44	
85	85	NULL	NULL	NULL	NULL	NULL	NULL	NULL	NULL	NULL	NULL	44	44	
79	79	NULL	61	61	NULL	NULL	NULL	NULL	NULL	NULL	NULL	70	70	
79	79	NULL	61	61	59	59	57	57	NULL	NULL	NULL	70	70	
62	62	78	78	NULL	59	59	57	57	NULL	72	72	77	77	
62	62	78	78	NULL	68	68	64	64	NULL	72	72	77	77	
73	73	NULL	NULL	NULL	68	68	64	64	60	60	NULL	69	69	
73	73	NULL	NULL	NULL	NULL	NULL	NULL	NULL	60	60	NULL	69	69	
51	51	NULL	NULL	NULL	NULL	NULL	NULL	NULL	NULL	NULL	NULL	35	35	
51	51	NULL	NULL	NULL	NULL	NULL	NULL	NULL	NULL	NULL	NULL	35	35	
43	43	81	81	74	74	58	58	71	71	31	31	63	63	
43	43	81	81	74	74	58	58	71	71	31	31	63	63	
46	43	8	0	20	22	2	0	0	0	0	0	0	0	0	1	
47	39	4	6	20	22	2	0	0	0	0	0	0	0	0	1	
48	43	4	12	20	22	2	0	0	0	0	0	0	0	0	1	
49	43	10	0	20	22	2	0	0	0	0	0	0	0	0	1	
50	43	0	8	20	22	2	0	0	0	0	0	0	0	0	1	
51	43	0	10	22	22	2	0	0	0	0	0	0	0	0	1	
52	39	10	6	20	22	2	0	0	0	0	0	0	0	0	1	
53	43	12	0	20	22	2	0	0	0	0	0	0	0	0	1	
54	43	6	0	20	22	2	0	0	0	0	0	0	0	0	1	
55	43	4	0	22	22	2	0	0	0	0	0	0	0	0	1	
56	39	6	6	18	22	2	0	0	0	0	0	0	0	0	1	
57	34	7	5	22	22	2	0	0	0	0	0	0	0	0	1	
58	43	6	12	22	22	2	0	0	0	0	0	0	0	0	1	
59	77	5	5	22	22	2	0	0	0	0	0	0	0	0	1	
60	78	9	8	22	22	2	0	0	0	0	0	0	0	0	1	
61	78	3	4	22	22	2	0	0	0	0	0	0	0	0	1	
62	42	0	6	22	22	2	0	0	0	0	0	0	0	0	1	
63	43	12	12	22	22	2	0	0	0	0	0	0	0	0	1	
64	77	7	7	22	22	2	0	0	0	0	0	0	0	0	1	
65	43	12	0	22	22	2	0	0	0	0	0	0	0	0	1	
66	43	6	0	22	22	2	0	0	0	0	0	0	0	0	1	
67	43	10	0	22	22	2	0	0	0	0	0	0	0	0	1	
68	34	5	7	22	22	2	0	0	0	0	0	0	0	0	1	
69	43	12	8	22	22	2	0	0	0	0	0	0	0	0	1	
70	43	12	4	22	22	2	0	0	0	0	0	0	0	0	1	
71	43	8	12	22	22	2	0	0	0	0	0	0	0	0	1	
72	39	10	6	22	22	2	0	0	0	0	0	0	0	0	1	
73	43	0	8	22	22	2	0	0	0	0	0	0	0	0	1	
74	43	4	12	22	22	2	0	0	0	0	0	0	0	0	1	
75	43	8	0	22	22	2	0	0	0	0	0	0	0	0	1	
76	42	6	0	14	22	2	0	0	0	0	0	0	0	0	1	
77	42	12	6	22	22	2	0	0	0	0	0	0	0	0	1	
78	39	2	6	22	22	2	0	0	0	0	0	0	0	0	1	
79	43	0	4	22	22	2	0	0	0	0	0	0	0	0	1	
80	43	4	0	20	22	2	0	0	0	0	0	0	0	0	1	
81	43	2	12	22	22	2	0	0	0	0	0	0	0	0	1	
82	39	6	6	20	22	2	0	0	0	0	0	0	0	0	1	
83	43	6	12	20	22	2	0	0	0	0	0	0	0	0	1	
84	39	2	6	20	22	2	0	0	0	0	0	0	0	0	1	
85	43	0	2	22	22	2	0	0	0	0	0	0	0	0	1	
86	43	12	12	20	22	2	0	0	0	0	0	0	0	0	1	
87	42	0	6	20	22	2	0	0	0	0	0	0	0	0	1	
88	43	0	12	20	22	2	0	0	0	0	0	0	0	0	1	
89	43	2	0	22	22	2	0	0	0	0	0	0	0	0	1	
90	32	8	4	-999	-999	2	0	0	0	0	0	0	0	0	1	
120	120	114	114	97	97	116	116	104	104	98	98	113	113	
120	120	114	114	97	97	116	116	104	104	98	98	113	113	
109	109	NULL	NULL	NULL	NULL	103	103	NULL	NULL	NULL	NULL	101	101	
109	109	NULL	NULL	NULL	NULL	103	103	NULL	NULL	NULL	NULL	101	101	
93	93	NULL	NULL	NULL	NULL	99	99	NULL	NULL	NULL	NULL	110	110	
93	93	NULL	NULL	NULL	NULL	99	99	NULL	NULL	NULL	NULL	110	110	
108	108	NULL	NULL	NULL	NULL	95	95	NULL	NULL	NULL	NULL	117	117	
108	108	NULL	NULL	NULL	NULL	95	95	NULL	NULL	NULL	NULL	117	117	
102	102	NULL	NULL	NULL	NULL	91	91	NULL	NULL	NULL	NULL	100	100	
102	102	NULL	NULL	NULL	NULL	91	91	NULL	NULL	NULL	NULL	100	100	
119	119	NULL	NULL	NULL	NULL	111	111	NULL	NULL	NULL	NULL	94	94	
119	119	NULL	NULL	NULL	NULL	111	111	NULL	NULL	NULL	NULL	94	94	
92	92	105	105	112	112	106	106	118	118	96	96	107	107	
92	92	105	105	112	112	106	106	118	118	96	96	107	107	
91	34	6	8	8	4	2	0	0	0	0	0	0	0	0	1	
92	43	0	12	8	4	2	0	0	0	0	0	0	0	0	1	
93	43	0	4	8	4	2	0	0	0	0	0	0	0	0	1	
94	43	12	10	8	4	2	0	0	0	0	0	0	0	0	1	
95	37	6	6	8	4	2	0	0	0	0	0	0	0	0	1	
96	43	10	12	8	4	2	0	0	0	0	0	0	0	0	1	
97	43	4	0	8	4	2	0	0	0	0	0	0	0	0	1	
98	43	10	0	8	4	2	0	0	0	0	0	0	0	0	1	
99	37	6	4	8	4	2	0	0	0	0	0	0	0	0	1	
100	43	12	8	8	4	2	0	0	0	0	0	0	0	0	1	
101	43	12	2	8	4	2	0	0	0	0	0	0	0	0	1	
102	43	0	8	8	4	2	0	0	0	0	0	0	0	0	1	
103	37	6	2	8	4	2	0	0	0	0	0	0	0	0	1	
104	43	8	0	8	4	2	0	0	0	0	0	0	0	0	1	
105	43	2	12	8	4	2	0	0	0	0	0	0	0	0	1	
106	42	6	12	8	4	2	0	0	0	0	0	0	0	0	1	
107	43	12	12	8	4	2	0	0	0	0	0	0	0	0	1	
108	43	0	6	8	4	2	0	0	0	0	0	0	0	0	1	
109	43	0	2	8	4	2	0	0	0	0	0	0	0	0	1	
110	43	12	4	8	4	2	0	0	0	0	0	0	0	0	1	
111	55	6	10	8	4	2	0	0	0	0	0	0	0	0	1	
112	43	4	12	8	4	2	0	0	0	0	0	0	0	0	1	
113	43	12	0	8	4	2	0	0	0	0	0	0	0	0	1	
114	43	2	0	8	4	2	0	0	0	0	0	0	0	0	1	
115	17	12	20	-999	-999	2	0	0	0	0	0	0	0	0	1	
116	42	6	0	8	4	2	0	0	0	0	0	0	0	0	1	
117	43	12	6	8	4	2	0	0	0	0	0	0	0	0	1	
118	43	8	12	8	4	2	0	0	0	0	0	0	0	0	1	
119	43	0	10	8	4	2	0	0	0	0	0	0	0	0	1	
120	43	0	0	8	4	2	0	0	0	0	0	0	0	0	1	
121	32	10	4	-999	-999	2	0	0	0	0	0	0	0	0	1	
134	134	138	138	143	143	142	142	133	133	141	141	144	144	
134	134	138	138	143	143	142	142	133	133	141	141	144	144	
127	127	NULL	NULL	NULL	NULL	135	135	NULL	NULL	NULL	NULL	137	137	
127	127	NULL	NULL	NULL	NULL	135	135	NULL	NULL	NULL	NULL	137	137	
136	136	NULL	NULL	NULL	NULL	150	150	NULL	NULL	NULL	NULL	125	125	
136	136	NULL	NULL	NULL	NULL	150	150	NULL	NULL	NULL	NULL	125	125	
147	147	NULL	NULL	NULL	NULL	128	128	NULL	NULL	NULL	NULL	122	122	
147	147	NULL	NULL	NULL	NULL	128	128	NULL	NULL	NULL	NULL	122	122	
149	149	NULL	NULL	NULL	NULL	145	145	NULL	NULL	NULL	NULL	139	139	
149	149	NULL	NULL	NULL	NULL	145	145	NULL	NULL	NULL	NULL	139	139	
130	130	NULL	NULL	NULL	NULL	146	146	NULL	NULL	NULL	NULL	132	132	
130	130	NULL	NULL	NULL	NULL	146	146	NULL	NULL	NULL	NULL	132	132	
140	140	148	148	123	123	131	131	126	126	124	124	129	129	
140	140	148	148	123	123	131	131	126	126	124	124	129	129	
122	43	12	6	10	4	2	0	0	0	0	0	0	0	0	1	
123	43	4	12	10	4	2	0	0	0	0	0	0	0	0	1	
124	43	10	12	10	4	2	0	0	0	0	0	0	0	0	1	
125	43	12	4	10	4	2	0	0	0	0	0	0	0	0	1	
126	43	8	12	10	4	2	0	0	0	0	0	0	0	0	1	
127	43	0	2	10	4	2	0	0	0	0	0	0	0	0	1	
128	37	6	6	10	4	2	0	0	0	0	0	0	0	0	1	
129	43	12	12	10	4	2	0	0	0	0	0	0	0	0	1	
130	43	0	10	10	4	2	0	0	0	0	0	0	0	0	1	
131	42	6	12	10	4	2	0	0	0	0	0	0	0	0	1	
132	43	12	10	10	4	2	0	0	0	0	0	0	0	0	1	
133	43	8	0	10	4	2	0	0	0	0	0	0	0	0	1	
134	43	0	0	10	4	2	0	0	0	0	0	0	0	0	1	
135	37	6	2	10	4	2	0	0	0	0	0	0	0	0	1	
136	43	0	4	10	4	2	0	0	0	0	0	0	0	0	1	
137	43	12	2	10	4	2	0	0	0	0	0	0	0	0	1	
138	43	2	0	10	4	2	0	0	0	0	0	0	0	0	1	
139	43	12	8	10	4	2	0	0	0	0	0	0	0	0	1	
140	43	0	12	10	4	2	0	0	0	0	0	0	0	0	1	
141	43	10	0	10	4	2	0	0	0	0	0	0	0	0	1	
142	42	6	0	10	4	2	0	0	0	0	0	0	0	0	1	
143	43	4	0	10	4	2	0	0	0	0	0	0	0	0	1	
144	43	12	0	10	4	2	0	0	0	0	0	0	0	0	1	
145	34	6	8	10	4	2	0	0	0	0	0	0	0	0	1	
146	55	6	10	10	4	2	0	0	0	0	0	0	0	0	1	
147	43	0	6	10	4	2	0	0	0	0	0	0	0	0	1	
148	43	2	12	10	4	2	0	0	0	0	0	0	0	0	1	
149	43	0	8	10	4	2	0	0	0	0	0	0	0	0	1	
150	37	6	4	10	4	2	0	0	0	0	0	0	0	0	1	
151	32	6	4	-999	-999	2	0	0	0	0	0	0	0	0	1	
176	176	175	175	158	158	180	180	165	165	159	159	174	174	
176	176	175	175	158	158	180	180	165	165	159	159	174	174	
170	170	NULL	NULL	NULL	NULL	164	164	NULL	NULL	NULL	NULL	162	162	
170	170	NULL	NULL	NULL	NULL	164	164	NULL	NULL	NULL	NULL	162	162	
154	154	NULL	NULL	NULL	NULL	160	160	NULL	NULL	NULL	NULL	171	171	
154	154	NULL	NULL	NULL	NULL	160	160	NULL	NULL	NULL	NULL	171	171	
169	169	NULL	NULL	NULL	NULL	156	156	NULL	NULL	NULL	NULL	179	179	
169	169	NULL	NULL	NULL	NULL	156	156	NULL	NULL	NULL	NULL	179	179	
163	163	NULL	NULL	NULL	NULL	152	152	NULL	NULL	NULL	NULL	161	161	
163	163	NULL	NULL	NULL	NULL	152	152	NULL	NULL	NULL	NULL	161	161	
177	177	NULL	NULL	NULL	NULL	172	172	NULL	NULL	NULL	NULL	155	155	
177	177	NULL	NULL	NULL	NULL	172	172	NULL	NULL	NULL	NULL	155	155	
153	153	166	166	173	173	167	167	178	178	157	157	168	168	
153	153	166	166	173	173	167	167	178	178	157	157	168	168	
152	34	6	8	6	4	2	0	0	0	0	0	0	0	0	1	
153	43	0	12	6	4	2	0	0	0	0	0	0	0	0	1	
154	43	0	4	6	4	2	0	0	0	0	0	0	0	0	1	
155	43	12	10	6	4	2	0	0	0	0	0	0	0	0	1	
156	37	6	6	6	4	2	0	0	0	0	0	0	0	0	1	
157	43	10	12	6	4	2	0	0	0	0	0	0	0	0	1	
158	43	4	0	6	4	2	0	0	0	0	0	0	0	0	1	
159	43	10	0	6	4	2	0	0	0	0	0	0	0	0	1	
160	37	6	4	6	4	2	0	0	0	0	0	0	0	0	1	
161	43	12	8	6	4	2	0	0	0	0	0	0	0	0	1	
162	43	12	2	6	4	2	0	0	0	0	0	0	0	0	1	
163	43	0	8	6	4	2	0	0	0	0	0	0	0	0	1	
164	37	6	2	6	4	2	0	0	0	0	0	0	0	0	1	
165	43	8	0	6	4	2	0	0	0	0	0	0	0	0	1	
166	43	2	12	6	4	2	0	0	0	0	0	0	0	0	1	
167	42	6	12	6	4	2	0	0	0	0	0	0	0	0	1	
168	43	12	12	6	4	2	0	0	0	0	0	0	0	0	1	
169	43	0	6	6	4	2	0	0	0	0	0	0	0	0	1	
170	43	0	2	6	4	2	0	0	0	0	0	0	0	0	1	
171	43	12	4	6	4	2	0	0	0	0	0	0	0	0	1	
172	55	6	10	6	4	2	0	0	0	0	0	0	0	0	1	
173	43	4	12	6	4	2	0	0	0	0	0	0	0	0	1	
174	43	12	0	6	4	2	0	0	0	0	0	0	0	0	1	
175	43	2	0	6	4	2	0	0	0	0	0	0	0	0	1	
176	43	0	0	6	4	2	0	0	0	0	0	0	0	0	1	
177	43	0	10	6	4	2	0	0	0	0	0	0	0	0	1	
178	43	8	12	6	4	2	0	0	0	0	0	0	0	0	1	
179	43	12	6	6	4	2	0	0	0	0	0	0	0	0	1	
180	42	6	0	6	4	2	0	0	0	0	0	0	0	0	1	
181	32	4	4	-999	-999	2	0	0	0	0	0	0	0	0	1	
206	206	205	205	188	188	210	210	195	195	189	189	204	204	
206	206	205	205	188	188	210	210	195	195	189	189	204	204	
200	200	NULL	NULL	NULL	NULL	194	194	NULL	NULL	NULL	NULL	192	192	
200	200	NULL	NULL	NULL	NULL	194	194	NULL	NULL	NULL	NULL	192	192	
184	184	NULL	NULL	NULL	NULL	190	190	NULL	NULL	NULL	NULL	201	201	
184	184	NULL	NULL	NULL	NULL	190	190	NULL	NULL	NULL	NULL	201	201	
199	199	NULL	NULL	NULL	NULL	186	186	NULL	NULL	NULL	NULL	209	209	
199	199	NULL	NULL	NULL	NULL	186	186	NULL	NULL	NULL	NULL	209	209	
193	193	NULL	NULL	NULL	NULL	182	182	NULL	NULL	NULL	NULL	191	191	
193	193	NULL	NULL	NULL	NULL	182	182	NULL	NULL	NULL	NULL	191	191	
207	207	NULL	NULL	NULL	NULL	202	202	NULL	NULL	NULL	NULL	185	185	
207	207	NULL	NULL	NULL	NULL	202	202	NULL	NULL	NULL	NULL	185	185	
183	183	196	196	203	203	197	197	208	208	187	187	198	198	
183	183	196	196	203	203	197	197	208	208	187	187	198	198	
182	34	6	8	4	4	2	0	0	0	0	0	0	0	0	1	
183	43	0	12	4	4	2	0	0	0	0	0	0	0	0	1	
184	43	0	4	4	4	2	0	0	0	0	0	0	0	0	1	
185	43	12	10	4	4	2	0	0	0	0	0	0	0	0	1	
186	37	6	6	4	4	2	0	0	0	0	0	0	0	0	1	
187	43	10	12	4	4	2	0	0	0	0	0	0	0	0	1	
188	43	4	0	4	4	2	0	0	0	0	0	0	0	0	1	
189	43	10	0	4	4	2	0	0	0	0	0	0	0	0	1	
190	37	6	4	4	4	2	0	0	0	0	0	0	0	0	1	
191	43	12	8	4	4	2	0	0	0	0	0	0	0	0	1	
192	43	12	2	4	4	2	0	0	0	0	0	0	0	0	1	
193	43	0	8	4	4	2	0	0	0	0	0	0	0	0	1	
194	37	6	2	4	4	2	0	0	0	0	0	0	0	0	1	
195	43	8	0	4	4	2	0	0	0	0	0	0	0	0	1	
196	43	2	12	4	4	2	0	0	0	0	0	0	0	0	1	
197	42	6	12	4	4	2	0	0	0	0	0	0	0	0	1	
198	43	12	12	4	4	2	0	0	0	0	0	0	0	0	1	
199	43	0	6	4	4	2	0	0	0	0	0	0	0	0	1	
200	43	0	2	4	4	2	0	0	0	0	0	0	0	0	1	
201	43	12	4	4	4	2	0	0	0	0	0	0	0	0	1	
202	55	6	10	4	4	2	0	0	0	0	0	0	0	0	1	
203	43	4	12	4	4	2	0	0	0	0	0	0	0	0	1	
204	43	12	0	4	4	2	0	0	0	0	0	0	0	0	1	
205	43	2	0	4	4	2	0	0	0	0	0	0	0	0	1	
206	43	0	0	4	4	2	0	0	0	0	0	0	0	0	1	
207	43	0	10	4	4	2	0	0	0	0	0	0	0	0	1	
208	43	8	12	4	4	2	0	0	0	0	0	0	0	0	1	
209	43	12	6	4	4	2	0	0	0	0	0	0	0	0	1	
210	42	6	0	4	4	2	0	0	0	0	0	0	0	0	1	
211	32	2	4	-999	-999	2	0	0	0	0	0	0	0	0	1	
236	236	235	235	218	218	240	240	225	225	219	219	234	234	
236	236	235	235	218	218	240	240	225	225	219	219	234	234	
230	230	NULL	NULL	NULL	NULL	224	224	NULL	NULL	NULL	NULL	222	222	
230	230	NULL	NULL	NULL	NULL	224	224	NULL	NULL	NULL	NULL	222	222	
214	214	NULL	NULL	NULL	NULL	220	220	NULL	NULL	NULL	NULL	231	231	
214	214	NULL	NULL	NULL	NULL	220	220	NULL	NULL	NULL	NULL	231	231	
229	229	NULL	NULL	NULL	NULL	216	216	NULL	NULL	NULL	NULL	239	239	
229	229	NULL	NULL	NULL	NULL	216	216	NULL	NULL	NULL	NULL	239	239	
223	223	NULL	NULL	NULL	NULL	212	212	NULL	NULL	NULL	NULL	221	221	
223	223	NULL	NULL	NULL	NULL	212	212	NULL	NULL	NULL	NULL	221	221	
237	237	NULL	NULL	NULL	NULL	232	232	NULL	NULL	NULL	NULL	215	215	
237	237	NULL	NULL	NULL	NULL	232	232	NULL	NULL	NULL	NULL	215	215	
213	213	226	226	233	233	227	227	238	238	217	217	228	228	
213	213	226	226	233	233	227	227	238	238	217	217	228	228	
212	34	6	8	2	4	2	0	0	0	0	0	0	0	0	1	
213	43	0	12	2	4	2	0	0	0	0	0	0	0	0	1	
214	43	0	4	2	4	2	0	0	0	0	0	0	0	0	1	
215	43	12	10	2	4	2	0	0	0	0	0	0	0	0	1	
216	37	6	6	2	4	2	0	0	0	0	0	0	0	0	1	
217	43	10	12	2	4	2	0	0	0	0	0	0	0	0	1	
218	43	4	0	2	4	2	0	0	0	0	0	0	0	0	1	
219	43	10	0	2	4	2	0	0	0	0	0	0	0	0	1	
220	37	6	4	2	4	2	0	0	0	0	0	0	0	0	1	
221	43	12	8	2	4	2	0	0	0	0	0	0	0	0	1	
222	43	12	2	2	4	2	0	0	0	0	0	0	0	0	1	
223	43	0	8	2	4	2	0	0	0	0	0	0	0	0	1	
224	37	6	2	2	4	2	0	0	0	0	0	0	0	0	1	
225	43	8	0	2	4	2	0	0	0	0	0	0	0	0	1	
226	43	2	12	2	4	2	0	0	0	0	0	0	0	0	1	
227	42	6	12	2	4	2	0	0	0	0	0	0	0	0	1	
228	43	12	12	2	4	2	0	0	0	0	0	0	0	0	1	
229	43	0	6	2	4	2	0	0	0	0	0	0	0	0	1	
230	43	0	2	2	4	2	0	0	0	0	0	0	0	0	1	
231	43	12	4	2	4	2	0	0	0	0	0	0	0	0	1	
232	55	6	10	2	4	2	0	0	0	0	0	0	0	0	1	
233	43	4	12	2	4	2	0	0	0	0	0	0	0	0	1	
234	43	12	0	2	4	2	0	0	0	0	0	0	0	0	1	
235	43	2	0	2	4	2	0	0	0	0	0	0	0	0	1	
236	43	0	0	2	4	2	0	0	0	0	0	0	0	0	1	
237	43	0	10	2	4	2	0	0	0	0	0	0	0	0	1	
238	43	8	12	2	4	2	0	0	0	0	0	0	0	0	1	
239	43	12	6	2	4	2	0	0	0	0	0	0	0	0	1	
240	42	6	0	2	4	2	0	0	0	0	0	0	0	0	1	
241	32	0	4	-999	-999	2	0	0	0	0	0	0	0	0	1	
266	266	265	265	248	248	270	270	255	255	249	249	264	264	
266	266	265	265	248	248	270	270	255	255	249	249	264	264	
260	260	NULL	NULL	NULL	NULL	254	254	NULL	NULL	NULL	NULL	252	252	
260	260	NULL	NULL	NULL	NULL	254	254	NULL	NULL	NULL	NULL	252	252	
244	244	NULL	NULL	NULL	NULL	250	250	NULL	NULL	NULL	NULL	261	261	
244	244	NULL	NULL	NULL	NULL	250	250	NULL	NULL	NULL	NULL	261	261	
259	259	NULL	NULL	NULL	NULL	246	246	NULL	NULL	NULL	NULL	269	269	
259	259	NULL	NULL	NULL	NULL	246	246	NULL	NULL	NULL	NULL	269	269	
253	253	NULL	NULL	NULL	NULL	242	242	NULL	NULL	NULL	NULL	251	251	
253	253	NULL	NULL	NULL	NULL	242	242	NULL	NULL	NULL	NULL	251	251	
267	267	NULL	NULL	NULL	NULL	262	262	NULL	NULL	NULL	NULL	245	245	
267	267	NULL	NULL	NULL	NULL	262	262	NULL	NULL	NULL	NULL	245	245	
243	243	256	256	263	263	257	257	268	268	247	247	258	258	
243	243	256	256	263	263	257	257	268	268	247	247	258	258	
242	34	6	8	0	4	2	0	0	0	0	0	0	0	0	1	
243	43	0	12	0	4	2	0	0	0	0	0	0	0	0	1	
244	43	0	4	0	4	2	0	0	0	0	0	0	0	0	1	
245	43	12	10	0	4	2	0	0	0	0	0	0	0	0	1	
246	37	6	6	0	4	2	0	0	0	0	0	0	0	0	1	
247	43	10	12	0	4	2	0	0	0	0	0	0	0	0	1	
248	43	4	0	0	4	2	0	0	0	0	0	0	0	0	1	
249	43	10	0	0	4	2	0	0	0	0	0	0	0	0	1	
250	37	6	4	0	4	2	0	0	0	0	0	0	0	0	1	
251	43	12	8	0	4	2	0	0	0	0	0	0	0	0	1	
252	43	12	2	0	4	2	0	0	0	0	0	0	0	0	1	
253	43	0	8	0	4	2	0	0	0	0	0	0	0	0	1	
254	37	6	2	0	4	2	0	0	0	0	0	0	0	0	1	
255	43	8	0	0	4	2	0	0	0	0	0	0	0	0	1	
256	43	2	12	0	4	2	0	0	0	0	0	0	0	0	1	
257	42	6	12	0	4	2	0	0	0	0	0	0	0	0	1	
258	43	12	12	0	4	2	0	0	0	0	0	0	0	0	1	
259	43	0	6	0	4	2	0	0	0	0	0	0	0	0	1	
260	43	0	2	0	4	2	0	0	0	0	0	0	0	0	1	
261	43	12	4	0	4	2	0	0	0	0	0	0	0	0	1	
262	55	6	10	0	4	2	0	0	0	0	0	0	0	0	1	
263	43	4	12	0	4	2	0	0	0	0	0	0	0	0	1	
264	43	12	0	0	4	2	0	0	0	0	0	0	0	0	1	
265	43	2	0	0	4	2	0	0	0	0	0	0	0	0	1	
266	43	0	0	0	4	2	0	0	0	0	0	0	0	0	1	
267	43	0	10	0	4	2	0	0	0	0	0	0	0	0	1	
268	43	8	12	0	4	2	0	0	0	0	0	0	0	0	1	
269	43	12	6	0	4	2	0	0	0	0	0	0	0	0	1	
270	42	6	0	0	4	2	0	0	0	0	0	0	0	0	1	
271	32	12	4	-999	-999	2	0	0	0	0	0	0	0	0	1	
296	296	295	295	278	278	300	300	285	285	279	279	294	294	
296	296	295	295	278	278	300	300	285	285	279	279	294	294	
290	290	NULL	NULL	NULL	NULL	284	284	NULL	NULL	NULL	NULL	282	282	
290	290	NULL	NULL	NULL	NULL	284	284	NULL	NULL	NULL	NULL	282	282	
274	274	NULL	NULL	NULL	NULL	280	280	NULL	NULL	NULL	NULL	291	291	
274	274	NULL	NULL	NULL	NULL	280	280	NULL	NULL	NULL	NULL	291	291	
289	289	NULL	NULL	NULL	NULL	276	276	NULL	NULL	NULL	NULL	299	299	
289	289	NULL	NULL	NULL	NULL	276	276	NULL	NULL	NULL	NULL	299	299	
283	283	NULL	NULL	NULL	NULL	272	272	NULL	NULL	NULL	NULL	281	281	
283	283	NULL	NULL	NULL	NULL	272	272	NULL	NULL	NULL	NULL	281	281	
297	297	NULL	NULL	NULL	NULL	292	292	NULL	NULL	NULL	NULL	275	275	
297	297	NULL	NULL	NULL	NULL	292	292	NULL	NULL	NULL	NULL	275	275	
273	273	286	286	293	293	287	287	298	298	277	277	288	288	
273	273	286	286	293	293	287	287	298	298	277	277	288	288	
272	34	6	8	12	4	2	0	0	0	0	0	0	0	0	1	
273	43	0	12	12	4	2	0	0	0	0	0	0	0	0	1	
274	43	0	4	12	4	2	0	0	0	0	0	0	0	0	1	
275	43	12	10	12	4	2	0	0	0	0	0	0	0	0	1	
276	37	6	6	12	4	2	0	0	0	0	0	0	0	0	1	
277	43	10	12	12	4	2	0	0	0	0	0	0	0	0	1	
278	43	4	0	12	4	2	0	0	0	0	0	0	0	0	1	
279	43	10	0	12	4	2	0	0	0	0	0	0	0	0	1	
280	37	6	4	12	4	2	0	0	0	0	0	0	0	0	1	
281	43	12	8	12	4	2	0	0	0	0	0	0	0	0	1	
282	43	12	2	12	4	2	0	0	0	0	0	0	0	0	1	
283	43	0	8	12	4	2	0	0	0	0	0	0	0	0	1	
284	37	6	2	12	4	2	0	0	0	0	0	0	0	0	1	
285	43	8	0	12	4	2	0	0	0	0	0	0	0	0	1	
286	43	2	12	12	4	2	0	0	0	0	0	0	0	0	1	
287	42	6	12	12	4	2	0	0	0	0	0	0	0	0	1	
288	43	12	12	12	4	2	0	0	0	0	0	0	0	0	1	
289	43	0	6	12	4	2	0	0	0	0	0	0	0	0	1	
290	43	0	2	12	4	2	0	0	0	0	0	0	0	0	1	
291	43	12	4	12	4	2	0	0	0	0	0	0	0	0	1	
292	55	6	10	12	4	2	0	0	0	0	0	0	0	0	1	
293	43	4	12	12	4	2	0	0	0	0	0	0	0	0	1	
294	43	12	0	12	4	2	0	0	0	0	0	0	0	0	1	
295	43	2	0	12	4	2	0	0	0	0	0	0	0	0	1	
296	43	0	0	12	4	2	0	0	0	0	0	0	0	0	1	
297	43	0	10	12	4	2	0	0	0	0	0	0	0	0	1	
298	43	8	12	12	4	2	0	0	0	0	0	0	0	0	1	
299	43	12	6	12	4	2	0	0	0	0	0	0	0	0	1	
300	42	6	0	12	4	2	0	0	0	0	0	0	0	0	1	
301	32	14	4	-999	-999	2	0	0	0	0	0	0	0	0	1	
326	326	325	325	308	308	330	330	315	315	309	309	324	324	
326	326	325	325	308	308	330	330	315	315	309	309	324	324	
320	320	NULL	NULL	NULL	NULL	314	314	NULL	NULL	NULL	NULL	312	312	
320	320	NULL	NULL	NULL	NULL	314	314	NULL	NULL	NULL	NULL	312	312	
304	304	NULL	NULL	NULL	NULL	310	310	NULL	NULL	NULL	NULL	321	321	
304	304	NULL	NULL	NULL	NULL	310	310	NULL	NULL	NULL	NULL	321	321	
319	319	NULL	NULL	NULL	NULL	306	306	NULL	NULL	NULL	NULL	329	329	
319	319	NULL	NULL	NULL	NULL	306	306	NULL	NULL	NULL	NULL	329	329	
313	313	NULL	NULL	NULL	NULL	302	302	NULL	NULL	NULL	NULL	311	311	
313	313	NULL	NULL	NULL	NULL	302	302	NULL	NULL	NULL	NULL	311	311	
327	327	NULL	NULL	NULL	NULL	322	322	NULL	NULL	NULL	NULL	305	305	
327	327	NULL	NULL	NULL	NULL	322	322	NULL	NULL	NULL	NULL	305	305	
303	303	316	316	323	323	317	317	328	328	307	307	318	318	
303	303	316	316	323	323	317	317	328	328	307	307	318	318	
302	34	6	8	14	4	2	0	0	0	0	0	0	0	0	1	
303	43	0	12	14	4	2	0	0	0	0	0	0	0	0	1	
304	43	0	4	14	4	2	0	0	0	0	0	0	0	0	1	
305	43	12	10	14	4	2	0	0	0	0	0	0	0	0	1	
306	37	6	6	14	4	2	0	0	0	0	0	0	0	0	1	
307	43	10	12	14	4	2	0	0	0	0	0	0	0	0	1	
308	43	4	0	14	4	2	0	0	0	0	0	0	0	0	1	
309	43	10	0	14	4	2	0	0	0	0	0	0	0	0	1	
310	37	6	4	14	4	2	0	0	0	0	0	0	0	0	1	
311	43	12	8	14	4	2	0	0	0	0	0	0	0	0	1	
312	43	12	2	14	4	2	0	0	0	0	0	0	0	0	1	
313	43	0	8	14	4	2	0	0	0	0	0	0	0	0	1	
314	37	6	2	14	4	2	0	0	0	0	0	0	0	0	1	
315	43	8	0	14	4	2	0	0	0	0	0	0	0	0	1	
316	43	2	12	14	4	2	0	0	0	0	0	0	0	0	1	
317	42	6	12	14	4	2	0	0	0	0	0	0	0	0	1	
318	43	12	12	14	4	2	0	0	0	0	0	0	0	0	1	
319	43	0	6	14	4	2	0	0	0	0	0	0	0	0	1	
320	43	0	2	14	4	2	0	0	0	0	0	0	0	0	1	
321	43	12	4	14	4	2	0	0	0	0	0	0	0	0	1	
322	55	6	10	14	4	2	0	0	0	0	0	0	0	0	1	
323	43	4	12	14	4	2	0	0	0	0	0	0	0	0	1	
324	43	12	0	14	4	2	0	0	0	0	0	0	0	0	1	
325	43	2	0	14	4	2	0	0	0	0	0	0	0	0	1	
326	43	0	0	14	4	2	0	0	0	0	0	0	0	0	1	
327	43	0	10	14	4	2	0	0	0	0	0	0	0	0	1	
328	43	8	12	14	4	2	0	0	0	0	0	0	0	0	1	
329	43	12	6	14	4	2	0	0	0	0	0	0	0	0	1	
330	42	6	0	14	4	2	0	0	0	0	0	0	0	0	1	
331	32	16	16	-999	-999	2	0	0	0	0	0	0	0	0	1	
344	344	348	348	353	353	352	352	343	343	351	351	354	354	
344	344	348	348	353	353	352	352	343	343	351	351	354	354	
337	337	NULL	NULL	NULL	NULL	345	345	NULL	NULL	NULL	NULL	347	347	
337	337	NULL	NULL	NULL	NULL	345	345	NULL	NULL	NULL	NULL	347	347	
346	346	NULL	NULL	NULL	NULL	360	360	NULL	NULL	NULL	NULL	335	335	
346	346	NULL	NULL	NULL	NULL	360	360	NULL	NULL	NULL	NULL	335	335	
357	357	NULL	NULL	NULL	NULL	338	338	NULL	NULL	NULL	NULL	332	332	
357	357	NULL	NULL	NULL	NULL	338	338	NULL	NULL	NULL	NULL	332	332	
359	359	NULL	NULL	NULL	NULL	355	355	NULL	NULL	NULL	NULL	349	349	
359	359	NULL	NULL	NULL	NULL	355	355	NULL	NULL	NULL	NULL	349	349	
340	340	NULL	NULL	NULL	NULL	356	356	NULL	NULL	NULL	NULL	342	342	
340	340	NULL	NULL	NULL	NULL	356	356	NULL	NULL	NULL	NULL	342	342	
350	350	358	358	333	333	341	341	336	336	334	334	339	339	
350	350	358	358	333	333	341	341	336	336	334	334	339	339	
332	43	12	6	16	16	2	0	0	0	0	0	0	0	0	1	
333	43	4	12	16	16	2	0	0	0	0	0	0	0	0	1	
334	43	10	12	16	16	2	0	0	0	0	0	0	0	0	1	
335	43	12	4	16	16	2	0	0	0	0	0	0	0	0	1	
336	43	8	12	16	16	2	0	0	0	0	0	0	0	0	1	
337	43	0	2	16	16	2	0	0	0	0	0	0	0	0	1	
338	37	6	6	16	16	2	0	0	0	0	0	0	0	0	1	
339	43	12	12	16	16	2	0	0	0	0	0	0	0	0	1	
340	43	0	10	16	16	2	0	0	0	0	0	0	0	0	1	
341	42	6	12	16	16	2	0	0	0	0	0	0	0	0	1	
342	43	12	10	16	16	2	0	0	0	0	0	0	0	0	1	
343	43	8	0	16	16	2	0	0	0	0	0	0	0	0	1	
344	43	0	0	16	16	2	0	0	0	0	0	0	0	0	1	
345	37	6	2	16	16	2	0	0	0	0	0	0	0	0	1	
346	43	0	4	16	16	2	0	0	0	0	0	0	0	0	1	
347	43	12	2	16	16	2	0	0	0	0	0	0	0	0	1	
348	43	2	0	16	16	2	0	0	0	0	0	0	0	0	1	
349	43	12	8	16	16	2	0	0	0	0	0	0	0	0	1	
350	43	0	12	16	16	2	0	0	0	0	0	0	0	0	1	
351	43	10	0	16	16	2	0	0	0	0	0	0	0	0	1	
352	42	6	0	16	16	2	0	0	0	0	0	0	0	0	1	
353	43	4	0	16	16	2	0	0	0	0	0	0	0	0	1	
354	43	12	0	16	16	2	0	0	0	0	0	0	0	0	1	
355	34	6	8	16	16	2	0	0	0	0	0	0	0	0	1	
356	55	6	10	16	16	2	0	0	0	0	0	0	0	0	1	
357	43	0	6	16	16	2	0	0	0	0	0	0	0	0	1	
358	43	2	12	16	16	2	0	0	0	0	0	0	0	0	1	
359	43	0	8	16	16	2	0	0	0	0	0	0	0	0	1	
360	37	6	4	16	16	2	0	0	0	0	0	0	0	0	1	
361	32	18	16	-999	-999	2	0	0	0	0	0	0	0	0	1	
374	374	378	378	383	383	382	382	373	373	381	381	384	384	
374	374	378	378	383	383	382	382	373	373	381	381	384	384	
367	367	NULL	NULL	NULL	NULL	375	375	NULL	NULL	NULL	NULL	377	377	
367	367	NULL	NULL	NULL	NULL	375	375	NULL	NULL	NULL	NULL	377	377	
376	376	NULL	NULL	NULL	NULL	390	390	NULL	NULL	NULL	NULL	365	365	
376	376	NULL	NULL	NULL	NULL	390	390	NULL	NULL	NULL	NULL	365	365	
387	387	NULL	NULL	NULL	NULL	368	368	NULL	NULL	NULL	NULL	362	362	
387	387	NULL	NULL	NULL	NULL	368	368	NULL	NULL	NULL	NULL	362	362	
389	389	NULL	NULL	NULL	NULL	385	385	NULL	NULL	NULL	NULL	379	379	
389	389	NULL	NULL	NULL	NULL	385	385	NULL	NULL	NULL	NULL	379	379	
370	370	NULL	NULL	NULL	NULL	386	386	NULL	NULL	NULL	NULL	372	372	
370	370	NULL	NULL	NULL	NULL	386	386	NULL	NULL	NULL	NULL	372	372	
380	380	388	388	363	363	371	371	366	366	364	364	369	369	
380	380	388	388	363	363	371	371	366	366	364	364	369	369	
362	43	12	6	18	16	2	0	0	0	0	0	0	0	0	1	
363	43	4	12	18	16	2	0	0	0	0	0	0	0	0	1	
364	43	10	12	18	16	2	0	0	0	0	0	0	0	0	1	
365	43	12	4	18	16	2	0	0	0	0	0	0	0	0	1	
366	43	8	12	18	16	2	0	0	0	0	0	0	0	0	1	
367	43	0	2	18	16	2	0	0	0	0	0	0	0	0	1	
368	37	6	6	18	16	2	0	0	0	0	0	0	0	0	1	
369	43	12	12	18	16	2	0	0	0	0	0	0	0	0	1	
370	43	0	10	18	16	2	0	0	0	0	0	0	0	0	1	
371	42	6	12	18	16	2	0	0	0	0	0	0	0	0	1	
372	43	12	10	18	16	2	0	0	0	0	0	0	0	0	1	
373	43	8	0	18	16	2	0	0	0	0	0	0	0	0	1	
374	43	0	0	18	16	2	0	0	0	0	0	0	0	0	1	
375	37	6	2	18	16	2	0	0	0	0	0	0	0	0	1	
376	43	0	4	18	16	2	0	0	0	0	0	0	0	0	1	
377	43	12	2	18	16	2	0	0	0	0	0	0	0	0	1	
378	43	2	0	18	16	2	0	0	0	0	0	0	0	0	1	
379	43	12	8	18	16	2	0	0	0	0	0	0	0	0	1	
380	43	0	12	18	16	2	0	0	0	0	0	0	0	0	1	
381	43	10	0	18	16	2	0	0	0	0	0	0	0	0	1	
382	42	6	0	18	16	2	0	0	0	0	0	0	0	0	1	
383	43	4	0	18	16	2	0	0	0	0	0	0	0	0	1	
384	43	12	0	18	16	2	0	0	0	0	0	0	0	0	1	
385	34	6	8	18	16	2	0	0	0	0	0	0	0	0	1	
386	55	6	10	18	16	2	0	0	0	0	0	0	0	0	1	
387	43	0	6	18	16	2	0	0	0	0	0	0	0	0	1	
388	43	2	12	18	16	2	0	0	0	0	0	0	0	0	1	
389	43	0	8	18	16	2	0	0	0	0	0	0	0	0	1	
390	37	6	4	18	16	2	0	0	0	0	0	0	0	0	1	
391	32	20	16	-999	-999	2	0	0	0	0	0	0	0	0	1	
404	404	408	408	413	413	412	412	403	403	411	411	414	414	
404	404	408	408	413	413	412	412	403	403	411	411	414	414	
397	397	NULL	NULL	NULL	NULL	405	405	NULL	NULL	NULL	NULL	407	407	
397	397	NULL	NULL	NULL	NULL	405	405	NULL	NULL	NULL	NULL	407	407	
406	406	NULL	NULL	NULL	NULL	420	420	NULL	NULL	NULL	NULL	395	395	
406	406	NULL	NULL	NULL	NULL	420	420	NULL	NULL	NULL	NULL	395	395	
417	417	NULL	NULL	NULL	NULL	398	398	NULL	NULL	NULL	NULL	392	392	
417	417	NULL	NULL	NULL	NULL	398	398	NULL	NULL	NULL	NULL	392	392	
419	419	NULL	NULL	NULL	NULL	415	415	NULL	NULL	NULL	NULL	409	409	
419	419	NULL	NULL	NULL	NULL	415	415	NULL	NULL	NULL	NULL	409	409	
400	400	NULL	NULL	NULL	NULL	416	416	NULL	NULL	NULL	NULL	402	402	
400	400	NULL	NULL	NULL	NULL	416	416	NULL	NULL	NULL	NULL	402	402	
410	410	418	418	393	393	401	401	396	396	394	394	399	399	
410	410	418	418	393	393	401	401	396	396	394	394	399	399	
392	43	12	6	20	16	2	0	0	0	0	0	0	0	0	1	
393	43	4	12	20	16	2	0	0	0	0	0	0	0	0	1	
394	43	10	12	20	16	2	0	0	0	0	0	0	0	0	1	
395	43	12	4	20	16	2	0	0	0	0	0	0	0	0	1	
396	43	8	12	20	16	2	0	0	0	0	0	0	0	0	1	
397	43	0	2	20	16	2	0	0	0	0	0	0	0	0	1	
398	37	6	6	20	16	2	0	0	0	0	0	0	0	0	1	
399	43	12	12	20	16	2	0	0	0	0	0	0	0	0	1	
400	43	0	10	20	16	2	0	0	0	0	0	0	0	0	1	
401	42	6	12	20	16	2	0	0	0	0	0	0	0	0	1	
402	43	12	10	20	16	2	0	0	0	0	0	0	0	0	1	
403	43	8	0	20	16	2	0	0	0	0	0	0	0	0	1	
404	43	0	0	20	16	2	0	0	0	0	0	0	0	0	1	
405	37	6	2	20	16	2	0	0	0	0	0	0	0	0	1	
406	43	0	4	20	16	2	0	0	0	0	0	0	0	0	1	
407	43	12	2	20	16	2	0	0	0	0	0	0	0	0	1	
408	43	2	0	20	16	2	0	0	0	0	0	0	0	0	1	
409	43	12	8	20	16	2	0	0	0	0	0	0	0	0	1	
410	43	0	12	20	16	2	0	0	0	0	0	0	0	0	1	
411	43	10	0	20	16	2	0	0	0	0	0	0	0	0	1	
412	42	6	0	20	16	2	0	0	0	0	0	0	0	0	1	
413	43	4	0	20	16	2	0	0	0	0	0	0	0	0	1	
414	43	12	0	20	16	2	0	0	0	0	0	0	0	0	1	
415	34	6	8	20	16	2	0	0	0	0	0	0	0	0	1	
416	55	6	10	20	16	2	0	0	0	0	0	0	0	0	1	
417	43	0	6	20	16	2	0	0	0	0	0	0	0	0	1	
418	43	2	12	20	16	2	0	0	0	0	0	0	0	0	1	
419	43	0	8	20	16	2	0	0	0	0	0	0	0	0	1	
420	37	6	4	20	16	2	0	0	0	0	0	0	0	0	1	
421	32	22	16	-999	-999	2	0	0	0	0	0	0	0	0	1	
434	434	438	438	443	443	442	442	433	433	441	441	444	444	
434	434	438	438	443	443	442	442	433	433	441	441	444	444	
427	427	NULL	NULL	NULL	NULL	435	435	NULL	NULL	NULL	NULL	437	437	
427	427	NULL	NULL	NULL	NULL	435	435	NULL	NULL	NULL	NULL	437	437	
436	436	NULL	NULL	NULL	NULL	450	450	NULL	NULL	NULL	NULL	425	425	
436	436	NULL	NULL	NULL	NULL	450	450	NULL	NULL	NULL	NULL	425	425	
447	447	NULL	NULL	NULL	NULL	428	428	NULL	NULL	NULL	NULL	422	422	
447	447	NULL	NULL	NULL	NULL	428	428	NULL	NULL	NULL	NULL	422	422	
449	449	NULL	NULL	NULL	NULL	445	445	NULL	NULL	NULL	NULL	439	439	
449	449	NULL	NULL	NULL	NULL	445	445	NULL	NULL	NULL	NULL	439	439	
430	430	NULL	NULL	NULL	NULL	843	843	NULL	NULL	NULL	NULL	432	432	
430	430	NULL	NULL	NULL	NULL	843	843	NULL	NULL	NULL	NULL	432	432	
440	440	448	448	423	423	431	431	426	426	424	424	429	429	
440	440	448	448	423	423	431	431	426	426	424	424	429	429	
422	43	12	6	22	16	2	0	0	0	0	0	0	0	0	1	
423	43	4	12	22	16	2	0	0	0	0	0	0	0	0	1	
424	43	10	12	22	16	2	0	0	0	0	0	0	0	0	1	
425	43	12	4	22	16	2	0	0	0	0	0	0	0	0	1	
426	43	8	12	22	16	2	0	0	0	0	0	0	0	0	1	
427	43	0	2	22	16	2	0	0	0	0	0	0	0	0	1	
428	37	6	6	22	16	2	0	0	0	0	0	0	0	0	1	
429	43	12	12	22	16	2	0	0	0	0	0	0	0	0	1	
430	43	0	10	22	16	2	0	0	0	0	0	0	0	0	1	
431	42	6	12	22	16	2	0	0	0	0	0	0	0	0	1	
432	43	12	10	22	16	2	0	0	0	0	0	0	0	0	1	
433	43	8	0	22	16	2	0	0	0	0	0	0	0	0	1	
434	43	0	0	22	16	2	0	0	0	0	0	0	0	0	1	
435	37	6	2	22	16	2	0	0	0	0	0	0	0	0	1	
436	43	0	4	22	16	2	0	0	0	0	0	0	0	0	1	
437	43	12	2	22	16	2	0	0	0	0	0	0	0	0	1	
438	43	2	0	22	16	2	0	0	0	0	0	0	0	0	1	
439	43	12	8	22	16	2	0	0	0	0	0	0	0	0	1	
440	43	0	12	22	16	2	0	0	0	0	0	0	0	0	1	
441	43	10	0	22	16	2	0	0	0	0	0	0	0	0	1	
442	42	6	0	22	16	2	0	0	0	0	0	0	0	0	1	
443	43	4	0	22	16	2	0	0	0	0	0	0	0	0	1	
444	43	12	0	22	16	2	0	0	0	0	0	0	0	0	1	
445	34	6	8	22	16	2	0	0	0	0	0	0	0	0	1	
446	43	12	10	8	16	2	0	0	0	0	0	0	0	0	1	
447	43	0	6	22	16	2	0	0	0	0	0	0	0	0	1	
448	43	2	12	22	16	2	0	0	0	0	0	0	0	0	1	
449	43	0	8	22	16	2	0	0	0	0	0	0	0	0	1	
450	37	6	4	22	16	2	0	0	0	0	0	0	0	0	1	
451	32	22	10	-999	-999	2	0	0	0	0	0	0	0	0	1	
472	472	452	452	456	456	460	460	464	464	468	468	474	474	
472	472	452	452	456	456	460	460	464	464	468	468	474	474	
453	453	NULL	NULL	NULL	NULL	476	476	NULL	NULL	NULL	NULL	455	455	
453	453	NULL	NULL	NULL	NULL	476	476	NULL	NULL	NULL	NULL	455	455	
457	457	NULL	NULL	NULL	NULL	477	477	NULL	NULL	NULL	NULL	459	459	
457	457	NULL	NULL	NULL	NULL	477	477	NULL	NULL	NULL	NULL	459	459	
461	461	NULL	NULL	NULL	NULL	478	478	NULL	NULL	NULL	NULL	463	463	
461	461	NULL	NULL	NULL	NULL	478	478	NULL	NULL	NULL	NULL	463	463	
465	465	NULL	NULL	NULL	NULL	479	479	NULL	NULL	NULL	NULL	467	467	
465	465	NULL	NULL	NULL	NULL	479	479	NULL	NULL	NULL	NULL	467	467	
469	469	NULL	NULL	NULL	NULL	480	480	NULL	NULL	NULL	NULL	471	471	
469	469	NULL	NULL	NULL	NULL	480	480	NULL	NULL	NULL	NULL	471	471	
473	473	454	454	458	458	462	462	466	466	470	470	475	475	
473	473	454	454	458	458	462	462	466	466	470	470	475	475	
452	43	2	0	22	10	2	0	0	0	0	0	0	0	0	1	
453	43	0	2	22	10	2	0	0	0	0	0	0	0	0	1	
454	43	2	12	22	10	2	0	0	0	0	0	0	0	0	1	
455	43	12	2	22	10	2	0	0	0	0	0	0	0	0	1	
456	43	4	0	22	10	2	0	0	0	0	0	0	0	0	1	
457	43	0	4	22	10	2	0	0	0	0	0	0	0	0	1	
458	43	4	12	22	10	2	0	0	0	0	0	0	0	0	1	
459	43	12	4	22	10	2	0	0	0	0	0	0	0	0	1	
460	42	6	0	22	10	2	0	0	0	0	0	0	0	0	1	
461	43	0	6	22	10	2	0	0	0	0	0	0	0	0	1	
462	42	6	12	22	10	2	0	0	0	0	0	0	0	0	1	
463	43	12	6	22	10	2	0	0	0	0	0	0	0	0	1	
464	43	8	0	22	10	2	0	0	0	0	0	0	0	0	1	
465	43	0	8	22	10	2	0	0	0	0	0	0	0	0	1	
466	43	8	12	22	10	2	0	0	0	0	0	0	0	0	1	
467	43	12	8	22	10	2	0	0	0	0	0	0	0	0	1	
468	43	10	0	22	10	2	0	0	0	0	0	0	0	0	1	
469	43	0	10	22	10	2	0	0	0	0	0	0	0	0	1	
470	43	10	12	22	10	2	0	0	0	0	0	0	0	0	1	
471	43	12	10	22	10	2	0	0	0	0	0	0	0	0	1	
472	43	0	0	22	10	2	0	0	0	0	0	0	0	0	1	
473	43	0	12	22	10	2	0	0	0	0	0	0	0	0	1	
474	43	12	0	22	10	2	0	0	0	0	0	0	0	0	1	
475	43	12	12	22	10	2	0	0	0	0	0	0	0	0	1	
476	37	6	2	22	10	2	0	0	0	0	0	0	0	0	1	
477	37	6	4	22	10	2	0	0	0	0	0	0	0	0	1	
478	37	6	6	22	10	2	0	0	0	0	0	0	0	0	1	
479	34	6	8	22	10	2	0	0	0	0	0	0	0	0	1	
480	50	6	10	22	10	2	0	0	0	0	0	0	0	0	1	
481	39	6	2	12	22	2	0	0	0	0	0	0	0	0	1	
482	43	12	10	0	22	2	0	0	0	0	0	0	0	0	1	
483	43	4	0	14	16	2	0	0	0	0	0	0	0	0	1	
484	42	0	6	12	22	2	0	0	0	0	0	0	0	0	1	
485	43	0	10	0	22	2	0	0	0	0	0	0	0	0	1	
486	30	2	8	0	22	2	0	0	0	0	0	0	0	0	1	
487	43	0	10	14	16	2	0	0	0	0	0	0	0	0	1	
488	43	12	8	12	22	2	0	0	0	0	0	0	0	0	1	
489	43	12	8	0	22	2	0	0	0	0	0	0	0	0	1	
490	37	6	4	12	16	2	0	0	0	0	0	0	0	0	1	
491	74	6	8	12	22	3	0	0	0	0	0	0	0	0	1	
492	39	10	6	12	22	2	0	0	0	0	0	0	0	0	1	
493	43	4	0	12	22	2	0	0	0	0	0	0	0	0	1	
494	32	14	16	-999	-999	2	0	0	0	0	0	0	0	0	1	
561	561	556	556	483	483	567	567	555	555	563	563	566	566	
561	561	556	556	483	483	567	567	555	555	563	563	566	566	
539	539	NULL	NULL	NULL	NULL	733	733	NULL	NULL	NULL	NULL	545	545	
539	539	NULL	NULL	NULL	NULL	733	733	NULL	NULL	NULL	NULL	545	545	
511	511	NULL	NULL	NULL	NULL	731	731	NULL	NULL	NULL	NULL	565	565	
511	511	NULL	NULL	NULL	NULL	731	731	NULL	NULL	NULL	NULL	565	565	
549	549	NULL	NULL	NULL	NULL	727	727	NULL	NULL	NULL	NULL	529	529	
549	549	NULL	NULL	NULL	NULL	727	727	NULL	NULL	NULL	NULL	529	529	
552	552	NULL	NULL	NULL	NULL	729	729	NULL	NULL	NULL	NULL	557	557	
552	552	NULL	NULL	NULL	NULL	729	729	NULL	NULL	NULL	NULL	557	557	
487	487	NULL	NULL	NULL	NULL	764	764	NULL	NULL	NULL	NULL	522	522	
487	487	NULL	NULL	NULL	NULL	764	764	NULL	NULL	NULL	NULL	522	522	
513	513	531	531	547	547	532	532	520	520	507	507	721	721	
513	513	531	531	547	547	532	532	520	520	507	507	721	721	
495	43	12	0	10	16	2	0	0	0	0	0	0	0	0	1	
496	43	2	12	12	22	2	0	0	0	0	0	0	0	0	1	
497	43	0	0	10	22	2	0	0	0	0	0	0	0	0	1	
498	43	10	12	0	22	2	0	0	0	0	0	0	0	0	1	
499	43	0	10	12	22	2	0	0	0	0	0	0	0	0	1	
500	43	0	8	12	22	2	0	0	0	0	0	0	0	0	1	
501	43	12	0	12	22	2	0	0	0	0	0	0	0	0	1	
502	16	4	10	0	22	2	100000	0	0	0	0	0	0	0	1	
503	42	6	0	12	22	2	0	0	0	0	0	0	0	0	1	
504	43	0	12	12	16	2	0	0	0	0	0	0	0	0	1	
505	43	0	0	12	22	2	0	0	0	0	0	0	0	0	1	
506	37	6	2	12	16	2	0	0	0	0	0	0	0	0	1	
507	43	10	12	14	16	2	0	0	0	0	0	0	0	0	1	
508	39	8	6	12	22	4	0	0	0	0	0	0	0	0	1	
509	42	12	6	12	22	2	0	0	0	0	0	0	0	0	1	
510	43	12	2	10	22	2	0	0	0	0	0	0	0	0	1	
511	43	0	4	14	16	2	0	0	0	0	0	0	0	0	1	
512	43	8	0	12	16	2	0	0	0	0	0	0	0	0	1	
513	43	0	12	14	16	2	0	0	0	0	0	0	0	0	1	
514	43	0	12	0	22	2	0	0	0	0	0	0	0	0	1	
515	43	12	12	10	16	2	0	0	0	0	0	0	0	0	1	
516	42	6	0	12	16	2	0	0	0	0	0	0	0	0	1	
517	37	6	6	12	16	2	0	0	0	0	0	0	0	0	1	
518	43	12	12	0	22	2	0	0	0	0	0	0	0	0	1	
519	14	4	6	0	22	2	100000	0	0	0	0	0	0	0	1	
520	43	8	12	14	16	2	0	0	0	0	0	0	0	0	1	
521	13	4	4	0	22	2	100000	0	0	0	0	0	0	0	1	
522	43	12	10	14	16	2	0	0	0	0	0	0	0	0	1	
523	31	2	10	0	22	2	0	0	0	0	0	0	0	0	1	
524	37	6	6	10	16	2	0	0	0	0	0	0	0	0	1	
525	43	12	12	12	16	2	0	0	0	0	0	0	0	0	1	
526	29	2	6	0	22	2	0	0	0	0	0	0	0	0	1	
527	43	12	0	0	22	2	0	0	0	0	0	0	0	0	1	
528	43	12	6	10	16	2	0	0	0	0	0	0	0	0	1	
529	43	12	6	14	16	2	0	0	0	0	0	0	0	0	1	
530	43	0	0	0	22	2	0	0	0	0	0	0	0	0	1	
531	43	2	12	14	16	2	0	0	0	0	0	0	0	0	1	
532	42	6	12	14	16	2	0	0	0	0	0	0	0	0	1	
533	27	2	2	0	22	2	0	0	0	0	0	0	0	0	1	
534	43	0	0	10	16	2	0	0	0	0	0	0	0	0	1	
535	28	2	4	0	22	2	0	0	0	0	0	0	0	0	1	
536	43	4	12	16	4	2	0	0	0	0	0	0	0	0	1	
537	15	4	8	0	22	2	100000	0	0	0	0	0	0	0	1	
538	12	4	2	0	22	2	100000	0	0	0	0	0	0	0	1	
539	43	0	2	14	16	2	0	0	0	0	0	0	0	0	1	
540	43	10	0	0	22	2	0	0	0	0	0	0	0	0	1	
541	34	6	8	12	16	2	0	0	0	0	0	0	0	0	1	
542	43	12	8	10	22	2	0	0	0	0	0	0	0	0	1	
543	37	6	4	22	4	2	0	0	0	0	0	0	0	0	1	
544	43	8	12	12	16	2	0	0	0	0	0	0	0	0	1	
545	43	12	2	14	16	2	0	0	0	0	0	0	0	0	1	
546	43	0	4	22	4	2	0	0	0	0	0	0	0	0	1	
547	43	4	12	14	16	2	0	0	0	0	0	0	0	0	1	
548	55	6	10	12	16	2	0	0	0	0	0	0	0	0	1	
549	43	0	6	14	16	2	0	0	0	0	0	0	0	0	1	
550	43	4	0	12	16	2	0	0	0	0	0	0	0	0	1	
551	43	12	8	16	4	2	0	0	0	0	0	0	0	0	1	
552	43	0	8	14	16	2	0	0	0	0	0	0	0	0	1	
553	32	16	4	-999	-999	2	0	0	0	0	0	0	0	0	1	
741	741	752	752	745	745	746	746	736	736	725	725	753	753	
741	741	752	752	745	745	746	746	736	736	725	725	753	753	
750	750	NULL	NULL	NULL	NULL	760	760	NULL	NULL	NULL	NULL	732	732	
750	750	NULL	NULL	NULL	NULL	760	760	NULL	NULL	NULL	NULL	732	732	
772	772	NULL	NULL	NULL	NULL	735	735	NULL	NULL	NULL	NULL	739	739	
772	772	NULL	NULL	NULL	NULL	735	735	NULL	NULL	NULL	NULL	739	739	
768	768	NULL	NULL	NULL	NULL	783	783	NULL	NULL	NULL	NULL	743	743	
768	768	NULL	NULL	NULL	NULL	783	783	NULL	NULL	NULL	NULL	743	743	
728	728	NULL	NULL	NULL	NULL	751	751	NULL	NULL	NULL	NULL	551	551	
728	728	NULL	NULL	NULL	NULL	751	751	NULL	NULL	NULL	NULL	551	551	
737	737	NULL	NULL	NULL	NULL	808	808	NULL	NULL	NULL	NULL	724	724	
737	737	NULL	NULL	NULL	NULL	808	808	NULL	NULL	NULL	NULL	724	724	
756	756	749	749	536	536	774	774	740	740	748	748	747	747	
756	756	749	749	536	536	774	774	740	740	748	748	747	747	
554	32	10	22	-999	-999	2	0	0	0	0	0	0	0	0	1	
497	497	1355	1355	1338	1338	1361	1361	1360	1360	1345	1345	1359	1359	
497	497	1355	1355	1338	1338	1361	1361	1360	1360	1345	1345	1359	1359	
1344	1344	NULL	NULL	NULL	NULL	NULL	667	667	NULL	NULL	NULL	510	510	
1344	1344	NULL	NULL	NULL	NULL	NULL	667	667	574	574	NULL	510	510	
1346	1346	NULL	NULL	NULL	NULL	NULL	NULL	NULL	574	574	NULL	1336	1336	
1346	1346	1318	1318	1320	1320	NULL	NULL	NULL	NULL	1350	1350	1336	1336	
575	575	1318	1318	1320	1320	583	583	NULL	NULL	1350	1350	1357	1357	
575	575	622	622	NULL	NULL	583	583	617	617	1362	1362	1357	1357	
1353	1353	622	622	NULL	NULL	NULL	NULL	617	617	1362	1362	542	542	
1353	1353	NULL	582	582	NULL	NULL	NULL	NULL	NULL	NULL	NULL	542	542	
1348	1348	NULL	582	582	595	595	NULL	NULL	NULL	NULL	NULL	690	690	
1348	1348	NULL	NULL	NULL	595	595	NULL	NULL	NULL	NULL	NULL	690	690	
1339	1339	1341	1341	1335	1335	1349	1349	1342	1342	1351	1351	569	569	
1339	1339	1341	1341	1335	1335	1349	1349	1342	1342	1351	1351	569	569	
555	43	8	0	14	16	2	0	0	0	0	0	0	0	0	1	
556	43	2	0	14	16	2	0	0	0	0	0	0	0	0	1	
557	43	12	8	14	16	2	0	0	0	0	0	0	0	0	1	
558	43	12	6	12	16	2	0	0	0	0	0	0	0	0	1	
559	37	6	2	10	16	2	0	0	0	0	0	0	0	0	1	
560	34	6	8	8	16	2	0	0	0	0	0	0	0	0	1	
561	43	0	0	14	16	2	0	0	0	0	0	0	0	0	1	
562	37	6	4	10	16	2	0	0	0	0	0	0	0	0	1	
563	43	10	0	14	16	2	0	0	0	0	0	0	0	0	1	
564	43	2	0	22	4	2	0	0	0	0	0	0	0	0	1	
565	43	12	4	14	16	2	0	0	0	0	0	0	0	0	1	
566	43	12	0	14	16	2	0	0	0	0	0	0	0	0	1	
567	42	6	0	14	16	2	0	0	0	0	0	0	0	0	1	
568	43	4	12	10	16	2	0	0	0	0	0	0	0	0	1	
569	43	12	12	10	22	2	0	0	0	0	0	0	0	0	1	
570	43	12	0	12	16	2	0	0	0	0	0	0	0	0	1	
571	32	12	16	-999	-999	2	0	0	0	0	0	0	0	0	1	
590	590	1366	1366	550	550	516	516	512	512	581	581	570	570	
590	590	1366	1366	550	550	516	516	512	512	581	581	570	570	
599	599	NULL	NULL	NULL	NULL	506	506	NULL	NULL	NULL	NULL	1337	1337	
599	599	NULL	NULL	NULL	NULL	506	506	NULL	NULL	NULL	NULL	1337	1337	
1356	1356	NULL	NULL	NULL	NULL	490	490	NULL	NULL	NULL	NULL	586	586	
1356	1356	NULL	NULL	NULL	NULL	490	490	NULL	NULL	NULL	NULL	586	586	
600	600	NULL	NULL	NULL	NULL	517	517	NULL	NULL	NULL	NULL	558	558	
600	600	NULL	NULL	NULL	NULL	517	517	NULL	NULL	NULL	NULL	558	558	
1386	1386	NULL	NULL	NULL	NULL	541	541	NULL	NULL	NULL	NULL	579	579	
1386	1386	NULL	NULL	NULL	NULL	541	541	NULL	NULL	NULL	NULL	579	579	
1352	1352	NULL	NULL	NULL	NULL	548	548	NULL	NULL	NULL	NULL	1374	1374	
1352	1352	NULL	NULL	NULL	NULL	548	548	NULL	NULL	NULL	NULL	1374	1374	
504	504	578	578	587	587	585	585	544	544	596	596	525	525	
504	504	578	578	587	587	585	585	544	544	596	596	525	525	
572	43	6	12	0	22	2	0	0	0	0	0	0	0	0	1	
573	43	4	12	18	4	2	0	0	0	0	0	0	0	0	1	
574	37	9	3	10	22	2	0	0	0	0	0	0	0	0	1	
575	42	0	6	10	22	3	0	0	0	0	0	0	0	0	1	
576	43	4	0	0	22	2	0	0	0	0	0	0	0	0	1	
577	37	6	2	22	4	2	0	0	0	0	0	0	0	0	1	
578	43	2	12	12	16	2	0	0	0	0	0	0	0	0	1	
579	43	12	8	12	16	2	0	0	0	0	0	0	0	0	1	
580	21	0	20	-999	-999	2	0	0	0	0	0	0	0	0	1	
581	43	10	0	12	16	2	0	0	0	0	0	0	0	0	1	
582	37	3	9	10	22	2	0	0	0	0	0	0	0	0	1	
583	37	6	6	10	22	2	0	0	0	0	0	0	0	0	1	
584	43	12	4	0	22	2	0	0	0	0	0	0	0	0	1	
585	42	6	12	12	16	2	0	0	0	0	0	0	0	0	1	
586	43	12	4	12	16	2	0	0	0	0	0	0	0	0	1	
587	43	4	12	12	16	2	0	0	0	0	0	0	0	0	1	
588	43	0	6	0	22	2	0	0	0	0	0	0	0	0	1	
589	43	4	12	22	4	2	0	0	0	0	0	0	0	0	1	
590	43	0	0	12	16	2	0	0	0	0	0	0	0	0	1	
591	43	8	0	10	16	2	0	0	0	0	0	0	0	0	1	
592	43	0	4	0	22	2	0	0	0	0	0	0	0	0	1	
593	55	6	10	10	16	2	0	0	0	0	0	0	0	0	1	
594	43	4	12	0	22	2	0	0	0	0	0	0	0	0	1	
595	37	5	10	10	22	2	0	0	0	0	0	0	0	0	1	
596	43	10	12	12	16	2	0	0	0	0	0	0	0	0	1	
597	43	0	10	10	16	2	0	0	0	0	0	0	0	0	1	
598	43	12	12	22	4	2	0	0	0	0	0	0	0	0	1	
599	43	0	2	12	16	2	0	0	0	0	0	0	0	0	1	
600	43	0	6	12	16	2	0	0	0	0	0	0	0	0	1	
601	43	12	8	22	4	2	0	0	0	0	0	0	0	0	1	
602	43	2	12	22	4	2	0	0	0	0	0	0	0	0	1	
603	55	6	10	18	4	2	0	0	0	0	0	0	0	0	1	
604	37	6	4	20	4	2	0	0	0	0	0	0	0	0	1	
605	43	12	10	20	4	2	0	0	0	0	0	0	0	0	1	
606	43	12	4	22	4	2	0	0	0	0	0	0	0	0	1	
607	43	4	0	22	4	2	0	0	0	0	0	0	0	0	1	
608	43	0	8	22	4	2	0	0	0	0	0	0	0	0	1	
609	42	6	0	22	4	2	0	0	0	0	0	0	0	0	1	
610	43	12	10	22	4	2	0	0	0	0	0	0	0	0	1	
611	42	6	12	22	4	2	0	0	0	0	0	0	0	0	1	
612	55	6	10	22	4	2	0	0	0	0	0	0	0	0	1	
613	43	0	2	20	4	2	0	0	0	0	0	0	0	0	1	
614	43	0	0	22	4	2	0	0	0	0	0	0	0	0	1	
615	37	6	6	22	4	2	0	0	0	0	0	0	0	0	1	
616	43	10	0	22	4	2	0	0	0	0	0	0	0	0	1	
617	37	8	7	10	22	2	0	0	0	0	0	0	0	0	1	
618	43	12	0	22	4	2	0	0	0	0	0	0	0	0	1	
619	43	0	10	20	4	2	0	0	0	0	0	0	0	0	1	
620	43	12	0	20	4	2	0	0	0	0	0	0	0	0	1	
621	43	8	0	22	4	2	0	0	0	0	0	0	0	0	1	
622	37	2	7	10	22	2	0	0	0	0	0	0	0	0	1	
623	43	0	2	22	4	2	0	0	0	0	0	0	0	0	1	
624	43	8	12	22	4	2	0	0	0	0	0	0	0	0	1	
625	37	6	2	20	4	2	0	0	0	0	0	0	0	0	1	
626	34	6	8	22	4	2	0	0	0	0	0	0	0	0	1	
627	43	0	0	20	4	2	0	0	0	0	0	0	0	0	1	
628	43	0	6	22	4	2	0	0	0	0	0	0	0	0	1	
629	43	12	2	22	4	2	0	0	0	0	0	0	0	0	1	
630	43	0	10	22	4	2	0	0	0	0	0	0	0	0	1	
631	37	6	2	4	16	2	0	0	0	0	0	0	0	0	1	
632	43	2	0	20	4	2	0	0	0	0	0	0	0	0	1	
633	40	16	0	-999	-999	2	0	0	0	0	0	0	0	0	1	
634	43	12	10	4	16	2	0	0	0	0	0	0	0	0	1	
635	43	12	8	4	16	2	0	0	0	0	0	0	0	0	1	
636	43	10	12	22	4	2	0	0	0	0	0	0	0	0	1	
637	43	12	6	4	16	2	0	0	0	0	0	0	0	0	1	
638	40	6	22	-999	-999	2	0	0	0	0	0	0	0	0	1	
639	40	8	0	-999	-999	2	0	0	0	0	0	0	0	0	1	
640	43	12	4	4	16	2	0	0	0	0	0	0	0	0	1	
641	37	6	6	4	16	2	0	0	0	0	0	0	0	0	1	
642	43	0	12	4	16	2	0	0	0	0	0	0	0	0	1	
643	43	0	10	4	16	2	0	0	0	0	0	0	0	0	1	
644	43	12	4	2	16	2	0	0	0	0	0	0	0	0	1	
645	43	0	8	4	16	2	0	0	0	0	0	0	0	0	1	
646	40	20	0	-999	-999	2	0	0	0	0	0	0	0	0	1	
647	43	12	12	4	16	2	0	0	0	0	0	0	0	0	1	
648	43	8	12	4	16	2	0	0	0	0	0	0	0	0	1	
649	40	4	0	-999	-999	2	0	0	0	0	0	0	0	0	1	
650	43	8	0	4	16	2	0	0	0	0	0	0	0	0	1	
651	43	10	12	4	16	2	0	0	0	0	0	0	0	0	1	
652	43	12	6	22	4	2	0	0	0	0	0	0	0	0	1	
653	34	6	8	4	16	2	0	0	0	0	0	0	0	0	1	
654	55	6	10	4	16	2	0	0	0	0	0	0	0	0	1	
655	40	4	22	-999	-999	2	0	0	0	0	0	0	0	0	1	
656	40	8	22	-999	-999	2	0	0	0	0	0	0	0	0	1	
657	43	10	0	4	16	2	0	0	0	0	0	0	0	0	1	
658	43	12	0	4	16	2	0	0	0	0	0	0	0	0	1	
659	40	22	0	-999	-999	2	0	0	0	0	0	0	0	0	1	
660	40	12	0	-999	-999	2	0	0	0	0	0	0	0	0	1	
661	43	4	0	2	16	2	0	0	0	0	0	0	0	0	1	
662	43	0	0	4	16	2	0	0	0	0	0	0	0	0	1	
663	37	6	6	20	4	2	0	0	0	0	0	0	0	0	1	
664	43	0	6	20	4	2	0	0	0	0	0	0	0	0	1	
665	43	12	12	20	4	2	0	0	0	0	0	0	0	0	1	
666	40	2	22	-999	-999	2	0	0	0	0	0	0	0	0	1	
667	37	7	2	10	22	2	0	0	0	0	0	0	0	0	1	
668	55	6	10	20	4	2	0	0	0	0	0	0	0	0	1	
669	43	8	12	20	4	2	0	0	0	0	0	0	0	0	1	
670	37	6	4	4	16	2	0	0	0	0	0	0	0	0	1	
671	32	20	4	-999	-999	2	0	0	0	0	0	0	0	0	1	
627	627	632	632	675	675	700	700	676	676	672	672	620	620	
627	627	632	632	675	675	700	700	676	676	672	672	620	620	
613	613	NULL	NULL	NULL	NULL	625	625	NULL	NULL	NULL	NULL	693	693	
613	613	NULL	NULL	NULL	NULL	625	625	NULL	NULL	NULL	NULL	693	693	
680	680	NULL	NULL	NULL	NULL	604	604	NULL	NULL	NULL	NULL	677	677	
680	680	NULL	NULL	NULL	NULL	604	604	NULL	NULL	NULL	NULL	677	677	
664	664	NULL	NULL	NULL	NULL	663	663	NULL	NULL	NULL	NULL	689	689	
664	664	NULL	NULL	NULL	NULL	663	663	NULL	NULL	NULL	NULL	689	689	
708	708	NULL	NULL	NULL	NULL	692	692	NULL	NULL	NULL	NULL	688	688	
708	708	NULL	NULL	NULL	NULL	692	692	NULL	NULL	NULL	NULL	688	688	
619	619	NULL	NULL	NULL	NULL	668	668	NULL	NULL	NULL	NULL	605	605	
619	619	NULL	NULL	NULL	NULL	668	668	NULL	NULL	NULL	NULL	605	605	
679	679	685	685	696	696	673	673	669	669	686	686	665	665	
679	679	685	685	696	696	673	673	669	669	686	686	665	665	
672	43	10	0	20	4	2	0	0	0	0	0	0	0	0	1	
673	42	6	12	20	4	2	0	0	0	0	0	0	0	0	1	
674	43	0	6	4	16	2	0	0	0	0	0	0	0	0	1	
675	43	4	0	20	4	2	0	0	0	0	0	0	0	0	1	
676	43	8	0	20	4	2	0	0	0	0	0	0	0	0	1	
677	43	12	4	20	4	2	0	0	0	0	0	0	0	0	1	
678	32	2	16	-999	-999	2	0	0	0	0	0	0	0	0	1	
705	705	704	704	661	661	738	738	742	742	710	710	726	726	
705	705	704	704	661	661	738	738	742	742	710	710	726	726	
714	714	NULL	NULL	NULL	NULL	698	698	NULL	NULL	NULL	NULL	683	683	
714	714	NULL	NULL	NULL	NULL	698	698	NULL	NULL	NULL	NULL	683	683	
684	684	NULL	NULL	NULL	NULL	719	719	NULL	NULL	NULL	NULL	644	644	
684	684	NULL	NULL	NULL	NULL	719	719	NULL	NULL	NULL	NULL	644	644	
691	691	NULL	NULL	NULL	NULL	734	734	NULL	NULL	NULL	NULL	709	709	
691	691	NULL	NULL	NULL	NULL	734	734	NULL	NULL	NULL	NULL	709	709	
701	701	NULL	NULL	NULL	NULL	720	720	NULL	NULL	NULL	NULL	717	717	
701	701	NULL	NULL	NULL	NULL	720	720	NULL	NULL	NULL	NULL	717	717	
695	695	NULL	NULL	NULL	NULL	706	706	NULL	NULL	NULL	NULL	711	711	
695	695	NULL	NULL	NULL	NULL	706	706	NULL	NULL	NULL	NULL	711	711	
744	744	687	687	681	681	716	716	730	730	702	702	715	715	
744	744	687	687	681	681	716	716	730	730	702	702	715	715	
679	43	0	12	20	4	2	0	0	0	0	0	0	0	0	1	
680	43	0	4	20	4	2	0	0	0	0	0	0	0	0	1	
681	43	4	12	2	16	2	0	0	0	0	0	0	0	0	1	
682	42	6	12	4	16	2	0	0	0	0	0	0	0	0	1	
683	43	12	2	2	16	2	0	0	0	0	0	0	0	0	1	
684	43	0	4	2	16	2	0	0	0	0	0	0	0	0	1	
685	43	2	12	20	4	2	0	0	0	0	0	0	0	0	1	
686	43	10	12	20	4	2	0	0	0	0	0	0	0	0	1	
687	43	2	12	2	16	2	0	0	0	0	0	0	0	0	1	
688	43	12	8	20	4	2	0	0	0	0	0	0	0	0	1	
689	43	12	6	20	4	2	0	0	0	0	0	0	0	0	1	
690	43	12	10	10	22	2	0	0	0	0	0	0	0	0	1	
691	43	0	6	2	16	2	0	0	0	0	0	0	0	0	1	
692	34	6	8	20	4	2	0	0	0	0	0	0	0	0	1	
693	43	12	2	20	4	2	0	0	0	0	0	0	0	0	1	
694	43	4	0	4	16	2	0	0	0	0	0	0	0	0	1	
695	43	0	10	2	16	2	0	0	0	0	0	0	0	0	1	
696	43	4	12	20	4	2	0	0	0	0	0	0	0	0	1	
697	43	12	2	4	16	2	0	0	0	0	0	0	0	0	1	
698	37	6	2	2	16	2	0	0	0	0	0	0	0	0	1	
699	43	2	12	4	16	2	0	0	0	0	0	0	0	0	1	
700	42	6	0	20	4	2	0	0	0	0	0	0	0	0	1	
701	43	0	8	2	16	2	0	0	0	0	0	0	0	0	1	
702	43	10	12	2	16	2	0	0	0	0	0	0	0	0	1	
703	43	0	4	4	16	2	0	0	0	0	0	0	0	0	1	
704	43	2	0	2	16	2	0	0	0	0	0	0	0	0	1	
705	43	0	0	2	16	2	0	0	0	0	0	0	0	0	1	
706	55	6	10	2	16	2	0	0	0	0	0	0	0	0	1	
707	32	4	16	-999	-999	2	0	0	0	0	0	0	0	0	1	
662	662	718	718	694	694	722	722	650	650	657	657	658	658	
662	662	718	718	694	694	722	722	650	650	657	657	658	658	
723	723	NULL	NULL	NULL	NULL	631	631	NULL	NULL	NULL	NULL	697	697	
723	723	NULL	NULL	NULL	NULL	631	631	NULL	NULL	NULL	NULL	697	697	
703	703	NULL	NULL	NULL	NULL	670	670	NULL	NULL	NULL	NULL	640	640	
703	703	NULL	NULL	NULL	NULL	670	670	NULL	NULL	NULL	NULL	640	640	
674	674	NULL	NULL	NULL	NULL	641	641	NULL	NULL	NULL	NULL	637	637	
674	674	NULL	NULL	NULL	NULL	641	641	NULL	NULL	NULL	NULL	637	637	
645	645	NULL	NULL	NULL	NULL	653	653	NULL	NULL	NULL	NULL	635	635	
645	645	NULL	NULL	NULL	NULL	653	653	NULL	NULL	NULL	NULL	635	635	
643	643	NULL	NULL	NULL	NULL	654	654	NULL	NULL	NULL	NULL	634	634	
643	643	NULL	NULL	NULL	NULL	654	654	NULL	NULL	NULL	NULL	634	634	
642	642	699	699	713	713	682	682	648	648	651	651	647	647	
642	642	699	699	713	713	682	682	648	648	651	651	647	647	
708	43	0	8	20	4	2	0	0	0	0	0	0	0	0	1	
709	43	12	6	2	16	2	0	0	0	0	0	0	0	0	1	
710	43	10	0	2	16	2	0	0	0	0	0	0	0	0	1	
711	43	12	10	2	16	2	0	0	0	0	0	0	0	0	1	
712	32	22	4	-999	-999	2	0	0	0	0	0	0	0	0	1	
614	614	564	564	607	607	609	609	621	621	616	616	618	618	
614	614	564	564	607	607	609	609	621	621	616	616	618	618	
623	623	NULL	NULL	NULL	NULL	577	577	NULL	NULL	NULL	NULL	629	629	
623	623	NULL	NULL	NULL	NULL	577	577	NULL	NULL	NULL	NULL	629	629	
546	546	NULL	NULL	NULL	NULL	543	543	NULL	NULL	NULL	NULL	606	606	
546	546	NULL	NULL	NULL	NULL	543	543	NULL	NULL	NULL	NULL	606	606	
628	628	NULL	NULL	NULL	NULL	615	615	NULL	NULL	NULL	NULL	652	652	
628	628	NULL	NULL	NULL	NULL	615	615	NULL	NULL	NULL	NULL	652	652	
608	608	NULL	NULL	NULL	NULL	626	626	NULL	NULL	NULL	NULL	601	601	
608	608	NULL	NULL	NULL	NULL	626	626	NULL	NULL	NULL	NULL	601	601	
630	630	NULL	NULL	NULL	NULL	612	612	NULL	NULL	NULL	NULL	610	610	
630	630	NULL	NULL	NULL	NULL	612	612	NULL	NULL	NULL	NULL	610	610	
1347	1347	602	602	589	589	611	611	624	624	636	636	598	598	
1347	1347	602	602	589	589	611	611	624	624	636	636	598	598	
713	43	4	12	4	16	2	0	0	0	0	0	0	0	0	1	
714	43	0	2	2	16	2	0	0	0	0	0	0	0	0	1	
715	43	12	12	2	16	2	0	0	0	0	0	0	0	0	1	
716	42	6	12	2	16	2	0	0	0	0	0	0	0	0	1	
717	43	12	8	2	16	2	0	0	0	0	0	0	0	0	1	
718	43	2	0	4	16	2	0	0	0	0	0	0	0	0	1	
719	37	6	4	2	16	2	0	0	0	0	0	0	0	0	1	
720	34	6	8	2	16	2	0	0	0	0	0	0	0	0	1	
721	43	12	12	14	16	2	0	0	0	0	0	0	0	0	1	
722	42	6	0	4	16	2	0	0	0	0	0	0	0	0	1	
723	43	0	2	4	16	2	0	0	0	0	0	0	0	0	1	
724	43	12	10	16	4	2	0	0	0	0	0	0	0	0	1	
725	43	10	0	16	4	2	0	0	0	0	0	0	0	0	1	
726	43	12	0	2	16	2	0	0	0	0	0	0	0	0	1	
727	37	6	6	14	16	2	0	0	0	0	0	0	0	0	1	
728	43	0	8	16	4	2	0	0	0	0	0	0	0	0	1	
729	34	6	8	14	16	2	0	0	0	0	0	0	0	0	1	
730	43	8	12	2	16	2	0	0	0	0	0	0	0	0	1	
731	37	6	4	14	16	2	0	0	0	0	0	0	0	0	1	
732	43	12	2	16	4	2	0	0	0	0	0	0	0	0	1	
733	37	6	2	14	16	2	0	0	0	0	0	0	0	0	1	
734	37	6	6	2	16	2	0	0	0	0	0	0	0	0	1	
735	37	6	4	16	4	2	0	0	0	0	0	0	0	0	1	
736	43	8	0	16	4	2	0	0	0	0	0	0	0	0	1	
737	43	0	10	16	4	2	0	0	0	0	0	0	0	0	1	
738	42	6	0	2	16	2	0	0	0	0	0	0	0	0	1	
739	43	12	4	16	4	2	0	0	0	0	0	0	0	0	1	
740	43	8	12	16	4	2	0	0	0	0	0	0	0	0	1	
741	43	0	0	16	4	2	0	0	0	0	0	0	0	0	1	
742	43	8	0	2	16	2	0	0	0	0	0	0	0	0	1	
743	43	12	6	16	4	2	0	0	0	0	0	0	0	0	1	
744	43	0	12	2	16	2	0	0	0	0	0	0	0	0	1	
745	43	4	0	16	4	2	0	0	0	0	0	0	0	0	1	
746	42	6	0	16	4	2	0	0	0	0	0	0	0	0	1	
747	43	12	12	16	4	2	0	0	0	0	0	0	0	0	1	
748	43	10	12	16	4	2	0	0	0	0	0	0	0	0	1	
749	43	2	12	16	4	2	0	0	0	0	0	0	0	0	1	
750	43	0	2	16	4	2	0	0	0	0	0	0	0	0	1	
751	34	6	8	16	4	2	0	0	0	0	0	0	0	0	1	
752	43	2	0	16	4	2	0	0	0	0	0	0	0	0	1	
753	43	12	0	16	4	2	0	0	0	0	0	0	0	0	1	
754	43	12	0	18	4	2	0	0	0	0	0	0	0	0	1	
755	42	6	0	18	4	2	0	0	0	0	0	0	0	0	1	
756	43	0	12	16	4	2	0	0	0	0	0	0	0	0	1	
757	43	12	10	18	4	2	0	0	0	0	0	0	0	0	1	
758	43	8	0	18	4	2	0	0	0	0	0	0	0	0	1	
759	43	2	0	18	4	2	0	0	0	0	0	0	0	0	1	
760	37	6	2	16	4	2	0	0	0	0	0	0	0	0	1	
761	43	12	2	18	4	2	0	0	0	0	0	0	0	0	1	
762	43	0	0	18	4	2	0	0	0	0	0	0	0	0	1	
763	37	6	2	18	4	2	0	0	0	0	0	0	0	0	1	
764	55	6	10	14	16	2	0	0	0	0	0	0	0	0	1	
765	37	6	6	18	4	2	0	0	0	0	0	0	0	0	1	
766	37	6	4	18	4	2	0	0	0	0	0	0	0	0	1	
767	43	0	6	18	4	2	0	0	0	0	0	0	0	0	1	
768	43	0	6	16	4	2	0	0	0	0	0	0	0	0	1	
769	42	6	12	18	4	2	0	0	0	0	0	0	0	0	1	
770	43	12	4	18	4	2	0	0	0	0	0	0	0	0	1	
771	34	6	8	18	4	2	0	0	0	0	0	0	0	0	1	
772	43	0	4	16	4	2	0	0	0	0	0	0	0	0	1	
773	43	4	0	18	4	2	0	0	0	0	0	0	0	0	1	
774	42	6	12	16	4	2	0	0	0	0	0	0	0	0	1	
775	43	10	12	18	4	2	0	0	0	0	0	0	0	0	1	
776	43	12	12	18	4	2	0	0	0	0	0	0	0	0	1	
777	43	12	6	18	4	2	0	0	0	0	0	0	0	0	1	
778	43	0	12	18	4	2	0	0	0	0	0	0	0	0	1	
779	43	0	8	18	4	2	0	0	0	0	0	0	0	0	1	
780	43	2	12	18	4	2	0	0	0	0	0	0	0	0	1	
781	17	2	20	-999	-999	2	0	0	0	0	0	0	0	0	1	
782	32	18	4	-999	-999	2	0	0	0	0	0	0	0	0	1	
762	762	759	759	773	773	755	755	758	758	790	790	754	754	
762	762	759	759	773	773	755	755	758	758	790	790	754	754	
798	798	NULL	NULL	NULL	NULL	763	763	NULL	NULL	NULL	NULL	761	761	
798	798	NULL	NULL	NULL	NULL	763	763	NULL	NULL	NULL	NULL	761	761	
794	794	NULL	NULL	NULL	NULL	766	766	NULL	NULL	NULL	NULL	770	770	
794	794	NULL	NULL	NULL	NULL	766	766	NULL	NULL	NULL	NULL	770	770	
767	767	NULL	NULL	NULL	NULL	765	765	NULL	NULL	NULL	NULL	777	777	
767	767	NULL	NULL	NULL	NULL	765	765	NULL	NULL	NULL	NULL	777	777	
779	779	NULL	NULL	NULL	NULL	771	771	NULL	NULL	NULL	NULL	786	786	
779	779	NULL	NULL	NULL	NULL	771	771	NULL	NULL	NULL	NULL	786	786	
804	804	NULL	NULL	NULL	NULL	603	603	NULL	NULL	NULL	NULL	757	757	
804	804	NULL	NULL	NULL	NULL	603	603	NULL	NULL	NULL	NULL	757	757	
778	778	780	780	573	573	769	769	802	802	775	775	776	776	
778	778	780	780	573	573	769	769	802	802	775	775	776	776	
783	37	6	6	16	4	2	0	0	0	0	0	0	0	0	1	
784	43	8	0	0	22	2	0	0	0	0	0	0	0	0	1	
785	43	0	2	0	22	2	0	0	0	0	0	0	0	0	1	
786	43	12	8	18	4	2	0	0	0	0	0	0	0	0	1	
787	19	14	20	-999	-999	2	0	0	0	0	0	0	0	0	1	
788	20	18	20	-999	-999	2	0	0	0	0	0	0	0	0	1	
789	43	2	0	0	22	2	0	0	0	0	0	0	0	0	1	
790	43	10	0	18	4	2	0	0	0	0	0	0	0	0	1	
791	21	10	20	-999	-999	2	0	0	0	0	0	0	0	0	1	
792	18	4	20	-999	-999	2	0	0	0	0	0	0	0	0	1	
793	43	8	12	0	22	2	0	0	0	0	0	0	0	0	1	
794	43	0	4	18	4	2	0	0	0	0	0	0	0	0	1	
795	43	6	0	0	22	2	0	0	0	0	0	0	0	0	1	
796	43	12	2	0	22	2	0	0	0	0	0	0	0	0	1	
797	18	16	20	-999	-999	2	0	0	0	0	0	0	0	0	1	
798	43	0	2	18	4	2	0	0	0	0	0	0	0	0	1	
799	43	0	8	0	22	2	0	0	0	0	0	0	0	0	1	
800	43	12	6	0	22	2	0	0	0	0	0	0	0	0	1	
801	20	6	20	-999	-999	2	0	0	0	0	0	0	0	0	1	
802	43	8	12	18	4	2	0	0	0	0	0	0	0	0	1	
803	17	22	20	-999	-999	2	0	0	0	0	0	0	0	0	1	
804	43	0	10	18	4	2	0	0	0	0	0	0	0	0	1	
805	32	0	22	-999	-999	2	0	0	0	0	0	0	0	0	1	
530	530	789	789	576	576	795	795	784	784	540	540	527	527	
530	530	789	789	576	576	795	795	784	784	540	540	527	527	
785	785	533	533	538	538	NULL	NULL	NULL	NULL	NULL	NULL	796	796	
785	785	533	533	538	538	NULL	NULL	NULL	NULL	NULL	NULL	796	796	
592	592	535	535	521	521	NULL	NULL	NULL	NULL	NULL	NULL	584	584	
592	592	535	535	521	521	NULL	NULL	NULL	NULL	NULL	NULL	584	584	
588	588	526	526	519	519	NULL	NULL	NULL	NULL	NULL	NULL	800	800	
588	588	526	526	519	519	NULL	NULL	NULL	NULL	NULL	NULL	800	800	
799	799	486	486	537	537	NULL	NULL	NULL	NULL	NULL	NULL	489	489	
799	799	486	486	537	537	NULL	NULL	NULL	NULL	NULL	NULL	489	489	
485	485	523	523	502	502	NULL	NULL	NULL	NULL	NULL	NULL	482	482	
485	485	523	523	502	502	NULL	NULL	NULL	NULL	NULL	NULL	482	482	
514	514	806	806	594	594	572	572	793	793	498	498	518	518	
514	514	806	806	594	594	572	572	793	793	498	498	518	518	
806	43	2	12	0	22	2	0	0	0	0	0	0	0	0	1	
807	21	20	20	-999	-999	2	0	0	0	0	0	0	0	0	1	
808	55	6	10	16	4	2	0	0	0	0	0	0	0	0	1	
809	19	8	20	-999	-999	2	0	0	0	0	0	0	0	0	1	
810	23	22	6	-999	-999	2	0	0	0	0	0	0	0	0	1	
811	26	20	6	-999	-999	2	0	0	0	0	0	0	0	0	1	
812	25	18	6	-999	-999	2	0	0	0	0	0	0	0	0	1	
813	24	16	6	-999	-999	2	0	0	0	0	0	0	0	0	1	
814	26	14	6	-999	-999	2	0	0	0	0	0	0	0	0	1	
815	22	12	6	-999	-999	2	0	0	0	0	0	0	0	0	1	
816	25	10	6	-999	-999	2	0	0	0	0	0	0	0	0	1	
817	23	8	6	-999	-999	2	0	0	0	0	0	0	0	0	1	
818	22	6	6	-999	-999	2	0	0	0	0	0	0	0	0	1	
819	24	4	6	-999	-999	2	0	0	0	0	0	0	0	0	1	
820	22	2	6	-999	-999	2	0	0	0	0	0	0	0	0	1	
821	23	0	6	-999	-999	2	0	0	0	0	0	0	0	0	1	
822	24	22	12	-999	-999	2	0	0	0	0	0	0	0	0	1	
823	23	20	12	-999	-999	2	0	0	0	0	0	0	0	0	1	
824	22	18	12	-999	-999	2	0	0	0	0	0	0	0	0	1	
825	26	16	12	-999	-999	2	0	0	0	0	0	0	0	0	1	
826	25	14	12	-999	-999	2	0	0	0	0	0	0	0	0	1	
827	24	12	12	-999	-999	2	0	0	0	0	0	0	0	0	1	
828	22	10	12	-999	-999	2	0	0	0	0	0	0	0	0	1	
829	43	0	0	8	16	2	0	0	0	0	0	0	0	0	1	
830	43	10	12	8	16	2	0	0	0	0	0	0	0	0	1	
831	35	2	6	0	0	2	0	0	0	0	0	0	0	0	1	
832	35	2	8	0	0	2	0	0	0	0	0	0	0	0	1	
833	35	2	10	0	0	2	0	0	0	0	0	0	0	0	1	
834	35	4	10	0	0	2	0	0	0	0	0	0	0	0	1	
835	35	6	10	0	0	2	0	0	0	0	0	0	0	0	1	
836	35	8	10	0	0	2	0	0	0	0	0	0	0	0	1	
837	35	10	8	0	0	2	0	0	0	0	0	0	0	0	1	
838	35	10	4	0	0	2	0	0	0	0	0	0	0	0	1	
839	43	10	0	8	16	2	0	0	0	0	0	0	0	0	1	
840	43	12	8	8	16	2	0	0	0	0	0	0	0	0	1	
841	43	0	10	8	16	2	0	0	0	0	0	0	0	0	1	
842	35	10	10	0	0	2	0	0	0	0	0	0	0	0	1	
843	55	6	10	22	16	2	0	0	0	0	0	0	0	0	1	
844	32	0	16	-999	-999	2	0	0	0	0	0	0	0	0	1	
865	865	845	845	849	849	853	853	857	857	861	861	867	867	
865	865	845	845	849	849	853	853	857	857	861	861	867	867	
846	846	NULL	NULL	NULL	NULL	869	869	NULL	NULL	NULL	NULL	848	848	
846	846	NULL	NULL	NULL	NULL	869	869	NULL	NULL	NULL	NULL	848	848	
850	850	NULL	NULL	NULL	NULL	870	870	NULL	NULL	NULL	NULL	852	852	
850	850	NULL	NULL	NULL	NULL	870	870	NULL	NULL	NULL	NULL	852	852	
854	854	NULL	NULL	NULL	NULL	871	871	NULL	NULL	NULL	NULL	856	856	
854	854	NULL	NULL	NULL	NULL	871	871	NULL	NULL	NULL	NULL	856	856	
858	858	NULL	NULL	NULL	NULL	872	872	NULL	NULL	NULL	NULL	860	860	
858	858	NULL	NULL	NULL	NULL	872	872	NULL	NULL	NULL	NULL	860	860	
862	862	NULL	NULL	NULL	NULL	873	873	NULL	NULL	NULL	NULL	864	864	
862	862	NULL	NULL	NULL	NULL	873	873	NULL	NULL	NULL	NULL	864	864	
866	866	847	847	851	851	855	855	859	859	863	863	868	868	
866	866	847	847	851	851	855	855	859	859	863	863	868	868	
845	43	2	0	0	16	2	0	0	0	0	0	0	0	0	1	
846	43	0	2	0	16	2	0	0	0	0	0	0	0	0	1	
847	43	2	12	0	16	2	0	0	0	0	0	0	0	0	1	
848	43	12	2	0	16	2	0	0	0	0	0	0	0	0	1	
849	43	4	0	0	16	2	0	0	0	0	0	0	0	0	1	
850	43	0	4	0	16	2	0	0	0	0	0	0	0	0	1	
851	43	4	12	0	16	2	0	0	0	0	0	0	0	0	1	
852	43	12	4	0	16	2	0	0	0	0	0	0	0	0	1	
853	42	6	0	0	16	2	0	0	0	0	0	0	0	0	1	
854	43	0	6	0	16	2	0	0	0	0	0	0	0	0	1	
855	42	6	12	0	16	2	0	0	0	0	0	0	0	0	1	
856	43	12	6	0	16	2	0	0	0	0	0	0	0	0	1	
857	43	8	0	0	16	2	0	0	0	0	0	0	0	0	1	
858	43	0	8	0	16	2	0	0	0	0	0	0	0	0	1	
859	43	8	12	0	16	2	0	0	0	0	0	0	0	0	1	
860	43	12	8	0	16	2	0	0	0	0	0	0	0	0	1	
861	43	10	0	0	16	2	0	0	0	0	0	0	0	0	1	
862	43	0	10	0	16	2	0	0	0	0	0	0	0	0	1	
863	43	10	12	0	16	2	0	0	0	0	0	0	0	0	1	
864	43	12	10	0	16	2	0	0	0	0	0	0	0	0	1	
865	43	0	0	0	16	2	0	0	0	0	0	0	0	0	1	
866	43	0	12	0	16	2	0	0	0	0	0	0	0	0	1	
867	43	12	0	0	16	2	0	0	0	0	0	0	0	0	1	
868	43	12	12	0	16	2	0	0	0	0	0	0	0	0	1	
869	37	6	2	0	16	2	0	0	0	0	0	0	0	0	1	
870	37	6	4	0	16	2	0	0	0	0	0	0	0	0	1	
871	37	6	6	0	16	2	0	0	0	0	0	0	0	0	1	
872	34	6	8	0	16	2	0	0	0	0	0	0	0	0	1	
873	55	6	10	0	16	2	0	0	0	0	0	0	0	0	1	
874	32	0	10	-999	-999	2	0	0	0	0	0	0	0	0	1	
899	899	898	898	881	881	903	903	888	888	882	882	897	897	
899	899	898	898	881	881	903	903	888	888	882	882	897	897	
893	893	NULL	NULL	NULL	NULL	887	887	NULL	NULL	NULL	NULL	885	885	
893	893	NULL	NULL	NULL	NULL	887	887	NULL	NULL	NULL	NULL	885	885	
877	877	NULL	NULL	NULL	NULL	883	883	NULL	NULL	NULL	NULL	894	894	
877	877	NULL	NULL	NULL	NULL	883	883	NULL	NULL	NULL	NULL	894	894	
892	892	NULL	NULL	NULL	NULL	879	879	NULL	NULL	NULL	NULL	902	902	
892	892	NULL	NULL	NULL	NULL	879	879	NULL	NULL	NULL	NULL	902	902	
886	886	NULL	NULL	NULL	NULL	875	875	NULL	NULL	NULL	NULL	884	884	
886	886	NULL	NULL	NULL	NULL	875	875	NULL	NULL	NULL	NULL	884	884	
900	900	NULL	NULL	NULL	NULL	895	895	NULL	NULL	NULL	NULL	878	878	
900	900	NULL	NULL	NULL	NULL	895	895	NULL	NULL	NULL	NULL	878	878	
876	876	889	889	896	896	890	890	901	901	880	880	891	891	
876	876	889	889	896	896	890	890	901	901	880	880	891	891	
875	34	6	8	0	10	2	0	0	0	0	0	0	0	0	1	
876	43	0	12	0	10	2	0	0	0	0	0	0	0	0	1	
877	43	0	4	0	10	2	0	0	0	0	0	0	0	0	1	
878	43	12	10	0	10	2	0	0	0	0	0	0	0	0	1	
879	37	6	6	0	10	2	0	0	0	0	0	0	0	0	1	
880	43	10	12	0	10	2	0	0	0	0	0	0	0	0	1	
881	43	4	0	0	10	2	0	0	0	0	0	0	0	0	1	
882	43	10	0	0	10	2	0	0	0	0	0	0	0	0	1	
883	37	6	4	0	10	2	0	0	0	0	0	0	0	0	1	
884	43	12	8	0	10	2	0	0	0	0	0	0	0	0	1	
885	43	12	2	0	10	2	0	0	0	0	0	0	0	0	1	
886	43	0	8	0	10	2	0	0	0	0	0	0	0	0	1	
887	37	6	2	0	10	2	0	0	0	0	0	0	0	0	1	
888	43	8	0	0	10	2	0	0	0	0	0	0	0	0	1	
889	43	2	12	0	10	2	0	0	0	0	0	0	0	0	1	
890	42	6	12	0	10	2	0	0	0	0	0	0	0	0	1	
891	43	12	12	0	10	2	0	0	0	0	0	0	0	0	1	
892	43	0	6	0	10	2	0	0	0	0	0	0	0	0	1	
893	43	0	2	0	10	2	0	0	0	0	0	0	0	0	1	
894	43	12	4	0	10	2	0	0	0	0	0	0	0	0	1	
895	50	6	10	0	10	2	0	0	0	0	0	0	0	0	1	
896	43	4	12	0	10	2	0	0	0	0	0	0	0	0	1	
897	43	12	0	0	10	2	0	0	0	0	0	0	0	0	1	
898	43	2	0	0	10	2	0	0	0	0	0	0	0	0	1	
899	43	0	0	0	10	2	0	0	0	0	0	0	0	0	1	
900	43	0	10	0	10	2	0	0	0	0	0	0	0	0	1	
901	43	8	12	0	10	2	0	0	0	0	0	0	0	0	1	
902	43	12	6	0	10	2	0	0	0	0	0	0	0	0	1	
903	42	6	0	0	10	2	0	0	0	0	0	0	0	0	1	
904	32	2	10	-999	-999	2	0	0	0	0	0	0	0	0	1	
929	929	928	928	911	911	933	933	918	918	912	912	927	927	
929	929	928	928	911	911	933	933	918	918	912	912	927	927	
923	923	NULL	NULL	NULL	NULL	917	917	NULL	NULL	NULL	NULL	915	915	
923	923	NULL	NULL	NULL	NULL	917	917	NULL	NULL	NULL	NULL	915	915	
907	907	NULL	NULL	NULL	NULL	913	913	NULL	NULL	NULL	NULL	924	924	
907	907	NULL	NULL	NULL	NULL	913	913	NULL	NULL	NULL	NULL	924	924	
922	922	NULL	NULL	NULL	NULL	909	909	NULL	NULL	NULL	NULL	932	932	
922	922	NULL	NULL	NULL	NULL	909	909	NULL	NULL	NULL	NULL	932	932	
916	916	NULL	NULL	NULL	NULL	905	905	NULL	NULL	NULL	NULL	914	914	
916	916	NULL	NULL	NULL	NULL	905	905	NULL	NULL	NULL	NULL	914	914	
930	930	NULL	NULL	NULL	NULL	925	925	NULL	NULL	NULL	NULL	908	908	
930	930	NULL	NULL	NULL	NULL	925	925	NULL	NULL	NULL	NULL	908	908	
906	906	919	919	926	926	920	920	931	931	910	910	921	921	
906	906	919	919	926	926	920	920	931	931	910	910	921	921	
905	34	6	8	2	10	2	0	0	0	0	0	0	0	0	1	
906	43	0	12	2	10	2	0	0	0	0	0	0	0	0	1	
907	43	0	4	2	10	2	0	0	0	0	0	0	0	0	1	
908	43	12	10	2	10	2	0	0	0	0	0	0	0	0	1	
909	37	6	6	2	10	2	0	0	0	0	0	0	0	0	1	
910	43	10	12	2	10	2	0	0	0	0	0	0	0	0	1	
911	43	4	0	2	10	2	0	0	0	0	0	0	0	0	1	
912	43	10	0	2	10	2	0	0	0	0	0	0	0	0	1	
913	37	6	4	2	10	2	0	0	0	0	0	0	0	0	1	
914	43	12	8	2	10	2	0	0	0	0	0	0	0	0	1	
915	43	12	2	2	10	2	0	0	0	0	0	0	0	0	1	
916	43	0	8	2	10	2	0	0	0	0	0	0	0	0	1	
917	37	6	2	2	10	2	0	0	0	0	0	0	0	0	1	
918	43	8	0	2	10	2	0	0	0	0	0	0	0	0	1	
919	43	2	12	2	10	2	0	0	0	0	0	0	0	0	1	
920	42	6	12	2	10	2	0	0	0	0	0	0	0	0	1	
921	43	12	12	2	10	2	0	0	0	0	0	0	0	0	1	
922	43	0	6	2	10	2	0	0	0	0	0	0	0	0	1	
923	43	0	2	2	10	2	0	0	0	0	0	0	0	0	1	
924	43	12	4	2	10	2	0	0	0	0	0	0	0	0	1	
925	50	6	10	2	10	2	0	0	0	0	0	0	0	0	1	
926	43	4	12	2	10	2	0	0	0	0	0	0	0	0	1	
927	43	12	0	2	10	2	0	0	0	0	0	0	0	0	1	
928	43	2	0	2	10	2	0	0	0	0	0	0	0	0	1	
929	43	0	0	2	10	2	0	0	0	0	0	0	0	0	1	
930	43	0	10	2	10	2	0	0	0	0	0	0	0	0	1	
931	43	8	12	2	10	2	0	0	0	0	0	0	0	0	1	
932	43	12	6	2	10	2	0	0	0	0	0	0	0	0	1	
933	42	6	0	2	10	2	0	0	0	0	0	0	0	0	1	
934	32	4	10	-999	-999	2	0	0	0	0	0	0	0	0	1	
959	959	958	958	941	941	963	963	948	948	942	942	957	957	
959	959	958	958	941	941	963	963	948	948	942	942	957	957	
953	953	NULL	NULL	NULL	NULL	947	947	NULL	NULL	NULL	NULL	945	945	
953	953	NULL	NULL	NULL	NULL	947	947	NULL	NULL	NULL	NULL	945	945	
937	937	NULL	NULL	NULL	NULL	943	943	NULL	NULL	NULL	NULL	954	954	
937	937	NULL	NULL	NULL	NULL	943	943	NULL	NULL	NULL	NULL	954	954	
952	952	NULL	NULL	NULL	NULL	939	939	NULL	NULL	NULL	NULL	962	962	
952	952	NULL	NULL	NULL	NULL	939	939	NULL	NULL	NULL	NULL	962	962	
946	946	NULL	NULL	NULL	NULL	935	935	NULL	NULL	NULL	NULL	944	944	
946	946	NULL	NULL	NULL	NULL	935	935	NULL	NULL	NULL	NULL	944	944	
960	960	NULL	NULL	NULL	NULL	955	955	NULL	NULL	NULL	NULL	938	938	
960	960	NULL	NULL	NULL	NULL	955	955	NULL	NULL	NULL	NULL	938	938	
936	936	949	949	956	956	950	950	961	961	940	940	951	951	
936	936	949	949	956	956	950	950	961	961	940	940	951	951	
935	34	6	8	4	10	2	0	0	0	0	0	0	0	0	1	
936	43	0	12	4	10	2	0	0	0	0	0	0	0	0	1	
937	43	0	4	4	10	2	0	0	0	0	0	0	0	0	1	
938	43	12	10	4	10	2	0	0	0	0	0	0	0	0	1	
939	37	6	6	4	10	2	0	0	0	0	0	0	0	0	1	
940	43	10	12	4	10	2	0	0	0	0	0	0	0	0	1	
941	43	4	0	4	10	2	0	0	0	0	0	0	0	0	1	
942	43	10	0	4	10	2	0	0	0	0	0	0	0	0	1	
943	37	6	4	4	10	2	0	0	0	0	0	0	0	0	1	
944	43	12	8	4	10	2	0	0	0	0	0	0	0	0	1	
945	43	12	2	4	10	2	0	0	0	0	0	0	0	0	1	
946	43	0	8	4	10	2	0	0	0	0	0	0	0	0	1	
947	37	6	2	4	10	2	0	0	0	0	0	0	0	0	1	
948	43	8	0	4	10	2	0	0	0	0	0	0	0	0	1	
949	43	2	12	4	10	2	0	0	0	0	0	0	0	0	1	
950	42	6	12	4	10	2	0	0	0	0	0	0	0	0	1	
951	43	12	12	4	10	2	0	0	0	0	0	0	0	0	1	
952	43	0	6	4	10	2	0	0	0	0	0	0	0	0	1	
953	43	0	2	4	10	2	0	0	0	0	0	0	0	0	1	
954	43	12	4	4	10	2	0	0	0	0	0	0	0	0	1	
955	50	6	10	4	10	2	0	0	0	0	0	0	0	0	1	
956	43	4	12	4	10	2	0	0	0	0	0	0	0	0	1	
957	43	12	0	4	10	2	0	0	0	0	0	0	0	0	1	
958	43	2	0	4	10	2	0	0	0	0	0	0	0	0	1	
959	43	0	0	4	10	2	0	0	0	0	0	0	0	0	1	
960	43	0	10	4	10	2	0	0	0	0	0	0	0	0	1	
961	43	8	12	4	10	2	0	0	0	0	0	0	0	0	1	
962	43	12	6	4	10	2	0	0	0	0	0	0	0	0	1	
963	42	6	0	4	10	2	0	0	0	0	0	0	0	0	1	
964	32	6	10	-999	-999	2	0	0	0	0	0	0	0	0	1	
989	989	988	988	971	971	993	993	978	978	972	972	987	987	
989	989	988	988	971	971	993	993	978	978	972	972	987	987	
983	983	NULL	NULL	NULL	NULL	977	977	NULL	NULL	NULL	NULL	975	975	
983	983	NULL	NULL	NULL	NULL	977	977	NULL	NULL	NULL	NULL	975	975	
967	967	NULL	NULL	NULL	NULL	973	973	NULL	NULL	NULL	NULL	984	984	
967	967	NULL	NULL	NULL	NULL	973	973	NULL	NULL	NULL	NULL	984	984	
982	982	NULL	NULL	NULL	NULL	969	969	NULL	NULL	NULL	NULL	992	992	
982	982	NULL	NULL	NULL	NULL	969	969	NULL	NULL	NULL	NULL	992	992	
976	976	NULL	NULL	NULL	NULL	965	965	NULL	NULL	NULL	NULL	974	974	
976	976	NULL	NULL	NULL	NULL	965	965	NULL	NULL	NULL	NULL	974	974	
990	990	NULL	NULL	NULL	NULL	985	985	NULL	NULL	NULL	NULL	968	968	
990	990	NULL	NULL	NULL	NULL	985	985	NULL	NULL	NULL	NULL	968	968	
966	966	979	979	986	986	980	980	991	991	970	970	981	981	
966	966	979	979	986	986	980	980	991	991	970	970	981	981	
965	34	6	8	6	10	2	0	0	0	0	0	0	0	0	1	
966	43	0	12	6	10	2	0	0	0	0	0	0	0	0	1	
967	43	0	4	6	10	2	0	0	0	0	0	0	0	0	1	
968	43	12	10	6	10	2	0	0	0	0	0	0	0	0	1	
969	37	6	6	6	10	2	0	0	0	0	0	0	0	0	1	
970	43	10	12	6	10	2	0	0	0	0	0	0	0	0	1	
971	43	4	0	6	10	2	0	0	0	0	0	0	0	0	1	
972	43	10	0	6	10	2	0	0	0	0	0	0	0	0	1	
973	37	6	4	6	10	2	0	0	0	0	0	0	0	0	1	
974	43	12	8	6	10	2	0	0	0	0	0	0	0	0	1	
975	43	12	2	6	10	2	0	0	0	0	0	0	0	0	1	
976	43	0	8	6	10	2	0	0	0	0	0	0	0	0	1	
977	37	6	2	6	10	2	0	0	0	0	0	0	0	0	1	
978	43	8	0	6	10	2	0	0	0	0	0	0	0	0	1	
979	43	2	12	6	10	2	0	0	0	0	0	0	0	0	1	
980	42	6	12	6	10	2	0	0	0	0	0	0	0	0	1	
981	43	12	12	6	10	2	0	0	0	0	0	0	0	0	1	
982	43	0	6	6	10	2	0	0	0	0	0	0	0	0	1	
983	43	0	2	6	10	2	0	0	0	0	0	0	0	0	1	
984	43	12	4	6	10	2	0	0	0	0	0	0	0	0	1	
985	50	6	10	6	10	2	0	0	0	0	0	0	0	0	1	
986	43	4	12	6	10	2	0	0	0	0	0	0	0	0	1	
987	43	12	0	6	10	2	0	0	0	0	0	0	0	0	1	
988	43	2	0	6	10	2	0	0	0	0	0	0	0	0	1	
989	43	0	0	6	10	2	0	0	0	0	0	0	0	0	1	
990	43	0	10	6	10	2	0	0	0	0	0	0	0	0	1	
991	43	8	12	6	10	2	0	0	0	0	0	0	0	0	1	
992	43	12	6	6	10	2	0	0	0	0	0	0	0	0	1	
993	42	6	0	6	10	2	0	0	0	0	0	0	0	0	1	
994	32	8	10	-999	-999	2	0	0	0	0	0	0	0	0	1	
1019	1019	1018	1018	1001	1001	1023	1023	1008	1008	1002	1002	1017	1017	
1019	1019	1018	1018	1001	1001	1023	1023	1008	1008	1002	1002	1017	1017	
1013	1013	NULL	NULL	NULL	NULL	1007	1007	NULL	NULL	NULL	NULL	1005	1005	
1013	1013	NULL	NULL	NULL	NULL	1007	1007	NULL	NULL	NULL	NULL	1005	1005	
997	997	NULL	NULL	NULL	NULL	1003	1003	NULL	NULL	NULL	NULL	1014	1014	
997	997	NULL	NULL	NULL	NULL	1003	1003	NULL	NULL	NULL	NULL	1014	1014	
1012	1012	NULL	NULL	NULL	NULL	999	999	NULL	NULL	NULL	NULL	1022	1022	
1012	1012	NULL	NULL	NULL	NULL	999	999	NULL	NULL	NULL	NULL	1022	1022	
1006	1006	NULL	NULL	NULL	NULL	995	995	NULL	NULL	NULL	NULL	1004	1004	
1006	1006	NULL	NULL	NULL	NULL	995	995	NULL	NULL	NULL	NULL	1004	1004	
1020	1020	NULL	NULL	NULL	NULL	1015	1015	NULL	NULL	NULL	NULL	998	998	
1020	1020	NULL	NULL	NULL	NULL	1015	1015	NULL	NULL	NULL	NULL	998	998	
996	996	1009	1009	1016	1016	1010	1010	1021	1021	1000	1000	1011	1011	
996	996	1009	1009	1016	1016	1010	1010	1021	1021	1000	1000	1011	1011	
995	34	6	8	8	10	2	0	0	0	0	0	0	0	0	1	
996	43	0	12	8	10	2	0	0	0	0	0	0	0	0	1	
997	43	0	4	8	10	2	0	0	0	0	0	0	0	0	1	
998	43	12	10	8	10	2	0	0	0	0	0	0	0	0	1	
999	37	6	6	8	10	2	0	0	0	0	0	0	0	0	1	
1000	43	10	12	8	10	2	0	0	0	0	0	0	0	0	1	
1001	43	4	0	8	10	2	0	0	0	0	0	0	0	0	1	
1002	43	10	0	8	10	2	0	0	0	0	0	0	0	0	1	
1003	37	6	4	8	10	2	0	0	0	0	0	0	0	0	1	
1004	43	12	8	8	10	2	0	0	0	0	0	0	0	0	1	
1005	43	12	2	8	10	2	0	0	0	0	0	0	0	0	1	
1006	43	0	8	8	10	2	0	0	0	0	0	0	0	0	1	
1007	37	6	2	8	10	2	0	0	0	0	0	0	0	0	1	
1008	43	8	0	8	10	2	0	0	0	0	0	0	0	0	1	
1009	43	2	12	8	10	2	0	0	0	0	0	0	0	0	1	
1010	42	6	12	8	10	2	0	0	0	0	0	0	0	0	1	
1011	43	12	12	8	10	2	0	0	0	0	0	0	0	0	1	
1012	43	0	6	8	10	2	0	0	0	0	0	0	0	0	1	
1013	43	0	2	8	10	2	0	0	0	0	0	0	0	0	1	
1014	43	12	4	8	10	2	0	0	0	0	0	0	0	0	1	
1015	50	6	10	8	10	2	0	0	0	0	0	0	0	0	1	
1016	43	4	12	8	10	2	0	0	0	0	0	0	0	0	1	
1017	43	12	0	8	10	2	0	0	0	0	0	0	0	0	1	
1018	43	2	0	8	10	2	0	0	0	0	0	0	0	0	1	
1019	43	0	0	8	10	2	0	0	0	0	0	0	0	0	1	
1020	43	0	10	8	10	2	0	0	0	0	0	0	0	0	1	
1021	43	8	12	8	10	2	0	0	0	0	0	0	0	0	1	
1022	43	12	6	8	10	2	0	0	0	0	0	0	0	0	1	
1023	42	6	0	8	10	2	0	0	0	0	0	0	0	0	1	
1024	32	10	10	-999	-999	2	0	0	0	0	0	0	0	0	1	
1049	1049	1048	1048	1031	1031	1053	1053	1038	1038	1032	1032	1047	1047	
1049	1049	1048	1048	1031	1031	1053	1053	1038	1038	1032	1032	1047	1047	
1043	1043	NULL	NULL	NULL	NULL	1037	1037	NULL	NULL	NULL	NULL	1035	1035	
1043	1043	NULL	NULL	NULL	NULL	1037	1037	NULL	NULL	NULL	NULL	1035	1035	
1027	1027	NULL	NULL	NULL	NULL	1033	1033	NULL	NULL	NULL	NULL	1044	1044	
1027	1027	NULL	NULL	NULL	NULL	1033	1033	NULL	NULL	NULL	NULL	1044	1044	
1042	1042	NULL	NULL	NULL	NULL	1029	1029	NULL	NULL	NULL	NULL	1052	1052	
1042	1042	NULL	NULL	NULL	NULL	1029	1029	NULL	NULL	NULL	NULL	1052	1052	
1036	1036	NULL	NULL	NULL	NULL	1025	1025	NULL	NULL	NULL	NULL	1034	1034	
1036	1036	NULL	NULL	NULL	NULL	1025	1025	NULL	NULL	NULL	NULL	1034	1034	
1050	1050	NULL	NULL	NULL	NULL	1045	1045	NULL	NULL	NULL	NULL	1028	1028	
1050	1050	NULL	NULL	NULL	NULL	1045	1045	NULL	NULL	NULL	NULL	1028	1028	
1026	1026	1039	1039	1046	1046	1040	1040	1051	1051	1030	1030	1041	1041	
1026	1026	1039	1039	1046	1046	1040	1040	1051	1051	1030	1030	1041	1041	
1025	34	6	8	10	10	2	0	0	0	0	0	0	0	0	1	
1026	43	0	12	10	10	2	0	0	0	0	0	0	0	0	1	
1027	43	0	4	10	10	2	0	0	0	0	0	0	0	0	1	
1028	43	12	10	10	10	2	0	0	0	0	0	0	0	0	1	
1029	37	6	6	10	10	2	0	0	0	0	0	0	0	0	1	
1030	43	10	12	10	10	2	0	0	0	0	0	0	0	0	1	
1031	43	4	0	10	10	2	0	0	0	0	0	0	0	0	1	
1032	43	10	0	10	10	2	0	0	0	0	0	0	0	0	1	
1033	37	6	4	10	10	2	0	0	0	0	0	0	0	0	1	
1034	43	12	8	10	10	2	0	0	0	0	0	0	0	0	1	
1035	43	12	2	10	10	2	0	0	0	0	0	0	0	0	1	
1036	43	0	8	10	10	2	0	0	0	0	0	0	0	0	1	
1037	37	6	2	10	10	2	0	0	0	0	0	0	0	0	1	
1038	43	8	0	10	10	2	0	0	0	0	0	0	0	0	1	
1039	43	2	12	10	10	2	0	0	0	0	0	0	0	0	1	
1040	42	6	12	10	10	2	0	0	0	0	0	0	0	0	1	
1041	43	12	12	10	10	2	0	0	0	0	0	0	0	0	1	
1042	43	0	6	10	10	2	0	0	0	0	0	0	0	0	1	
1043	43	0	2	10	10	2	0	0	0	0	0	0	0	0	1	
1044	43	12	4	10	10	2	0	0	0	0	0	0	0	0	1	
1045	50	6	10	10	10	2	0	0	0	0	0	0	0	0	1	
1046	43	4	12	10	10	2	0	0	0	0	0	0	0	0	1	
1047	43	12	0	10	10	2	0	0	0	0	0	0	0	0	1	
1048	43	2	0	10	10	2	0	0	0	0	0	0	0	0	1	
1049	43	0	0	10	10	2	0	0	0	0	0	0	0	0	1	
1050	43	0	10	10	10	2	0	0	0	0	0	0	0	0	1	
1051	43	8	12	10	10	2	0	0	0	0	0	0	0	0	1	
1052	43	12	6	10	10	2	0	0	0	0	0	0	0	0	1	
1053	42	6	0	10	10	2	0	0	0	0	0	0	0	0	1	
1054	32	12	10	-999	-999	2	0	0	0	0	0	0	0	0	1	
1079	1079	1078	1078	1061	1061	1083	1083	1068	1068	1062	1062	1077	1077	
1079	1079	1078	1078	1061	1061	1083	1083	1068	1068	1062	1062	1077	1077	
1073	1073	NULL	NULL	NULL	NULL	1067	1067	NULL	NULL	NULL	NULL	1065	1065	
1073	1073	NULL	NULL	NULL	NULL	1067	1067	NULL	NULL	NULL	NULL	1065	1065	
1057	1057	NULL	NULL	NULL	NULL	1063	1063	NULL	NULL	NULL	NULL	1074	1074	
1057	1057	NULL	NULL	NULL	NULL	1063	1063	NULL	NULL	NULL	NULL	1074	1074	
1072	1072	NULL	NULL	NULL	NULL	1059	1059	NULL	NULL	NULL	NULL	1082	1082	
1072	1072	NULL	NULL	NULL	NULL	1059	1059	NULL	NULL	NULL	NULL	1082	1082	
1066	1066	NULL	NULL	NULL	NULL	1055	1055	NULL	NULL	NULL	NULL	1064	1064	
1066	1066	NULL	NULL	NULL	NULL	1055	1055	NULL	NULL	NULL	NULL	1064	1064	
1080	1080	NULL	NULL	NULL	NULL	1075	1075	NULL	NULL	NULL	NULL	1058	1058	
1080	1080	NULL	NULL	NULL	NULL	1075	1075	NULL	NULL	NULL	NULL	1058	1058	
1056	1056	1069	1069	1076	1076	1070	1070	1081	1081	1060	1060	1071	1071	
1056	1056	1069	1069	1076	1076	1070	1070	1081	1081	1060	1060	1071	1071	
1055	34	6	8	12	10	2	0	0	0	0	0	0	0	0	1	
1056	43	0	12	12	10	2	0	0	0	0	0	0	0	0	1	
1057	43	0	4	12	10	2	0	0	0	0	0	0	0	0	1	
1058	43	12	10	12	10	2	0	0	0	0	0	0	0	0	1	
1059	37	6	6	12	10	2	0	0	0	0	0	0	0	0	1	
1060	43	10	12	12	10	2	0	0	0	0	0	0	0	0	1	
1061	43	4	0	12	10	2	0	0	0	0	0	0	0	0	1	
1062	43	10	0	12	10	2	0	0	0	0	0	0	0	0	1	
1063	37	6	4	12	10	2	0	0	0	0	0	0	0	0	1	
1064	43	12	8	12	10	2	0	0	0	0	0	0	0	0	1	
1065	43	12	2	12	10	2	0	0	0	0	0	0	0	0	1	
1066	43	0	8	12	10	2	0	0	0	0	0	0	0	0	1	
1067	37	6	2	12	10	2	0	0	0	0	0	0	0	0	1	
1068	43	8	0	12	10	2	0	0	0	0	0	0	0	0	1	
1069	43	2	12	12	10	2	0	0	0	0	0	0	0	0	1	
1070	42	6	12	12	10	2	0	0	0	0	0	0	0	0	1	
1071	43	12	12	12	10	2	0	0	0	0	0	0	0	0	1	
1072	43	0	6	12	10	2	0	0	0	0	0	0	0	0	1	
1073	43	0	2	12	10	2	0	0	0	0	0	0	0	0	1	
1074	43	12	4	12	10	2	0	0	0	0	0	0	0	0	1	
1075	50	6	10	12	10	2	0	0	0	0	0	0	0	0	1	
1076	43	4	12	12	10	2	0	0	0	0	0	0	0	0	1	
1077	43	12	0	12	10	2	0	0	0	0	0	0	0	0	1	
1078	43	2	0	12	10	2	0	0	0	0	0	0	0	0	1	
1079	43	0	0	12	10	2	0	0	0	0	0	0	0	0	1	
1080	43	0	10	12	10	2	0	0	0	0	0	0	0	0	1	
1081	43	8	12	12	10	2	0	0	0	0	0	0	0	0	1	
1082	43	12	6	12	10	2	0	0	0	0	0	0	0	0	1	
1083	42	6	0	12	10	2	0	0	0	0	0	0	0	0	1	
1084	32	14	10	-999	-999	2	0	0	0	0	0	0	0	0	1	
1109	1109	1108	1108	1091	1091	1113	1113	1098	1098	1092	1092	1107	1107	
1109	1109	1108	1108	1091	1091	1113	1113	1098	1098	1092	1092	1107	1107	
1103	1103	NULL	NULL	NULL	NULL	1097	1097	NULL	NULL	NULL	NULL	1095	1095	
1103	1103	NULL	NULL	NULL	NULL	1097	1097	NULL	NULL	NULL	NULL	1095	1095	
1087	1087	NULL	NULL	NULL	NULL	1093	1093	NULL	NULL	NULL	NULL	1104	1104	
1087	1087	NULL	NULL	NULL	NULL	1093	1093	NULL	NULL	NULL	NULL	1104	1104	
1102	1102	NULL	NULL	NULL	NULL	1089	1089	NULL	NULL	NULL	NULL	1112	1112	
1102	1102	NULL	NULL	NULL	NULL	1089	1089	NULL	NULL	NULL	NULL	1112	1112	
1096	1096	NULL	NULL	NULL	NULL	1085	1085	NULL	NULL	NULL	NULL	1094	1094	
1096	1096	NULL	NULL	NULL	NULL	1085	1085	NULL	NULL	NULL	NULL	1094	1094	
1110	1110	NULL	NULL	NULL	NULL	1105	1105	NULL	NULL	NULL	NULL	1088	1088	
1110	1110	NULL	NULL	NULL	NULL	1105	1105	NULL	NULL	NULL	NULL	1088	1088	
1086	1086	1099	1099	1106	1106	1100	1100	1111	1111	1090	1090	1101	1101	
1086	1086	1099	1099	1106	1106	1100	1100	1111	1111	1090	1090	1101	1101	
1085	34	6	8	14	10	2	0	0	0	0	0	0	0	0	1	
1086	43	0	12	14	10	2	0	0	0	0	0	0	0	0	1	
1087	43	0	4	14	10	2	0	0	0	0	0	0	0	0	1	
1088	43	12	10	14	10	2	0	0	0	0	0	0	0	0	1	
1089	37	6	6	14	10	2	0	0	0	0	0	0	0	0	1	
1090	43	10	12	14	10	2	0	0	0	0	0	0	0	0	1	
1091	43	4	0	14	10	2	0	0	0	0	0	0	0	0	1	
1092	43	10	0	14	10	2	0	0	0	0	0	0	0	0	1	
1093	37	6	4	14	10	2	0	0	0	0	0	0	0	0	1	
1094	43	12	8	14	10	2	0	0	0	0	0	0	0	0	1	
1095	43	12	2	14	10	2	0	0	0	0	0	0	0	0	1	
1096	43	0	8	14	10	2	0	0	0	0	0	0	0	0	1	
1097	37	6	2	14	10	2	0	0	0	0	0	0	0	0	1	
1098	43	8	0	14	10	2	0	0	0	0	0	0	0	0	1	
1099	43	2	12	14	10	2	0	0	0	0	0	0	0	0	1	
1100	42	6	12	14	10	2	0	0	0	0	0	0	0	0	1	
1101	43	12	12	14	10	2	0	0	0	0	0	0	0	0	1	
1102	43	0	6	14	10	2	0	0	0	0	0	0	0	0	1	
1103	43	0	2	14	10	2	0	0	0	0	0	0	0	0	1	
1104	43	12	4	14	10	2	0	0	0	0	0	0	0	0	1	
1105	50	6	10	14	10	2	0	0	0	0	0	0	0	0	1	
1106	43	4	12	14	10	2	0	0	0	0	0	0	0	0	1	
1107	43	12	0	14	10	2	0	0	0	0	0	0	0	0	1	
1108	43	2	0	14	10	2	0	0	0	0	0	0	0	0	1	
1109	43	0	0	14	10	2	0	0	0	0	0	0	0	0	1	
1110	43	0	10	14	10	2	0	0	0	0	0	0	0	0	1	
1111	43	8	12	14	10	2	0	0	0	0	0	0	0	0	1	
1112	43	12	6	14	10	2	0	0	0	0	0	0	0	0	1	
1113	42	6	0	14	10	2	0	0	0	0	0	0	0	0	1	
1114	32	16	10	-999	-999	2	0	0	0	0	0	0	0	0	1	
1139	1139	1138	1138	1121	1121	1143	1143	1128	1128	1122	1122	1137	1137	
1139	1139	1138	1138	1121	1121	1143	1143	1128	1128	1122	1122	1137	1137	
1133	1133	NULL	NULL	NULL	NULL	1127	1127	NULL	NULL	NULL	NULL	1125	1125	
1133	1133	NULL	NULL	NULL	NULL	1127	1127	NULL	NULL	NULL	NULL	1125	1125	
1117	1117	NULL	NULL	NULL	NULL	1123	1123	NULL	NULL	NULL	NULL	1134	1134	
1117	1117	NULL	NULL	NULL	NULL	1123	1123	NULL	NULL	NULL	NULL	1134	1134	
1132	1132	NULL	NULL	NULL	NULL	1119	1119	NULL	NULL	NULL	NULL	1142	1142	
1132	1132	NULL	NULL	NULL	NULL	1119	1119	NULL	NULL	NULL	NULL	1142	1142	
1126	1126	NULL	NULL	NULL	NULL	1115	1115	NULL	NULL	NULL	NULL	1124	1124	
1126	1126	NULL	NULL	NULL	NULL	1115	1115	NULL	NULL	NULL	NULL	1124	1124	
1140	1140	NULL	NULL	NULL	NULL	1135	1135	NULL	NULL	NULL	NULL	1118	1118	
1140	1140	NULL	NULL	NULL	NULL	1135	1135	NULL	NULL	NULL	NULL	1118	1118	
1116	1116	1129	1129	1136	1136	1130	1130	1141	1141	1120	1120	1131	1131	
1116	1116	1129	1129	1136	1136	1130	1130	1141	1141	1120	1120	1131	1131	
1115	34	6	8	16	10	2	0	0	0	0	0	0	0	0	1	
1116	43	0	12	16	10	2	0	0	0	0	0	0	0	0	1	
1117	43	0	4	16	10	2	0	0	0	0	0	0	0	0	1	
1118	43	12	10	16	10	2	0	0	0	0	0	0	0	0	1	
1119	37	6	6	16	10	2	0	0	0	0	0	0	0	0	1	
1120	43	10	12	16	10	2	0	0	0	0	0	0	0	0	1	
1121	43	4	0	16	10	2	0	0	0	0	0	0	0	0	1	
1122	43	10	0	16	10	2	0	0	0	0	0	0	0	0	1	
1123	37	6	4	16	10	2	0	0	0	0	0	0	0	0	1	
1124	43	12	8	16	10	2	0	0	0	0	0	0	0	0	1	
1125	43	12	2	16	10	2	0	0	0	0	0	0	0	0	1	
1126	43	0	8	16	10	2	0	0	0	0	0	0	0	0	1	
1127	37	6	2	16	10	2	0	0	0	0	0	0	0	0	1	
1128	43	8	0	16	10	2	0	0	0	0	0	0	0	0	1	
1129	43	2	12	16	10	2	0	0	0	0	0	0	0	0	1	
1130	42	6	12	16	10	2	0	0	0	0	0	0	0	0	1	
1131	43	12	12	16	10	2	0	0	0	0	0	0	0	0	1	
1132	43	0	6	16	10	2	0	0	0	0	0	0	0	0	1	
1133	43	0	2	16	10	2	0	0	0	0	0	0	0	0	1	
1134	43	12	4	16	10	2	0	0	0	0	0	0	0	0	1	
1135	50	6	10	16	10	2	0	0	0	0	0	0	0	0	1	
1136	43	4	12	16	10	2	0	0	0	0	0	0	0	0	1	
1137	43	12	0	16	10	2	0	0	0	0	0	0	0	0	1	
1138	43	2	0	16	10	2	0	0	0	0	0	0	0	0	1	
1139	43	0	0	16	10	2	0	0	0	0	0	0	0	0	1	
1140	43	0	10	16	10	2	0	0	0	0	0	0	0	0	1	
1141	43	8	12	16	10	2	0	0	0	0	0	0	0	0	1	
1142	43	12	6	16	10	2	0	0	0	0	0	0	0	0	1	
1143	42	6	0	16	10	2	0	0	0	0	0	0	0	0	1	
1144	32	18	10	-999	-999	2	0	0	0	0	0	0	0	0	1	
1169	1169	1168	1168	1151	1151	1173	1173	1158	1158	1152	1152	1167	1167	
1169	1169	1168	1168	1151	1151	1173	1173	1158	1158	1152	1152	1167	1167	
1163	1163	NULL	NULL	NULL	NULL	1157	1157	NULL	NULL	NULL	NULL	1155	1155	
1163	1163	NULL	NULL	NULL	NULL	1157	1157	NULL	NULL	NULL	NULL	1155	1155	
1147	1147	NULL	NULL	NULL	NULL	1153	1153	NULL	NULL	NULL	NULL	1164	1164	
1147	1147	NULL	NULL	NULL	NULL	1153	1153	NULL	NULL	NULL	NULL	1164	1164	
1162	1162	NULL	NULL	NULL	NULL	1149	1149	NULL	NULL	NULL	NULL	1172	1172	
1162	1162	NULL	NULL	NULL	NULL	1149	1149	NULL	NULL	NULL	NULL	1172	1172	
1156	1156	NULL	NULL	NULL	NULL	1145	1145	NULL	NULL	NULL	NULL	1154	1154	
1156	1156	NULL	NULL	NULL	NULL	1145	1145	NULL	NULL	NULL	NULL	1154	1154	
1170	1170	NULL	NULL	NULL	NULL	1165	1165	NULL	NULL	NULL	NULL	1148	1148	
1170	1170	NULL	NULL	NULL	NULL	1165	1165	NULL	NULL	NULL	NULL	1148	1148	
1146	1146	1159	1159	1166	1166	1160	1160	1171	1171	1150	1150	1161	1161	
1146	1146	1159	1159	1166	1166	1160	1160	1171	1171	1150	1150	1161	1161	
1145	34	6	8	18	10	2	0	0	0	0	0	0	0	0	1	
1146	43	0	12	18	10	2	0	0	0	0	0	0	0	0	1	
1147	43	0	4	18	10	2	0	0	0	0	0	0	0	0	1	
1148	43	12	10	18	10	2	0	0	0	0	0	0	0	0	1	
1149	37	6	6	18	10	2	0	0	0	0	0	0	0	0	1	
1150	43	10	12	18	10	2	0	0	0	0	0	0	0	0	1	
1151	43	4	0	18	10	2	0	0	0	0	0	0	0	0	1	
1152	43	10	0	18	10	2	0	0	0	0	0	0	0	0	1	
1153	37	6	4	18	10	2	0	0	0	0	0	0	0	0	1	
1154	43	12	8	18	10	2	0	0	0	0	0	0	0	0	1	
1155	43	12	2	18	10	2	0	0	0	0	0	0	0	0	1	
1156	43	0	8	18	10	2	0	0	0	0	0	0	0	0	1	
1157	37	6	2	18	10	2	0	0	0	0	0	0	0	0	1	
1158	43	8	0	18	10	2	0	0	0	0	0	0	0	0	1	
1159	43	2	12	18	10	2	0	0	0	0	0	0	0	0	1	
1160	42	6	12	18	10	2	0	0	0	0	0	0	0	0	1	
1161	43	12	12	18	10	2	0	0	0	0	0	0	0	0	1	
1162	43	0	6	18	10	2	0	0	0	0	0	0	0	0	1	
1163	43	0	2	18	10	2	0	0	0	0	0	0	0	0	1	
1164	43	12	4	18	10	2	0	0	0	0	0	0	0	0	1	
1165	50	6	10	18	10	2	0	0	0	0	0	0	0	0	1	
1166	43	4	12	18	10	2	0	0	0	0	0	0	0	0	1	
1167	43	12	0	18	10	2	0	0	0	0	0	0	0	0	1	
1168	43	2	0	18	10	2	0	0	0	0	0	0	0	0	1	
1169	43	0	0	18	10	2	0	0	0	0	0	0	0	0	1	
1170	43	0	10	18	10	2	0	0	0	0	0	0	0	0	1	
1171	43	8	12	18	10	2	0	0	0	0	0	0	0	0	1	
1172	43	12	6	18	10	2	0	0	0	0	0	0	0	0	1	
1173	42	6	0	18	10	2	0	0	0	0	0	0	0	0	1	
1174	32	20	10	-999	-999	2	0	0	0	0	0	0	0	0	1	
1199	1199	1198	1198	1181	1181	1203	1203	1188	1188	1182	1182	1197	1197	
1199	1199	1198	1198	1181	1181	1203	1203	1188	1188	1182	1182	1197	1197	
1193	1193	NULL	NULL	NULL	NULL	1187	1187	NULL	NULL	NULL	NULL	1185	1185	
1193	1193	NULL	NULL	NULL	NULL	1187	1187	NULL	NULL	NULL	NULL	1185	1185	
1177	1177	NULL	NULL	NULL	NULL	1183	1183	NULL	NULL	NULL	NULL	1194	1194	
1177	1177	NULL	NULL	NULL	NULL	1183	1183	NULL	NULL	NULL	NULL	1194	1194	
1192	1192	NULL	NULL	NULL	NULL	1179	1179	NULL	NULL	NULL	NULL	1202	1202	
1192	1192	NULL	NULL	NULL	NULL	1179	1179	NULL	NULL	NULL	NULL	1202	1202	
1186	1186	NULL	NULL	NULL	NULL	1175	1175	NULL	NULL	NULL	NULL	1184	1184	
1186	1186	NULL	NULL	NULL	NULL	1175	1175	NULL	NULL	NULL	NULL	1184	1184	
1200	1200	NULL	NULL	NULL	NULL	1195	1195	NULL	NULL	NULL	NULL	1178	1178	
1200	1200	NULL	NULL	NULL	NULL	1195	1195	NULL	NULL	NULL	NULL	1178	1178	
1176	1176	1189	1189	1196	1196	1190	1190	1201	1201	1180	1180	1191	1191	
1176	1176	1189	1189	1196	1196	1190	1190	1201	1201	1180	1180	1191	1191	
1175	34	6	8	20	10	2	0	0	0	0	0	0	0	0	1	
1176	43	0	12	20	10	2	0	0	0	0	0	0	0	0	1	
1177	43	0	4	20	10	2	0	0	0	0	0	0	0	0	1	
1178	43	12	10	20	10	2	0	0	0	0	0	0	0	0	1	
1179	37	6	6	20	10	2	0	0	0	0	0	0	0	0	1	
1180	43	10	12	20	10	2	0	0	0	0	0	0	0	0	1	
1181	43	4	0	20	10	2	0	0	0	0	0	0	0	0	1	
1182	43	10	0	20	10	2	0	0	0	0	0	0	0	0	1	
1183	37	6	4	20	10	2	0	0	0	0	0	0	0	0	1	
1184	43	12	8	20	10	2	0	0	0	0	0	0	0	0	1	
1185	43	12	2	20	10	2	0	0	0	0	0	0	0	0	1	
1186	43	0	8	20	10	2	0	0	0	0	0	0	0	0	1	
1187	37	6	2	20	10	2	0	0	0	0	0	0	0	0	1	
1188	43	8	0	20	10	2	0	0	0	0	0	0	0	0	1	
1189	43	2	12	20	10	2	0	0	0	0	0	0	0	0	1	
1190	42	6	12	20	10	2	0	0	0	0	0	0	0	0	1	
1191	43	12	12	20	10	2	0	0	0	0	0	0	0	0	1	
1192	43	0	6	20	10	2	0	0	0	0	0	0	0	0	1	
1193	43	0	2	20	10	2	0	0	0	0	0	0	0	0	1	
1194	43	12	4	20	10	2	0	0	0	0	0	0	0	0	1	
1195	50	6	10	20	10	2	0	0	0	0	0	0	0	0	1	
1196	43	4	12	20	10	2	0	0	0	0	0	0	0	0	1	
1197	43	12	0	20	10	2	0	0	0	0	0	0	0	0	1	
1198	43	2	0	20	10	2	0	0	0	0	0	0	0	0	1	
1199	43	0	0	20	10	2	0	0	0	0	0	0	0	0	1	
1200	43	0	10	20	10	2	0	0	0	0	0	0	0	0	1	
1201	43	8	12	20	10	2	0	0	0	0	0	0	0	0	1	
1202	43	12	6	20	10	2	0	0	0	0	0	0	0	0	1	
1203	42	6	0	20	10	2	0	0	0	0	0	0	0	0	1	
1204	22	22	18	-999	-999	2	0	0	0	0	0	0	0	0	1	
1205	26	20	18	-999	-999	2	0	0	0	0	0	0	0	0	1	
1206	25	18	18	-999	-999	2	0	0	0	0	0	0	0	0	1	
1207	23	16	18	-999	-999	2	0	0	0	0	0	0	0	0	1	
1208	24	14	18	-999	-999	2	0	0	0	0	0	0	0	0	1	
1209	22	12	18	-999	-999	2	0	0	0	0	0	0	0	0	1	
1210	26	10	18	-999	-999	2	0	0	0	0	0	0	0	0	1	
1211	24	8	18	-999	-999	2	0	0	0	0	0	0	0	0	1	
1212	25	6	18	-999	-999	2	0	0	0	0	0	0	0	0	1	
1213	23	4	18	-999	-999	2	0	0	0	0	0	0	0	0	1	
1214	22	2	18	-999	-999	2	0	0	0	0	0	0	0	0	1	
1215	26	0	18	-999	-999	2	0	0	0	0	0	0	0	0	1	
1216	42	12	6	14	22	2	0	0	0	0	0	0	0	0	1	
1217	43	2	12	20	22	2	0	0	0	0	0	0	0	0	1	
1218	43	0	4	14	22	2	0	0	0	0	0	0	0	0	1	
1219	43	12	0	14	22	2	0	0	0	0	0	0	0	0	1	
1220	39	6	6	14	22	2	0	0	0	0	0	0	0	0	1	
1221	43	0	2	20	22	2	0	0	0	0	0	0	0	0	1	
1222	42	6	12	14	22	2	0	0	0	0	0	0	0	0	1	
1223	43	10	12	14	22	2	0	0	0	0	0	0	0	0	1	
1224	43	0	0	14	22	2	0	0	0	0	0	0	0	0	1	
1225	43	2	0	20	22	2	0	0	0	0	0	0	0	0	1	
1226	74	6	4	14	22	2	0	0	0	0	0	0	0	0	1	
1227	39	10	6	18	22	2	0	0	0	0	0	0	0	0	1	
1228	43	0	10	14	22	2	0	0	0	0	0	0	0	0	1	
1229	32	20	22	-999	-999	2	0	0	0	0	0	0	0	0	1	
30	30	1225	1225	80	80	54	54	46	46	49	49	53	53	
30	30	1225	1225	80	80	54	54	46	46	49	49	53	53	
1221	1221	NULL	NULL	NULL	NULL	NULL	NULL	NULL	NULL	NULL	NULL	1237	1237	
1221	1221	NULL	NULL	NULL	NULL	NULL	NULL	NULL	NULL	NULL	NULL	1237	1237	
38	38	NULL	NULL	NULL	NULL	NULL	NULL	NULL	NULL	NULL	NULL	37	37	
38	38	NULL	NULL	NULL	NULL	NULL	NULL	NULL	NULL	NULL	NULL	37	37	
87	87	84	84	47	47	82	82	40	40	52	52	42	42	
87	87	84	84	47	47	82	82	40	40	52	52	42	42	
50	50	NULL	NULL	NULL	NULL	NULL	NULL	NULL	NULL	NULL	NULL	41	41	
50	50	NULL	NULL	NULL	NULL	NULL	NULL	NULL	NULL	NULL	NULL	41	41	
36	36	NULL	NULL	NULL	NULL	NULL	NULL	NULL	NULL	NULL	NULL	32	32	
36	36	NULL	NULL	NULL	NULL	NULL	NULL	NULL	NULL	NULL	NULL	32	32	
88	88	1217	1217	48	48	83	83	33	33	34	34	86	86	
88	88	1217	1217	48	48	83	83	33	33	34	34	86	86	
1230	43	4	12	14	22	2	0	0	0	0	0	0	0	0	1	
1231	43	4	0	14	22	2	0	0	0	0	0	0	0	0	1	
1232	39	2	6	14	22	2	0	0	0	0	0	0	0	0	1	
1233	43	12	2	14	22	2	0	0	0	0	0	0	0	0	1	
1234	39	6	2	14	22	2	0	0	0	0	0	0	0	0	1	
1235	43	2	12	14	22	2	0	0	0	0	0	0	0	0	1	
1236	43	0	2	14	22	2	0	0	0	0	0	0	0	0	1	
1237	43	12	2	20	22	2	0	0	0	0	0	0	0	0	1	
1238	43	12	4	14	22	2	0	0	0	0	0	0	0	0	1	
1239	39	6	6	16	22	2	0	0	0	0	0	0	0	0	1	
1240	39	6	10	18	22	2	0	0	0	0	0	0	0	0	1	
1241	39	6	8	18	22	1	0	0	0	0	0	0	0	0	1	
1242	43	12	8	14	22	2	0	0	0	0	0	0	0	0	1	
1243	43	10	0	14	22	2	0	0	0	0	0	0	0	0	1	
1244	42	0	6	14	22	2	0	0	0	0	0	0	0	0	1	
1245	32	14	22	-999	-999	2	0	0	0	0	0	0	0	0	1	
1224	1224	1253	1253	1231	1231	76	76	1248	1248	1243	1243	1219	1219	
1224	1224	1253	1253	1231	1231	76	76	1248	1248	1243	1243	1219	1219	
1236	1236	NULL	NULL	NULL	NULL	1234	1234	NULL	NULL	NULL	NULL	1233	1233	
1236	1236	NULL	NULL	NULL	NULL	1234	1234	NULL	NULL	NULL	NULL	1233	1233	
1218	1218	NULL	NULL	NULL	NULL	1226	1226	NULL	NULL	NULL	NULL	1238	1238	
1218	1218	NULL	NULL	NULL	NULL	1226	1226	NULL	NULL	NULL	NULL	1238	1238	
1244	1244	1232	1232	1317	1317	1220	1220	1315	1315	1316	1316	1216	1216	
1244	1244	1232	1232	1317	1317	1220	1220	1315	1315	1316	1316	1216	1216	
1255	1255	NULL	NULL	NULL	NULL	NULL	NULL	NULL	NULL	NULL	NULL	1242	1242	
1255	1255	NULL	NULL	NULL	NULL	NULL	NULL	NULL	NULL	NULL	NULL	1242	1242	
1228	1228	NULL	NULL	NULL	NULL	NULL	NULL	NULL	NULL	NULL	NULL	1287	1287	
1228	1228	NULL	NULL	NULL	NULL	NULL	NULL	NULL	NULL	NULL	NULL	1287	1287	
1247	1247	1235	1235	1230	1230	1222	1222	1246	1246	1223	1223	1254	1254	
1247	1247	1235	1235	1230	1230	1222	1222	1246	1246	1223	1223	1254	1254	
1246	43	8	12	14	22	2	0	0	0	0	0	0	0	0	1	
1247	43	0	12	14	22	2	0	0	0	0	0	0	0	0	1	
1248	43	8	0	14	22	2	0	0	0	0	0	0	0	0	1	
1249	0	2	0	-999	-999	2	0	2	1	0	0	0	0	0	1	
1250	1	6	0	-999	-999	2	0	2	1	0	0	0	0	0	1	
1251	39	4	6	16	22	2	0	0	0	0	0	0	0	0	1	
1252	39	2	6	16	22	2	0	0	0	0	0	0	0	0	1	
1253	43	2	0	14	22	2	0	0	0	0	0	0	0	0	1	
1254	43	12	12	14	22	2	0	0	0	0	0	0	0	0	1	
1255	43	0	8	14	22	2	0	0	0	0	0	0	0	0	1	
1256	32	16	22	-999	-999	2	0	0	0	0	0	0	0	0	1	
1277	1277	1257	1257	1261	1261	1265	1265	1269	1269	1273	1273	1279	1279	
1277	1277	1257	1257	1261	1261	1265	1265	1269	1269	1273	1273	1279	1279	
1258	1258	NULL	NULL	NULL	NULL	1281	1281	NULL	NULL	NULL	NULL	1260	1260	
1258	1258	NULL	NULL	NULL	NULL	1281	1281	NULL	NULL	NULL	NULL	1260	1260	
1262	1262	NULL	NULL	NULL	NULL	1282	1282	NULL	NULL	NULL	NULL	1264	1264	
1262	1262	NULL	NULL	NULL	NULL	1282	1282	NULL	NULL	NULL	NULL	1264	1264	
1266	1266	1252	1252	1251	1251	1239	1239	NULL	NULL	NULL	NULL	1268	1268	
1266	1266	1252	1252	1251	1251	1239	1239	NULL	NULL	NULL	NULL	1268	1268	
1270	1270	NULL	NULL	NULL	NULL	NULL	NULL	NULL	NULL	NULL	NULL	1272	1272	
1270	1270	NULL	NULL	NULL	NULL	NULL	NULL	NULL	NULL	NULL	NULL	1272	1272	
1274	1274	NULL	NULL	NULL	NULL	NULL	NULL	NULL	NULL	NULL	NULL	1276	1276	
1274	1274	NULL	NULL	NULL	NULL	NULL	NULL	NULL	NULL	NULL	NULL	1276	1276	
1278	1278	1259	1259	1263	1263	1267	1267	1271	1271	1275	1275	1280	1280	
1278	1278	1259	1259	1263	1263	1267	1267	1271	1271	1275	1275	1280	1280	
1257	43	2	0	16	22	2	0	0	0	0	0	0	0	0	1	
1258	43	0	2	16	22	2	0	0	0	0	0	0	0	0	1	
1259	43	2	12	16	22	2	0	0	0	0	0	0	0	0	1	
1260	43	12	2	16	22	2	0	0	0	0	0	0	0	0	1	
1261	43	4	0	16	22	2	0	0	0	0	0	0	0	0	1	
1262	43	0	4	16	22	2	0	0	0	0	0	0	0	0	1	
1263	43	4	12	16	22	2	0	0	0	0	0	0	0	0	1	
1264	43	12	4	16	22	2	0	0	0	0	0	0	0	0	1	
1265	42	6	0	16	22	2	0	0	0	0	0	0	0	0	1	
1266	42	0	6	16	22	2	0	0	0	0	0	0	0	0	1	
1267	43	6	12	16	22	2	0	0	0	0	0	0	0	0	1	
1268	43	12	6	16	22	2	0	0	0	0	0	0	0	0	1	
1269	43	8	0	16	22	2	0	0	0	0	0	0	0	0	1	
1270	43	0	8	16	22	2	0	0	0	0	0	0	0	0	1	
1271	43	8	12	16	22	2	0	0	0	0	0	0	0	0	1	
1272	43	12	8	16	22	2	0	0	0	0	0	0	0	0	1	
1273	43	10	0	16	22	2	0	0	0	0	0	0	0	0	1	
1274	43	0	10	16	22	2	0	0	0	0	0	0	0	0	1	
1275	43	10	12	16	22	2	0	0	0	0	0	0	0	0	1	
1276	43	12	10	16	22	2	0	0	0	0	0	0	0	0	1	
1277	43	0	0	16	22	2	0	0	0	0	0	0	0	0	1	
1278	43	0	12	16	22	2	0	0	0	0	0	0	0	0	1	
1279	43	12	0	16	22	2	0	0	0	0	0	0	0	0	1	
1280	43	12	12	16	22	2	0	0	0	0	0	0	0	0	1	
1281	39	6	2	16	22	2	0	0	0	0	0	0	0	0	1	
1282	39	6	4	16	22	2	0	0	0	0	0	0	0	0	1	
1283	2	10	0	-999	-999	2	0	2	1	0	0	0	0	0	1	
1284	3	14	0	-999	-999	2	0	2	1	0	0	0	0	0	1	
1285	4	18	0	-999	-999	2	0	2	1	0	0	0	0	0	1	
1286	39	8	6	18	22	3	0	0	0	0	0	0	0	0	1	
1287	43	12	10	14	22	2	0	0	0	0	0	0	0	0	1	
1288	32	18	22	-999	-999	2	0	0	0	0	0	0	0	0	1	
1309	1309	1289	1289	1293	1293	1297	1297	1301	1301	1305	1305	1311	1311	
1309	1309	1289	1289	1293	1293	1297	1297	1301	1301	1305	1305	1311	1311	
1290	1290	NULL	NULL	NULL	NULL	1313	1313	NULL	NULL	NULL	NULL	1292	1292	
1290	1290	NULL	NULL	NULL	NULL	1313	1313	NULL	NULL	NULL	NULL	1292	1292	
1294	1294	NULL	NULL	NULL	NULL	1314	1314	NULL	NULL	NULL	NULL	1296	1296	
1294	1294	NULL	NULL	NULL	NULL	1314	1314	NULL	NULL	NULL	NULL	1296	1296	
1298	1298	NULL	NULL	NULL	NULL	56	56	1286	1286	1227	1227	1300	1300	
1298	1298	NULL	NULL	NULL	NULL	56	56	1286	1286	1227	1227	1300	1300	
1302	1302	NULL	NULL	NULL	NULL	1241	1241	NULL	NULL	NULL	NULL	1304	1304	
1302	1302	NULL	NULL	NULL	NULL	1241	1241	NULL	NULL	NULL	NULL	1304	1304	
1306	1306	NULL	NULL	NULL	NULL	1240	1240	NULL	NULL	NULL	NULL	1308	1308	
1306	1306	NULL	NULL	NULL	NULL	1240	1240	NULL	NULL	NULL	NULL	1308	1308	
1310	1310	1291	1291	1295	1295	1299	1299	1303	1303	1307	1307	1312	1312	
1310	1310	1291	1291	1295	1295	1299	1299	1303	1303	1307	1307	1312	1312	
1289	43	2	0	18	22	2	0	0	0	0	0	0	0	0	1	
1290	43	0	2	18	22	2	0	0	0	0	0	0	0	0	1	
1291	43	2	12	18	22	2	0	0	0	0	0	0	0	0	1	
1292	43	12	2	18	22	2	0	0	0	0	0	0	0	0	1	
1293	43	4	0	18	22	2	0	0	0	0	0	0	0	0	1	
1294	43	0	4	18	22	2	0	0	0	0	0	0	0	0	1	
1295	43	4	12	18	22	2	0	0	0	0	0	0	0	0	1	
1296	43	12	4	18	22	2	0	0	0	0	0	0	0	0	1	
1297	42	6	0	18	22	2	0	0	0	0	0	0	0	0	1	
1298	42	0	6	18	22	2	0	0	0	0	0	0	0	0	1	
1299	42	6	12	18	22	2	0	0	0	0	0	0	0	0	1	
1300	42	12	6	18	22	2	0	0	0	0	0	0	0	0	1	
1301	43	8	0	18	22	2	0	0	0	0	0	0	0	0	1	
1302	43	0	8	18	22	2	0	0	0	0	0	0	0	0	1	
1303	43	8	12	18	22	2	0	0	0	0	0	0	0	0	1	
1304	43	12	8	18	22	2	0	0	0	0	0	0	0	0	1	
1305	43	10	0	18	22	2	0	0	0	0	0	0	0	0	1	
1306	43	0	10	18	22	2	0	0	0	0	0	0	0	0	1	
1307	43	10	12	18	22	2	0	0	0	0	0	0	0	0	1	
1308	43	12	10	18	22	2	0	0	0	0	0	0	0	0	1	
1309	43	0	0	18	22	2	0	0	0	0	0	0	0	0	1	
1310	43	0	12	18	22	2	0	0	0	0	0	0	0	0	1	
1311	43	12	0	18	22	2	0	0	0	0	0	0	0	0	1	
1312	43	12	12	18	22	2	0	0	0	0	0	0	0	0	1	
1313	39	6	2	18	22	2	0	0	0	0	0	0	0	0	1	
1314	74	6	4	18	22	2	0	0	0	0	0	0	0	0	1	
1315	39	8	6	14	22	3	0	0	0	0	0	0	0	0	1	
1316	39	10	6	14	22	2	0	0	0	0	0	0	0	0	1	
1317	39	4	6	14	22	1	0	0	0	0	0	0	0	0	1	
1318	37	2	5	10	22	1	0	0	0	0	0	0	0	0	1	
1319	39	2	6	12	22	2	0	0	0	0	0	0	0	0	1	
1320	37	4	5	10	22	2	0	0	0	0	0	0	0	0	1	
1321	43	4	12	12	22	2	0	0	0	0	0	0	0	0	1	
1322	43	0	4	12	22	2	0	0	0	0	0	0	0	0	1	
1323	43	0	12	12	22	2	0	0	0	0	0	0	0	0	1	
1324	43	8	0	12	22	2	0	0	0	0	0	0	0	0	1	
1325	43	10	12	12	22	2	0	0	0	0	0	0	0	0	1	
1326	39	6	6	12	22	2	0	0	0	0	0	0	0	0	1	
1327	43	12	2	12	22	2	0	0	0	0	0	0	0	0	1	
1328	43	12	10	12	22	2	0	0	0	0	0	0	0	0	1	
1329	43	10	0	12	22	2	0	0	0	0	0	0	0	0	1	
1330	43	8	12	12	22	2	0	0	0	0	0	0	0	0	1	
1331	42	6	12	12	22	2	0	0	0	0	0	0	0	0	1	
1332	39	4	6	12	22	1	0	0	0	0	0	0	0	0	1	
1333	43	0	12	8	16	2	0	0	0	0	0	0	0	0	1	
1334	43	12	10	10	16	2	0	0	0	0	0	0	0	0	1	
1335	43	4	12	10	22	2	0	0	0	0	0	0	0	0	1	
1336	43	12	4	10	22	2	0	0	0	0	0	0	0	0	1	
1337	43	12	2	12	16	2	0	0	0	0	0	0	0	0	1	
1338	43	4	0	10	22	2	0	0	0	0	0	0	0	0	1	
1339	43	0	12	10	22	2	0	0	0	0	0	0	0	0	1	
1340	34	6	8	10	16	2	0	0	0	0	0	0	0	0	1	
1341	43	2	12	10	22	2	0	0	0	0	0	0	0	0	1	
1342	43	8	12	10	22	2	0	0	0	0	0	0	0	0	1	
1343	43	2	0	12	22	2	0	0	0	0	0	0	0	0	1	
1344	43	0	2	10	22	2	0	0	0	0	0	0	0	0	1	
1345	43	10	0	10	22	2	0	0	0	0	0	0	0	0	1	
1346	43	0	4	10	22	2	0	0	0	0	0	0	0	0	1	
1347	43	0	12	22	4	2	0	0	0	0	0	0	0	0	1	
1348	43	0	10	10	22	2	0	0	0	0	0	0	0	0	1	
1349	42	6	12	10	22	2	0	0	0	0	0	0	0	0	1	
1350	37	10	5	10	22	1	0	0	0	0	0	0	0	0	1	
1351	43	10	12	10	22	2	0	0	0	0	0	0	0	0	1	
1352	43	0	10	12	16	2	0	0	0	0	0	0	0	0	1	
1353	43	0	8	10	22	2	0	0	0	0	0	0	0	0	1	
1354	43	12	4	12	22	2	0	0	0	0	0	0	0	0	1	
1355	43	2	0	10	22	2	0	0	0	0	0	0	0	0	1	
1356	43	0	4	12	16	2	0	0	0	0	0	0	0	0	1	
1357	42	12	6	10	22	3	0	0	0	0	0	0	0	0	1	
1358	32	12	22	-999	-999	2	0	0	0	0	0	0	0	0	1	
505	505	1343	1343	493	493	503	503	1324	1324	1329	1329	501	501	
505	505	1343	1343	493	493	503	503	1324	1324	1329	1329	501	501	
1379	1379	NULL	NULL	NULL	NULL	481	481	NULL	NULL	NULL	NULL	1327	1327	
1379	1379	NULL	NULL	NULL	NULL	481	481	NULL	NULL	NULL	NULL	1327	1327	
1322	1322	NULL	NULL	NULL	NULL	1378	1378	NULL	NULL	NULL	NULL	1354	1354	
1322	1322	NULL	NULL	NULL	NULL	1378	1378	NULL	NULL	NULL	NULL	1354	1354	
484	484	1319	1319	1332	1332	1326	1326	508	508	492	492	509	509	
484	484	1319	1319	1332	1332	1326	1326	508	508	492	492	509	509	
500	500	NULL	NULL	NULL	NULL	491	491	NULL	NULL	NULL	NULL	488	488	
500	500	NULL	NULL	NULL	NULL	491	491	NULL	NULL	NULL	NULL	488	488	
499	499	NULL	NULL	NULL	NULL	1385	1385	NULL	NULL	NULL	NULL	1328	1328	
499	499	NULL	NULL	NULL	NULL	1385	1385	NULL	NULL	NULL	NULL	1328	1328	
1323	1323	496	496	1321	1321	1331	1331	1330	1330	1325	1325	1369	1369	
1323	1323	496	496	1321	1321	1331	1331	1330	1330	1325	1325	1369	1369	
1359	43	12	0	10	22	2	0	0	0	0	0	0	0	0	1	
1360	43	8	0	10	22	2	0	0	0	0	0	0	0	0	1	
1361	42	6	0	10	22	2	0	0	0	0	0	0	0	0	1	
1362	37	10	7	10	22	2	0	0	0	0	0	0	0	0	1	
1363	43	0	12	10	16	2	0	0	0	0	0	0	0	0	1	
1364	43	4	0	10	16	2	0	0	0	0	0	0	0	0	1	
1365	43	12	0	8	16	2	0	0	0	0	0	0	0	0	1	
1366	43	2	0	12	16	2	0	0	0	0	0	0	0	0	1	
1367	43	0	6	10	16	2	0	0	0	0	0	0	0	0	1	
1368	43	8	12	10	16	2	0	0	0	0	0	0	0	0	1	
1369	43	12	12	12	22	2	0	0	0	0	0	0	0	0	1	
1370	43	12	4	10	16	2	0	0	0	0	0	0	0	0	1	
1371	43	12	8	10	16	2	0	0	0	0	0	0	0	0	1	
1372	43	12	2	10	16	2	0	0	0	0	0	0	0	0	1	
1373	37	6	2	8	16	2	0	0	0	0	0	0	0	0	1	
1374	43	12	10	12	16	2	0	0	0	0	0	0	0	0	1	
1375	42	6	12	10	16	2	0	0	0	0	0	0	0	0	1	
1376	43	10	12	10	16	2	0	0	0	0	0	0	0	0	1	
1377	43	0	4	10	16	2	0	0	0	0	0	0	0	0	1	
1378	74	6	4	12	22	2	0	0	0	0	0	0	0	0	1	
1379	43	0	2	12	22	2	0	0	0	0	0	0	0	0	1	
1380	43	0	8	10	16	2	0	0	0	0	0	0	0	0	1	
1381	43	2	0	10	16	2	0	0	0	0	0	0	0	0	1	
1382	42	6	0	10	16	2	0	0	0	0	0	0	0	0	1	
1383	55	6	10	8	16	2	0	0	0	0	0	0	0	0	1	
1384	43	0	2	10	16	2	0	0	0	0	0	0	0	0	1	
1385	37	6	10	12	22	2	0	0	0	0	0	0	0	0	1	
1386	43	0	8	12	16	2	0	0	0	0	0	0	0	0	1	
1387	32	10	16	-999	-999	2	0	0	0	0	0	0	0	0	1	
534	534	1381	1381	1364	1364	1382	1382	591	591	1390	1390	495	495	
534	534	1381	1381	1364	1364	1382	1382	591	591	1390	1390	495	495	
1384	1384	NULL	NULL	NULL	NULL	559	559	NULL	NULL	NULL	NULL	1372	1372	
1384	1384	NULL	NULL	NULL	NULL	559	559	NULL	NULL	NULL	NULL	1372	1372	
1377	1377	NULL	NULL	NULL	NULL	562	562	NULL	NULL	NULL	NULL	1370	1370	
1377	1377	NULL	NULL	NULL	NULL	562	562	NULL	NULL	NULL	NULL	1370	1370	
1367	1367	NULL	NULL	NULL	NULL	524	524	NULL	NULL	NULL	NULL	528	528	
1367	1367	NULL	NULL	NULL	NULL	524	524	NULL	NULL	NULL	NULL	528	528	
1380	1380	NULL	NULL	NULL	NULL	1340	1340	NULL	NULL	NULL	NULL	1371	1371	
1380	1380	NULL	NULL	NULL	NULL	1340	1340	NULL	NULL	NULL	NULL	1371	1371	
597	597	NULL	NULL	NULL	NULL	593	593	NULL	NULL	NULL	NULL	1334	1334	
597	597	NULL	NULL	NULL	NULL	593	593	NULL	NULL	NULL	NULL	1334	1334	
1363	1363	1392	1392	568	568	1375	1375	1368	1368	1376	1376	515	515	
1363	1363	1392	1392	568	568	1375	1375	1368	1368	1376	1376	515	515	
1388	37	6	4	8	16	2	0	0	0	0	0	0	0	0	1	
1389	37	6	6	8	16	2	0	0	0	0	0	0	0	0	1	
1390	43	10	0	10	16	2	0	0	0	0	0	0	0	0	1	
1391	43	12	12	8	16	2	0	0	0	0	0	0	0	0	1	
1392	43	2	12	10	16	2	0	0	0	0	0	0	0	0	1	
1393	32	6	16	-999	-999	2	0	0	0	0	0	0	0	0	1	
1414	1414	1394	1394	1398	1398	1402	1402	1406	1406	1410	1410	1416	1416	
1414	1414	1394	1394	1398	1398	1402	1402	1406	1406	1410	1410	1416	1416	
1395	1395	NULL	NULL	NULL	NULL	1418	1418	NULL	NULL	NULL	NULL	1397	1397	
1395	1395	NULL	NULL	NULL	NULL	1418	1418	NULL	NULL	NULL	NULL	1397	1397	
1399	1399	NULL	NULL	NULL	NULL	1419	1419	NULL	NULL	NULL	NULL	1401	1401	
1399	1399	NULL	NULL	NULL	NULL	1419	1419	NULL	NULL	NULL	NULL	1401	1401	
1403	1403	NULL	NULL	NULL	NULL	1420	1420	NULL	NULL	NULL	NULL	1405	1405	
1403	1403	NULL	NULL	NULL	NULL	1420	1420	NULL	NULL	NULL	NULL	1405	1405	
1407	1407	NULL	NULL	NULL	NULL	1421	1421	NULL	NULL	NULL	NULL	1409	1409	
1407	1407	NULL	NULL	NULL	NULL	1421	1421	NULL	NULL	NULL	NULL	1409	1409	
1411	1411	NULL	NULL	NULL	NULL	1422	1422	NULL	NULL	NULL	NULL	1413	1413	
1411	1411	NULL	NULL	NULL	NULL	1422	1422	NULL	NULL	NULL	NULL	1413	1413	
1415	1415	1396	1396	1400	1400	1404	1404	1408	1408	1412	1412	1417	1417	
1415	1415	1396	1396	1400	1400	1404	1404	1408	1408	1412	1412	1417	1417	
1394	43	2	0	6	16	2	0	0	0	0	0	0	0	0	1	
1395	43	0	2	6	16	2	0	0	0	0	0	0	0	0	1	
1396	43	2	12	6	16	2	0	0	0	0	0	0	0	0	1	
1397	43	12	2	6	16	2	0	0	0	0	0	0	0	0	1	
1398	43	4	0	6	16	2	0	0	0	0	0	0	0	0	1	
1399	43	0	4	6	16	2	0	0	0	0	0	0	0	0	1	
1400	43	4	12	6	16	2	0	0	0	0	0	0	0	0	1	
1401	43	12	4	6	16	2	0	0	0	0	0	0	0	0	1	
1402	42	6	0	6	16	2	0	0	0	0	0	0	0	0	1	
1403	43	0	6	6	16	2	0	0	0	0	0	0	0	0	1	
1404	42	6	12	6	16	2	0	0	0	0	0	0	0	0	1	
1405	43	12	6	6	16	2	0	0	0	0	0	0	0	0	1	
1406	43	8	0	6	16	2	0	0	0	0	0	0	0	0	1	
1407	43	0	8	6	16	2	0	0	0	0	0	0	0	0	1	
1408	43	8	12	6	16	2	0	0	0	0	0	0	0	0	1	
1409	43	12	8	6	16	2	0	0	0	0	0	0	0	0	1	
1410	43	10	0	6	16	2	0	0	0	0	0	0	0	0	1	
1411	43	0	10	6	16	2	0	0	0	0	0	0	0	0	1	
1412	43	10	12	6	16	2	0	0	0	0	0	0	0	0	1	
1413	43	12	10	6	16	2	0	0	0	0	0	0	0	0	1	
1414	43	0	0	6	16	2	0	0	0	0	0	0	0	0	1	
1415	43	0	12	6	16	2	0	0	0	0	0	0	0	0	1	
1416	43	12	0	6	16	2	0	0	0	0	0	0	0	0	1	
1417	43	12	12	6	16	2	0	0	0	0	0	0	0	0	1	
1418	37	6	2	6	16	2	0	0	0	0	0	0	0	0	1	
1419	37	6	4	6	16	2	0	0	0	0	0	0	0	0	1	
1420	37	6	6	6	16	2	0	0	0	0	0	0	0	0	1	
1421	34	6	8	6	16	2	0	0	0	0	0	0	0	0	1	
1422	55	6	10	6	16	2	0	0	0	0	0	0	0	0	1	
1423	32	8	16	-999	-999	2	0	0	0	0	0	0	0	0	1	
829	829	1424	1424	1428	1428	1432	1432	1436	1436	839	839	1365	1365	
829	829	1424	1424	1428	1428	1432	1432	1436	1436	839	839	1365	1365	
1425	1425	NULL	NULL	NULL	NULL	1373	1373	NULL	NULL	NULL	NULL	1427	1427	
1425	1425	NULL	NULL	NULL	NULL	1373	1373	NULL	NULL	NULL	NULL	1427	1427	
1429	1429	NULL	NULL	NULL	NULL	1388	1388	NULL	NULL	NULL	NULL	1431	1431	
1429	1429	NULL	NULL	NULL	NULL	1388	1388	NULL	NULL	NULL	NULL	1431	1431	
1433	1433	NULL	NULL	NULL	NULL	1389	1389	NULL	NULL	NULL	NULL	1435	1435	
1433	1433	NULL	NULL	NULL	NULL	1389	1389	NULL	NULL	NULL	NULL	1435	1435	
1437	1437	NULL	NULL	NULL	NULL	560	560	NULL	NULL	NULL	NULL	840	840	
1437	1437	NULL	NULL	NULL	NULL	560	560	NULL	NULL	NULL	NULL	840	840	
841	841	NULL	NULL	NULL	NULL	1383	1383	NULL	NULL	NULL	NULL	446	446	
841	841	NULL	NULL	NULL	NULL	1383	1383	NULL	NULL	NULL	NULL	446	446	
1333	1333	1426	1426	1430	1430	1434	1434	1438	1438	830	830	1391	1391	
1333	1333	1426	1426	1430	1430	1434	1434	1438	1438	830	830	1391	1391	
1424	43	2	0	8	16	2	0	0	0	0	0	0	0	0	1	
1425	43	0	2	8	16	2	0	0	0	0	0	0	0	0	1	
1426	43	2	12	8	16	2	0	0	0	0	0	0	0	0	1	
1427	43	12	2	8	16	2	0	0	0	0	0	0	0	0	1	
1428	43	4	0	8	16	2	0	0	0	0	0	0	0	0	1	
1429	43	0	4	8	16	2	0	0	0	0	0	0	0	0	1	
1430	43	4	12	8	16	2	0	0	0	0	0	0	0	0	1	
1431	43	12	4	8	16	2	0	0	0	0	0	0	0	0	1	
1432	42	6	0	8	16	2	0	0	0	0	0	0	0	0	1	
1433	43	0	6	8	16	2	0	0	0	0	0	0	0	0	1	
1434	42	6	12	8	16	2	0	0	0	0	0	0	0	0	1	
1435	43	12	6	8	16	2	0	0	0	0	0	0	0	0	1	
1436	43	8	0	8	16	2	0	0	0	0	0	0	0	0	1	
1437	43	0	8	8	16	2	0	0	0	0	0	0	0	0	1	
1438	43	8	12	8	16	2	0	0	0	0	0	0	0	0	1	
1439	0	4	6	0	0	2	0	2	1	0	0	0	0	0	1	
1440	60	2	4	0	0	0	0	0	0	0	0	0	0	0	1	
1441	35	2	2	0	0	2	0	0	0	0	0	0	0	0	1	
1442	35	4	2	0	0	2	0	0	0	0	0	0	0	0	1	
1443	35	6	2	0	0	2	0	0	0	0	0	0	0	0	1	
1444	35	8	2	0	0	2	0	0	0	0	0	0	0	0	1	
1445	35	10	2	0	0	2	0	0	0	0	0	0	0	0	1	
1446	35	8	7	0	0	2	0	0	0	0	0	0	0	0	1	
1447	35	6	6	0	0	1	0	0	0	0	0	0	0	0	1	
1448	35	8	5	0	0	0	0	0	0	0	0	0	0	0	1	
0	0	1249	1249	649	649	1250	1250	639	639	1283	1283	660	660	1284	1284	633	633	1285	1285	646	646	659	659	
0	0	1249	1249	649	649	1250	1250	639	639	1283	1283	660	660	1284	1284	633	633	1285	1285	646	646	659	659	
NULL	NULL	NULL	NULL	NULL	NULL	NULL	NULL	NULL	NULL	NULL	NULL	NULL	NULL	NULL	NULL	NULL	NULL	NULL	NULL	NULL	NULL	NULL	NULL	
NULL	NULL	NULL	NULL	NULL	NULL	NULL	NULL	NULL	NULL	NULL	NULL	NULL	NULL	NULL	NULL	NULL	NULL	NULL	NULL	NULL	NULL	NULL	NULL	
241	241	211	211	181	181	151	151	90	90	121	121	271	271	301	301	553	553	782	782	671	671	712	712	
241	241	211	211	181	181	151	151	90	90	121	121	271	271	301	301	553	553	782	782	671	671	712	712	
821	821	820	820	819	819	818	818	817	817	816	816	815	815	814	814	813	813	812	812	811	811	810	810	
821	821	820	820	819	819	818	818	817	817	816	816	815	815	814	814	813	813	812	812	811	811	810	810	
NULL	NULL	NULL	NULL	NULL	NULL	NULL	NULL	NULL	NULL	NULL	NULL	NULL	NULL	NULL	NULL	NULL	NULL	NULL	NULL	NULL	NULL	NULL	NULL	
NULL	NULL	NULL	NULL	NULL	NULL	NULL	NULL	NULL	NULL	NULL	NULL	NULL	NULL	NULL	NULL	NULL	NULL	NULL	NULL	NULL	NULL	NULL	NULL	
874	874	904	904	934	934	964	964	994	994	1024	1024	1054	1054	1084	1084	1114	1114	1144	1144	1174	1174	451	451	
874	874	904	904	934	934	964	964	994	994	1024	1024	1054	1054	1084	1084	1114	1114	1144	1144	1174	1174	451	451	
29	29	28	28	26	26	27	27	25	25	828	828	827	827	826	826	825	825	824	824	823	823	822	822	
29	29	28	28	26	26	27	27	25	25	828	828	827	827	826	826	825	825	824	824	823	823	822	822	
NULL	NULL	NULL	NULL	NULL	NULL	NULL	NULL	NULL	NULL	NULL	NULL	NULL	NULL	NULL	NULL	NULL	NULL	NULL	NULL	NULL	NULL	NULL	NULL	
NULL	NULL	NULL	NULL	NULL	NULL	NULL	NULL	NULL	NULL	NULL	NULL	NULL	NULL	NULL	NULL	NULL	NULL	NULL	NULL	NULL	NULL	NULL	NULL	
844	844	678	678	707	707	1393	1393	1423	1423	1387	1387	571	571	494	494	331	331	361	361	391	391	421	421	
844	844	678	678	707	707	1393	1393	1423	1423	1387	1387	571	571	494	494	331	331	361	361	391	391	421	421	
1215	1215	1214	1214	1213	1213	1212	1212	1211	1211	1210	1210	1209	1209	1208	1208	1207	1207	1206	1206	1205	1205	1204	1204	
1215	1215	1214	1214	1213	1213	1212	1212	1211	1211	1210	1210	1209	1209	1208	1208	1207	1207	1206	1206	1205	1205	1204	1204	
580	580	781	781	792	792	801	801	809	809	791	791	115	115	787	787	797	797	788	788	807	807	803	803	
580	580	781	781	792	792	801	801	809	809	791	791	115	115	787	787	797	797	788	788	807	807	803	803	
805	805	666	666	655	655	638	638	656	656	554	554	1358	1358	1245	1245	1256	1256	1288	1288	1229	1229	45	45	
805	805	666	666	655	655	638	638	656	656	554	554	1358	1358	1245	1245	1256	1256	1288	1288	1229	1229	45	45	
