645
0	2	0	11	-999	-999	2	0	2	1	0	0	0	0	0	1	
1	1	0	9	-999	-999	2	0	2	1	0	0	0	0	0	1	
2	0	0	7	-999	-999	2	0	2	1	0	0	0	0	0	1	
3	3	0	13	-999	-999	2	0	2	1	0	0	0	0	0	1	
4	4	0	15	-999	-999	2	0	2	1	0	0	0	0	0	1	
5	74	2	7	-999	-999	2	0	0	0	0	0	0	0	0	1	
6	74	2	9	-999	-999	2	0	0	0	0	0	0	0	0	1	
7	74	2	11	-999	-999	2	0	0	0	0	0	0	0	0	1	
8	74	2	13	-999	-999	2	0	0	0	0	0	0	0	0	1	
9	74	2	15	-999	-999	2	0	0	0	0	0	0	0	0	1	
10	62	12	22	-999	-999	2	0	0	0	0	0	0	0	0	1	
11	40	14	17	-999	-999	2	0	0	0	0	0	0	0	0	1	
12	40	20	5	-999	-999	2	0	0	0	0	0	0	0	0	1	
13	40	0	5	-999	-999	2	0	0	0	0	0	0	0	0	1	
14	40	18	5	-999	-999	2	0	0	0	0	0	0	0	0	1	
15	40	16	17	-999	-999	2	0	0	0	0	0	0	0	0	1	
16	40	16	5	-999	-999	2	0	0	0	0	0	0	0	0	1	
17	22	14	7	-999	-999	2	0	0	0	0	0	0	0	0	1	
18	40	14	5	-999	-999	2	0	0	0	0	0	0	0	0	1	
19	40	18	17	-999	-999	2	0	0	0	0	0	0	0	0	1	
20	40	12	5	-999	-999	2	0	0	0	0	0	0	0	0	1	
21	6	2	22	-999	-999	2	0	0	0	0	0	0	0	0	1	
22	40	6	5	-999	-999	2	0	0	0	0	0	0	0	0	1	
23	40	20	17	-999	-999	2	0	0	0	0	0	0	0	0	1	
24	40	4	5	-999	-999	2	0	0	0	0	0	0	0	0	1	
25	34	16	9	-999	-999	2	0	0	0	0	0	0	0	0	1	
26	40	2	5	-999	-999	2	0	0	0	0	0	0	0	0	1	
27	40	22	17	-999	-999	2	0	0	0	0	0	0	0	0	1	
28	34	8	9	-999	-999	2	0	0	0	0	0	0	0	0	1	
29	57	18	9	-999	-999	2	0	0	0	0	0	0	0	0	1	
30	34	8	11	-999	-999	2	0	0	0	0	0	0	0	0	1	
31	40	12	17	-999	-999	2	0	0	0	0	0	0	0	0	1	
32	6	4	22	-999	-999	2	0	0	0	0	0	0	0	0	1	
33	40	22	5	-999	-999	2	0	0	0	0	0	0	0	0	1	
34	34	16	15	-999	-999	2	0	0	0	0	0	0	0	0	1	
35	40	0	20	-999	-999	2	0	0	0	0	0	0	0	0	1	
36	57	18	15	-999	-999	2	0	0	0	0	0	0	0	0	1	
37	23	14	15	-999	-999	2	0	0	0	0	0	0	0	0	1	
38	40	10	20	-999	-999	2	0	0	0	0	0	0	0	0	1	
39	34	16	13	-999	-999	2	0	0	0	0	0	0	0	0	1	
40	25	14	13	-999	-999	2	0	0	0	0	0	0	0	0	1	
41	6	16	22	-999	-999	2	0	0	0	0	0	0	0	0	1	
42	40	10	22	-999	-999	2	0	0	0	0	0	0	0	0	1	
43	40	8	5	-999	-999	2	0	0	0	0	0	0	0	0	1	
44	57	18	7	-999	-999	2	0	0	0	0	0	0	0	0	1	
45	40	18	20	-999	-999	2	0	0	0	0	0	0	0	0	1	
46	40	8	20	-999	-999	2	0	0	0	0	0	0	0	0	1	
47	23	6	9	-999	-999	2	0	0	0	0	0	0	0	0	1	
48	40	10	5	-999	-999	2	0	0	0	0	0	0	0	0	1	
49	24	6	7	-999	-999	2	0	0	0	0	0	0	0	0	1	
50	40	6	20	-999	-999	2	0	0	0	0	0	0	0	0	1	
51	40	22	20	-999	-999	2	0	0	0	0	0	0	0	0	1	
52	55	10	13	-999	-999	2	0	0	0	0	0	0	0	0	1	
53	40	20	20	-999	-999	2	0	0	0	0	0	0	0	0	1	
54	40	4	20	-999	-999	2	0	0	0	0	0	0	0	0	1	
55	40	14	20	-999	-999	2	0	0	0	0	0	0	0	0	1	
56	55	10	9	-999	-999	2	0	0	0	0	0	0	0	0	1	
57	40	12	20	-999	-999	2	0	0	0	0	0	0	0	0	1	
58	34	16	11	-999	-999	2	0	0	0	0	0	0	0	0	1	
59	40	2	20	-999	-999	2	0	0	0	0	0	0	0	0	1	
60	40	10	17	-999	-999	2	0	0	0	0	0	0	0	0	1	
61	40	16	20	-999	-999	2	0	0	0	0	0	0	0	0	1	
62	26	6	13	-999	-999	2	0	0	0	0	0	0	0	0	1	
63	57	18	11	-999	-999	2	0	0	0	0	0	0	0	0	1	
64	62	14	22	-999	-999	2	0	0	0	0	0	0	0	0	1	
65	0	22	22	-999	-999	2	0	2	8	0	0	0	0	0	1	
66	34	8	7	-999	-999	2	0	0	0	0	0	0	0	0	1	
67	40	0	17	-999	-999	2	0	0	0	0	0	0	0	0	1	
68	26	14	11	-999	-999	2	0	0	0	0	0	0	0	0	1	
69	34	8	15	-999	-999	2	0	0	0	0	0	0	0	0	1	
70	16	22	7	-999	-999	2	100000	0	0	0	0	0	0	0	1	
71	40	2	17	-999	-999	2	0	0	0	0	0	0	0	0	1	
72	34	8	13	-999	-999	2	0	0	0	0	0	0	0	0	1	
73	6	20	22	-999	-999	2	0	0	0	0	0	0	0	0	1	
74	55	10	7	-999	-999	2	0	0	0	0	0	0	0	0	1	
75	40	4	17	-999	-999	2	0	0	0	0	0	0	0	0	1	
76	55	10	11	-999	-999	2	0	0	0	0	0	0	0	0	1	
77	0	0	22	-999	-999	2	0	2	4	0	0	0	0	0	1	
78	60	8	22	-999	-999	2	0	0	0	0	0	0	0	0	1	
79	40	6	17	-999	-999	2	0	0	0	0	0	0	0	0	1	
80	25	6	15	-999	-999	2	0	0	0	0	0	0	0	0	1	
81	57	18	13	-999	-999	2	0	0	0	0	0	0	0	0	1	
82	55	10	15	-999	-999	2	0	0	0	0	0	0	0	0	1	
83	6	18	22	-999	-999	2	0	0	0	0	0	0	0	0	1	
84	40	8	17	-999	-999	2	0	0	0	0	0	0	0	0	1	
85	22	6	11	-999	-999	2	0	0	0	0	0	0	0	0	1	
86	15	22	9	-999	-999	2	100000	0	0	0	0	0	0	0	1	
87	12	22	15	-999	-999	2	100000	0	0	0	0	0	0	0	1	
88	34	16	7	-999	-999	2	0	0	0	0	0	0	0	0	1	
89	13	22	13	-999	-999	2	100000	0	0	0	0	0	0	0	1	
90	60	6	22	-999	-999	2	0	0	0	0	0	0	0	0	1	
91	14	22	11	-999	-999	2	100000	0	0	0	0	0	0	0	1	
92	24	14	9	-999	-999	2	0	0	0	0	0	0	0	0	1	
93	32	4	7	-999	-999	2	0	0	0	0	0	0	0	0	1	
114	114	94	94	98	98	102	102	106	106	110	110	116	116	
114	114	94	94	98	98	102	102	106	106	110	110	116	116	
95	95	NULL	NULL	NULL	NULL	NULL	NULL	NULL	NULL	NULL	NULL	97	97	
95	95	NULL	NULL	NULL	NULL	NULL	NULL	NULL	NULL	NULL	NULL	97	97	
99	99	NULL	NULL	NULL	NULL	NULL	NULL	NULL	NULL	NULL	NULL	101	101	
99	99	NULL	NULL	NULL	NULL	NULL	NULL	NULL	NULL	NULL	NULL	101	101	
103	103	240	240	NULL	NULL	NULL	NULL	NULL	NULL	237	237	105	105	
103	103	240	240	NULL	NULL	NULL	NULL	NULL	NULL	237	237	105	105	
107	107	239	239	NULL	NULL	NULL	NULL	NULL	NULL	255	255	109	109	
107	107	239	239	NULL	NULL	NULL	NULL	NULL	NULL	255	255	109	109	
111	111	236	236	NULL	NULL	NULL	NULL	NULL	NULL	245	245	113	113	
111	111	236	236	NULL	NULL	NULL	NULL	NULL	NULL	245	245	113	113	
115	115	96	96	100	100	104	104	108	108	112	112	117	117	
115	115	96	96	100	100	104	104	108	108	112	112	117	117	
94	43	2	0	4	7	2	0	0	0	0	0	0	0	0	1	
95	43	0	2	4	7	2	0	0	0	0	0	0	0	0	1	
96	42	2	12	4	7	2	0	0	0	0	0	0	0	0	1	
97	43	12	2	4	7	2	0	0	0	0	0	0	0	0	1	
98	43	4	0	4	7	2	0	0	0	0	0	0	0	0	1	
99	43	0	4	4	7	2	0	0	0	0	0	0	0	0	1	
100	43	4	12	4	7	2	0	0	0	0	0	0	0	0	1	
101	43	12	4	4	7	2	0	0	0	0	0	0	0	0	1	
102	43	6	0	4	7	2	0	0	0	0	0	0	0	0	1	
103	42	0	6	4	7	2	0	0	0	0	0	0	0	0	1	
104	43	6	12	4	7	2	0	0	0	0	0	0	0	0	1	
105	42	12	6	4	7	2	0	0	0	0	0	0	0	0	1	
106	43	8	0	4	7	2	0	0	0	0	0	0	0	0	1	
107	43	0	8	4	7	2	0	0	0	0	0	0	0	0	1	
108	43	8	12	4	7	2	0	0	0	0	0	0	0	0	1	
109	43	12	8	4	7	2	0	0	0	0	0	0	0	0	1	
110	43	10	0	4	7	2	0	0	0	0	0	0	0	0	1	
111	43	0	10	4	7	2	0	0	0	0	0	0	0	0	1	
112	42	10	12	4	7	2	0	0	0	0	0	0	0	0	1	
113	43	12	10	4	7	2	0	0	0	0	0	0	0	0	1	
114	43	0	0	4	7	2	0	0	0	0	0	0	0	0	1	
115	43	0	12	4	7	2	0	0	0	0	0	0	0	0	1	
116	43	12	0	4	7	2	0	0	0	0	0	0	0	0	1	
117	43	12	12	4	7	2	0	0	0	0	0	0	0	0	1	
118	32	4	9	-999	-999	2	0	0	0	0	0	0	0	0	1	
139	139	119	119	123	123	127	127	131	131	135	135	141	141	
139	139	119	119	123	123	127	127	131	131	135	135	141	141	
120	120	247	247	NULL	NULL	NULL	NULL	NULL	NULL	238	238	122	122	
120	120	247	247	NULL	NULL	NULL	NULL	NULL	NULL	238	238	122	122	
124	124	248	248	NULL	254	254	253	253	NULL	262	262	126	126	
124	124	248	248	NULL	254	254	253	253	NULL	262	262	126	126	
128	128	250	250	244	244	NULL	NULL	260	260	235	235	130	130	
128	128	250	250	244	244	NULL	NULL	260	260	235	235	130	130	
132	132	261	261	NULL	NULL	NULL	NULL	NULL	NULL	263	263	134	134	
132	132	261	261	NULL	NULL	NULL	NULL	NULL	NULL	263	263	134	134	
136	136	246	246	NULL	NULL	NULL	NULL	NULL	NULL	259	259	138	138	
136	136	246	246	NULL	NULL	NULL	NULL	NULL	NULL	259	259	138	138	
140	140	121	121	125	125	129	129	133	133	137	137	142	142	
140	140	121	121	125	125	129	129	133	133	137	137	142	142	
119	42	2	0	4	9	2	0	0	0	0	0	0	0	0	1	
120	43	0	2	4	9	2	0	0	0	0	0	0	0	0	1	
121	42	2	12	4	9	2	0	0	0	0	0	0	0	0	1	
122	43	12	2	4	9	2	0	0	0	0	0	0	0	0	1	
123	43	4	0	4	9	2	0	0	0	0	0	0	0	0	1	
124	43	0	4	4	9	2	0	0	0	0	0	0	0	0	1	
125	43	4	12	4	9	2	0	0	0	0	0	0	0	0	1	
126	43	12	4	4	9	2	0	0	0	0	0	0	0	0	1	
127	43	6	0	4	9	2	0	0	0	0	0	0	0	0	1	
128	42	0	6	4	9	2	0	0	0	0	0	0	0	0	1	
129	43	6	12	4	9	2	0	0	0	0	0	0	0	0	1	
130	42	12	6	4	9	2	0	0	0	0	0	0	0	0	1	
131	43	8	0	4	9	2	0	0	0	0	0	0	0	0	1	
132	43	0	8	4	9	2	0	0	0	0	0	0	0	0	1	
133	43	8	12	4	9	2	0	0	0	0	0	0	0	0	1	
134	43	12	8	4	9	2	0	0	0	0	0	0	0	0	1	
135	42	10	0	4	9	2	0	0	0	0	0	0	0	0	1	
136	43	0	10	4	9	2	0	0	0	0	0	0	0	0	1	
137	42	10	12	4	9	2	0	0	0	0	0	0	0	0	1	
138	43	12	10	4	9	2	0	0	0	0	0	0	0	0	1	
139	43	0	0	4	9	2	0	0	0	0	0	0	0	0	1	
140	43	0	12	4	9	2	0	0	0	0	0	0	0	0	1	
141	43	12	0	4	9	2	0	0	0	0	0	0	0	0	1	
142	43	12	12	4	9	2	0	0	0	0	0	0	0	0	1	
143	32	4	11	-999	-999	2	0	0	0	0	0	0	0	0	1	
164	164	144	144	148	148	152	152	156	156	160	160	166	166	
164	164	144	144	148	148	152	152	156	156	160	160	166	166	
145	145	243	243	NULL	NULL	NULL	NULL	NULL	NULL	242	242	147	147	
145	145	243	243	NULL	NULL	NULL	NULL	NULL	NULL	242	242	147	147	
149	149	241	241	NULL	NULL	NULL	NULL	NULL	NULL	251	251	151	151	
149	149	241	241	NULL	NULL	NULL	NULL	NULL	NULL	251	251	151	151	
153	153	256	256	257	257	258	258	252	252	249	249	155	155	
153	153	256	256	257	257	258	258	252	252	249	249	155	155	
157	157	NULL	NULL	NULL	NULL	NULL	NULL	NULL	NULL	NULL	NULL	159	159	
157	157	NULL	NULL	NULL	NULL	NULL	NULL	NULL	NULL	NULL	NULL	159	159	
161	161	NULL	NULL	NULL	NULL	NULL	NULL	NULL	NULL	NULL	NULL	163	163	
161	161	NULL	NULL	NULL	NULL	NULL	NULL	NULL	NULL	NULL	NULL	163	163	
165	165	146	146	150	150	154	154	158	158	162	162	167	167	
165	165	146	146	150	150	154	154	158	158	162	162	167	167	
144	42	2	0	4	11	2	0	0	0	0	0	0	0	0	1	
145	43	0	2	4	11	2	0	0	0	0	0	0	0	0	1	
146	43	2	12	4	11	2	0	0	0	0	0	0	0	0	1	
147	43	12	2	4	11	2	0	0	0	0	0	0	0	0	1	
148	43	4	0	4	11	2	0	0	0	0	0	0	0	0	1	
149	43	0	4	4	11	2	0	0	0	0	0	0	0	0	1	
150	43	4	12	4	11	2	0	0	0	0	0	0	0	0	1	
151	43	12	4	4	11	2	0	0	0	0	0	0	0	0	1	
152	43	6	0	4	11	2	0	0	0	0	0	0	0	0	1	
153	42	0	6	4	11	2	0	0	0	0	0	0	0	0	1	
154	43	6	12	4	11	2	0	0	0	0	0	0	0	0	1	
155	42	12	6	4	11	2	0	0	0	0	0	0	0	0	1	
156	43	8	0	4	11	2	0	0	0	0	0	0	0	0	1	
157	43	0	8	4	11	2	0	0	0	0	0	0	0	0	1	
158	43	8	12	4	11	2	0	0	0	0	0	0	0	0	1	
159	43	12	8	4	11	2	0	0	0	0	0	0	0	0	1	
160	42	10	0	4	11	2	0	0	0	0	0	0	0	0	1	
161	43	0	10	4	11	2	0	0	0	0	0	0	0	0	1	
162	43	10	12	4	11	2	0	0	0	0	0	0	0	0	1	
163	43	12	10	4	11	2	0	0	0	0	0	0	0	0	1	
164	43	0	0	4	11	2	0	0	0	0	0	0	0	0	1	
165	43	0	12	4	11	2	0	0	0	0	0	0	0	0	1	
166	43	12	0	4	11	2	0	0	0	0	0	0	0	0	1	
167	43	12	12	4	11	2	0	0	0	0	0	0	0	0	1	
168	32	4	13	-999	-999	2	0	0	0	0	0	0	0	0	1	
189	189	169	169	173	173	177	177	181	181	185	185	191	191	
189	189	169	169	173	173	177	177	181	181	185	185	191	191	
170	170	NULL	NULL	NULL	NULL	NULL	NULL	NULL	NULL	NULL	NULL	172	172	
170	170	NULL	NULL	NULL	NULL	NULL	NULL	NULL	NULL	NULL	NULL	172	172	
174	174	NULL	NULL	NULL	NULL	NULL	NULL	NULL	NULL	NULL	NULL	176	176	
174	174	NULL	NULL	NULL	NULL	NULL	NULL	NULL	NULL	NULL	NULL	176	176	
178	178	223	223	224	224	NULL	NULL	233	233	219	219	180	180	
178	178	223	223	224	224	NULL	NULL	233	233	219	219	180	180	
182	182	NULL	NULL	220	220	NULL	NULL	232	232	NULL	NULL	184	184	
182	182	NULL	NULL	220	220	NULL	NULL	232	232	NULL	NULL	184	184	
186	186	NULL	NULL	225	225	NULL	NULL	231	231	NULL	NULL	188	188	
186	186	NULL	NULL	225	225	NULL	NULL	231	231	NULL	NULL	188	188	
190	190	171	171	175	175	179	179	183	183	187	187	192	192	
190	190	171	171	175	175	179	179	183	183	187	187	192	192	
169	43	2	0	4	13	2	0	0	0	0	0	0	0	0	1	
170	43	0	2	4	13	2	0	0	0	0	0	0	0	0	1	
171	43	2	12	4	13	2	0	0	0	0	0	0	0	0	1	
172	43	12	2	4	13	2	0	0	0	0	0	0	0	0	1	
173	43	4	0	4	13	2	0	0	0	0	0	0	0	0	1	
174	43	0	4	4	13	2	0	0	0	0	0	0	0	0	1	
175	42	4	12	4	13	2	0	0	0	0	0	0	0	0	1	
176	43	12	4	4	13	2	0	0	0	0	0	0	0	0	1	
177	43	6	0	4	13	2	0	0	0	0	0	0	0	0	1	
178	42	0	6	4	13	2	0	0	0	0	0	0	0	0	1	
179	43	6	12	4	13	2	0	0	0	0	0	0	0	0	1	
180	42	12	6	4	13	2	0	0	0	0	0	0	0	0	1	
181	43	8	0	4	13	2	0	0	0	0	0	0	0	0	1	
182	43	0	8	4	13	2	0	0	0	0	0	0	0	0	1	
183	42	8	12	4	13	2	0	0	0	0	0	0	0	0	1	
184	43	12	8	4	13	2	0	0	0	0	0	0	0	0	1	
185	43	10	0	4	13	2	0	0	0	0	0	0	0	0	1	
186	43	0	10	4	13	2	0	0	0	0	0	0	0	0	1	
187	43	10	12	4	13	2	0	0	0	0	0	0	0	0	1	
188	43	12	10	4	13	2	0	0	0	0	0	0	0	0	1	
189	43	0	0	4	13	2	0	0	0	0	0	0	0	0	1	
190	43	0	12	4	13	2	0	0	0	0	0	0	0	0	1	
191	43	12	0	4	13	2	0	0	0	0	0	0	0	0	1	
192	43	12	12	4	13	2	0	0	0	0	0	0	0	0	1	
193	32	4	15	-999	-999	2	0	0	0	0	0	0	0	0	1	
214	214	194	194	198	198	202	202	206	206	210	210	216	216	
214	214	194	194	198	198	202	202	206	206	210	210	216	216	
195	195	NULL	NULL	228	228	NULL	NULL	229	229	NULL	NULL	197	197	
195	195	NULL	NULL	228	228	NULL	NULL	229	229	NULL	NULL	197	197	
199	199	NULL	NULL	227	227	NULL	NULL	234	234	NULL	NULL	201	201	
199	199	NULL	NULL	227	227	NULL	NULL	234	234	NULL	NULL	201	201	
203	203	218	218	226	226	230	230	221	221	222	222	205	205	
203	203	218	218	226	226	230	230	221	221	222	222	205	205	
207	207	NULL	NULL	NULL	NULL	NULL	NULL	NULL	NULL	NULL	NULL	209	209	
207	207	NULL	NULL	NULL	NULL	NULL	NULL	NULL	NULL	NULL	NULL	209	209	
211	211	NULL	NULL	NULL	NULL	NULL	NULL	NULL	NULL	NULL	NULL	213	213	
211	211	NULL	NULL	NULL	NULL	NULL	NULL	NULL	NULL	NULL	NULL	213	213	
215	215	196	196	200	200	204	204	208	208	212	212	217	217	
215	215	196	196	200	200	204	204	208	208	212	212	217	217	
194	43	2	0	4	15	2	0	0	0	0	0	0	0	0	1	
195	43	0	2	4	15	2	0	0	0	0	0	0	0	0	1	
196	43	2	12	4	15	2	0	0	0	0	0	0	0	0	1	
197	43	12	2	4	15	2	0	0	0	0	0	0	0	0	1	
198	42	4	0	4	15	2	0	0	0	0	0	0	0	0	1	
199	43	0	4	4	15	2	0	0	0	0	0	0	0	0	1	
200	43	4	12	4	15	2	0	0	0	0	0	0	0	0	1	
201	43	12	4	4	15	2	0	0	0	0	0	0	0	0	1	
202	43	6	0	4	15	2	0	0	0	0	0	0	0	0	1	
203	42	0	6	4	15	2	0	0	0	0	0	0	0	0	1	
204	43	6	12	4	15	2	0	0	0	0	0	0	0	0	1	
205	42	12	6	4	15	2	0	0	0	0	0	0	0	0	1	
206	42	8	0	4	15	2	0	0	0	0	0	0	0	0	1	
207	43	0	8	4	15	2	0	0	0	0	0	0	0	0	1	
208	43	8	12	4	15	2	0	0	0	0	0	0	0	0	1	
209	43	12	8	4	15	2	0	0	0	0	0	0	0	0	1	
210	43	10	0	4	15	2	0	0	0	0	0	0	0	0	1	
211	43	0	10	4	15	2	0	0	0	0	0	0	0	0	1	
212	43	10	12	4	15	2	0	0	0	0	0	0	0	0	1	
213	43	12	10	4	15	2	0	0	0	0	0	0	0	0	1	
214	43	0	0	4	15	2	0	0	0	0	0	0	0	0	1	
215	43	0	12	4	15	2	0	0	0	0	0	0	0	0	1	
216	43	12	0	4	15	2	0	0	0	0	0	0	0	0	1	
217	43	12	12	4	15	2	0	0	0	0	0	0	0	0	1	
218	37	2	6	4	15	2	0	0	0	0	0	0	0	0	1	
219	36	10	6	4	13	2	0	0	0	0	0	0	0	0	1	
220	37	4	8	4	13	2	0	0	0	0	0	0	0	0	1	
221	37	8	6	4	15	2	0	0	0	0	0	0	0	0	1	
222	37	10	6	4	15	2	0	0	0	0	0	0	0	0	1	
223	36	2	6	4	13	2	0	0	0	0	0	0	0	0	1	
224	37	4	6	4	13	2	0	0	0	0	0	0	0	0	1	
225	37	4	10	4	13	2	0	0	0	0	0	0	0	0	1	
226	37	4	6	4	15	2	0	0	0	0	0	0	0	0	1	
227	37	4	4	4	15	2	0	0	0	0	0	0	0	0	1	
228	37	4	2	4	15	2	0	0	0	0	0	0	0	0	1	
229	37	8	2	4	15	2	0	0	0	0	0	0	0	0	1	
230	37	6	6	4	15	3	0	0	0	0	0	0	0	0	1	
231	37	8	10	4	13	2	0	0	0	0	0	0	0	0	1	
232	37	8	8	4	13	2	0	0	0	0	0	0	0	0	1	
233	37	8	6	4	13	2	0	0	0	0	0	0	0	0	1	
234	74	8	4	4	15	4	0	0	0	0	0	0	0	0	1	
235	37	10	6	4	9	2	0	0	0	0	0	0	0	0	1	
236	39	2	10	4	7	2	0	0	0	0	0	0	0	0	1	
237	39	10	6	4	7	2	0	0	0	0	0	0	0	0	1	
238	39	10	2	4	9	2	0	0	0	0	0	0	0	0	1	
239	39	2	8	4	7	2	0	0	0	0	0	0	0	0	1	
240	39	2	6	4	7	2	0	0	0	0	0	0	0	0	1	
241	39	2	4	4	11	2	0	0	0	0	0	0	0	0	1	
242	39	10	2	4	11	2	0	0	0	0	0	0	0	0	1	
243	39	2	2	4	11	2	0	0	0	0	0	0	0	0	1	
244	74	4	6	4	9	4	0	0	0	0	0	0	0	0	1	
245	39	10	10	4	7	2	0	0	0	0	0	0	0	0	1	
246	39	2	10	4	9	2	0	0	0	0	0	0	0	0	1	
247	39	2	2	4	9	2	0	0	0	0	0	0	0	0	1	
248	37	2	4	4	9	2	0	0	0	0	0	0	0	0	1	
249	39	10	6	4	11	2	0	0	0	0	0	0	0	0	1	
250	37	2	6	4	9	2	0	0	0	0	0	0	0	0	1	
251	39	10	4	4	11	2	0	0	0	0	0	0	0	0	1	
252	39	8	6	4	11	2	0	0	0	0	0	0	0	0	1	
253	35	7	4	4	9	2	0	0	0	0	0	0	0	0	1	
254	35	5	4	4	9	2	0	0	0	0	0	0	0	0	1	
255	39	10	8	4	7	2	0	0	0	0	0	0	0	0	1	
256	39	2	6	4	11	2	0	0	0	0	0	0	0	0	1	
257	39	4	6	4	11	3	0	0	0	0	0	0	0	0	1	
258	39	6	6	4	11	2	0	0	0	0	0	0	0	0	1	
259	39	10	10	4	9	2	0	0	0	0	0	0	0	0	1	
260	36	8	6	4	9	2	0	0	0	0	0	0	0	0	1	
261	37	2	8	4	9	2	0	0	0	0	0	0	0	0	1	
262	74	10	4	4	9	4	0	0	0	0	0	0	0	0	1	
263	74	10	8	4	9	2	0	0	0	0	0	0	0	0	1	
264	32	12	7	-999	-999	2	0	0	0	0	0	0	0	0	1	
285	285	265	265	269	269	273	273	277	277	281	281	287	287	
285	285	265	265	269	269	273	273	277	277	281	281	287	287	
266	266	NULL	NULL	NULL	NULL	NULL	NULL	NULL	NULL	NULL	NULL	268	268	
266	266	NULL	NULL	NULL	NULL	NULL	NULL	NULL	NULL	NULL	NULL	268	268	
270	270	NULL	NULL	NULL	NULL	NULL	NULL	NULL	NULL	NULL	NULL	272	272	
270	270	NULL	NULL	NULL	NULL	NULL	NULL	NULL	NULL	NULL	NULL	272	272	
274	274	389	389	NULL	NULL	428	428	429	429	430	430	276	276	
274	274	389	389	NULL	NULL	428	428	429	429	430	430	276	276	
278	278	390	390	NULL	NULL	427	427	NULL	NULL	NULL	NULL	280	280	
278	278	390	390	NULL	NULL	427	427	NULL	NULL	NULL	NULL	280	280	
282	282	391	391	NULL	NULL	426	426	NULL	NULL	NULL	NULL	284	284	
282	282	391	391	NULL	NULL	426	426	NULL	NULL	NULL	NULL	284	284	
286	286	267	267	271	271	275	275	279	279	283	283	288	288	
286	286	267	267	271	271	275	275	279	279	283	283	288	288	
265	43	2	0	12	7	2	0	0	0	0	0	0	0	0	1	
266	43	0	2	12	7	2	0	0	0	0	0	0	0	0	1	
267	42	2	12	12	7	2	0	0	0	0	0	0	0	0	1	
268	43	12	2	12	7	2	0	0	0	0	0	0	0	0	1	
269	43	4	0	12	7	2	0	0	0	0	0	0	0	0	1	
270	43	0	4	12	7	2	0	0	0	0	0	0	0	0	1	
271	43	4	12	12	7	2	0	0	0	0	0	0	0	0	1	
272	43	12	4	12	7	2	0	0	0	0	0	0	0	0	1	
273	43	6	0	12	7	2	0	0	0	0	0	0	0	0	1	
274	42	0	6	12	7	2	0	0	0	0	0	0	0	0	1	
275	42	6	12	12	7	2	0	0	0	0	0	0	0	0	1	
276	42	12	6	12	7	2	0	0	0	0	0	0	0	0	1	
277	43	8	0	12	7	2	0	0	0	0	0	0	0	0	1	
278	43	0	8	12	7	2	0	0	0	0	0	0	0	0	1	
279	43	8	12	12	7	2	0	0	0	0	0	0	0	0	1	
280	43	12	8	12	7	2	0	0	0	0	0	0	0	0	1	
281	43	10	0	12	7	2	0	0	0	0	0	0	0	0	1	
282	43	0	10	12	7	2	0	0	0	0	0	0	0	0	1	
283	43	10	12	12	7	2	0	0	0	0	0	0	0	0	1	
284	43	12	10	12	7	2	0	0	0	0	0	0	0	0	1	
285	43	0	0	12	7	2	0	0	0	0	0	0	0	0	1	
286	43	0	12	12	7	2	0	0	0	0	0	0	0	0	1	
287	43	12	0	12	7	2	0	0	0	0	0	0	0	0	1	
288	43	12	12	12	7	2	0	0	0	0	0	0	0	0	1	
289	32	12	9	-999	-999	2	0	0	0	0	0	0	0	0	1	
310	310	290	290	294	294	298	298	302	302	306	306	312	312	
310	310	290	290	294	294	298	298	302	302	306	306	312	312	
291	291	392	392	NULL	NULL	425	425	NULL	NULL	NULL	NULL	293	293	
291	291	392	392	NULL	NULL	425	425	NULL	NULL	NULL	NULL	293	293	
295	295	393	393	NULL	NULL	444	444	NULL	NULL	NULL	NULL	297	297	
295	295	393	393	NULL	NULL	444	444	NULL	NULL	NULL	NULL	297	297	
299	299	394	394	395	395	396	396	397	397	398	398	301	301	
299	299	394	394	395	395	396	396	397	397	398	398	301	301	
303	303	399	399	NULL	NULL	445	445	NULL	NULL	NULL	NULL	305	305	
303	303	399	399	NULL	NULL	445	445	NULL	NULL	NULL	NULL	305	305	
307	307	400	400	NULL	NULL	422	422	NULL	NULL	NULL	NULL	309	309	
307	307	400	400	NULL	NULL	422	422	NULL	NULL	NULL	NULL	309	309	
311	311	292	292	296	296	300	300	304	304	308	308	313	313	
311	311	292	292	296	296	300	300	304	304	308	308	313	313	
290	42	2	0	12	9	2	0	0	0	0	0	0	0	0	1	
291	43	0	2	12	9	2	0	0	0	0	0	0	0	0	1	
292	42	2	12	12	9	2	0	0	0	0	0	0	0	0	1	
293	43	12	2	12	9	2	0	0	0	0	0	0	0	0	1	
294	43	4	0	12	9	2	0	0	0	0	0	0	0	0	1	
295	43	0	4	12	9	2	0	0	0	0	0	0	0	0	1	
296	43	4	12	12	9	2	0	0	0	0	0	0	0	0	1	
297	43	12	4	12	9	2	0	0	0	0	0	0	0	0	1	
298	42	6	0	12	9	2	0	0	0	0	0	0	0	0	1	
299	42	0	6	12	9	2	0	0	0	0	0	0	0	0	1	
300	42	6	12	12	9	2	0	0	0	0	0	0	0	0	1	
301	42	12	6	12	9	2	0	0	0	0	0	0	0	0	1	
302	43	8	0	12	9	2	0	0	0	0	0	0	0	0	1	
303	43	0	8	12	9	2	0	0	0	0	0	0	0	0	1	
304	43	8	12	12	9	2	0	0	0	0	0	0	0	0	1	
305	43	12	8	12	9	2	0	0	0	0	0	0	0	0	1	
306	43	10	0	12	9	2	0	0	0	0	0	0	0	0	1	
307	43	0	10	12	9	2	0	0	0	0	0	0	0	0	1	
308	43	10	12	12	9	2	0	0	0	0	0	0	0	0	1	
309	43	12	10	12	9	2	0	0	0	0	0	0	0	0	1	
310	43	0	0	12	9	2	0	0	0	0	0	0	0	0	1	
311	43	0	12	12	9	2	0	0	0	0	0	0	0	0	1	
312	43	12	0	12	9	2	0	0	0	0	0	0	0	0	1	
313	43	12	12	12	9	2	0	0	0	0	0	0	0	0	1	
314	32	12	11	-999	-999	2	0	0	0	0	0	0	0	0	1	
335	335	315	315	319	319	323	323	327	327	331	331	337	337	
335	335	315	315	319	319	323	323	327	327	331	331	337	337	
316	316	401	401	NULL	NULL	421	421	NULL	NULL	NULL	NULL	318	318	
316	316	401	401	NULL	NULL	421	421	NULL	NULL	NULL	NULL	318	318	
320	320	402	402	NULL	NULL	420	420	NULL	NULL	NULL	NULL	322	322	
320	320	402	402	NULL	NULL	420	420	NULL	NULL	NULL	NULL	322	322	
324	324	403	403	418	418	419	419	NULL	NULL	423	423	326	326	
324	324	403	403	418	418	419	419	NULL	NULL	423	423	326	326	
328	328	404	404	NULL	NULL	NULL	NULL	NULL	NULL	424	424	330	330	
328	328	404	404	NULL	NULL	NULL	NULL	NULL	NULL	424	424	330	330	
332	332	405	405	NULL	NULL	441	441	442	442	443	443	334	334	
332	332	405	405	NULL	NULL	441	441	442	442	443	443	334	334	
336	336	317	317	321	321	325	325	329	329	333	333	338	338	
336	336	317	317	321	321	325	325	329	329	333	333	338	338	
315	42	2	0	12	11	2	0	0	0	0	0	0	0	0	1	
316	43	0	2	12	11	2	0	0	0	0	0	0	0	0	1	
317	42	2	12	12	11	2	0	0	0	0	0	0	0	0	1	
318	43	12	2	12	11	2	0	0	0	0	0	0	0	0	1	
319	43	4	0	12	11	2	0	0	0	0	0	0	0	0	1	
320	43	0	4	12	11	2	0	0	0	0	0	0	0	0	1	
321	43	4	12	12	11	2	0	0	0	0	0	0	0	0	1	
322	43	12	4	12	11	2	0	0	0	0	0	0	0	0	1	
323	42	6	0	12	11	2	0	0	0	0	0	0	0	0	1	
324	42	0	6	12	11	2	0	0	0	0	0	0	0	0	1	
325	42	6	12	12	11	2	0	0	0	0	0	0	0	0	1	
326	42	12	6	12	11	2	0	0	0	0	0	0	0	0	1	
327	43	8	0	12	11	2	0	0	0	0	0	0	0	0	1	
328	43	0	8	12	11	2	0	0	0	0	0	0	0	0	1	
329	43	8	12	12	11	2	0	0	0	0	0	0	0	0	1	
330	43	12	8	12	11	2	0	0	0	0	0	0	0	0	1	
331	43	10	0	12	11	2	0	0	0	0	0	0	0	0	1	
332	43	0	10	12	11	2	0	0	0	0	0	0	0	0	1	
333	43	10	12	12	11	2	0	0	0	0	0	0	0	0	1	
334	43	12	10	12	11	2	0	0	0	0	0	0	0	0	1	
335	43	0	0	12	11	2	0	0	0	0	0	0	0	0	1	
336	43	0	12	12	11	2	0	0	0	0	0	0	0	0	1	
337	43	12	0	12	11	2	0	0	0	0	0	0	0	0	1	
338	43	12	12	12	11	2	0	0	0	0	0	0	0	0	1	
339	32	12	13	-999	-999	2	0	0	0	0	0	0	0	0	1	
360	360	340	340	344	344	348	348	352	352	356	356	362	362	
360	360	340	340	344	344	348	348	352	352	356	356	362	362	
341	341	406	406	NULL	NULL	440	440	NULL	NULL	NULL	NULL	343	343	
341	341	406	406	NULL	NULL	440	440	NULL	NULL	NULL	NULL	343	343	
345	345	407	407	NULL	NULL	439	439	NULL	NULL	NULL	NULL	347	347	
345	345	407	407	NULL	NULL	439	439	NULL	NULL	NULL	NULL	347	347	
349	349	408	408	438	438	435	435	436	436	437	437	351	351	
349	349	408	408	438	438	435	435	436	436	437	437	351	351	
353	353	409	409	NULL	NULL	434	434	NULL	NULL	NULL	NULL	355	355	
353	353	409	409	NULL	NULL	434	434	NULL	NULL	NULL	NULL	355	355	
357	357	410	410	NULL	NULL	433	433	NULL	NULL	NULL	NULL	359	359	
357	357	410	410	NULL	NULL	433	433	NULL	NULL	NULL	NULL	359	359	
361	361	342	342	346	346	350	350	354	354	358	358	363	363	
361	361	342	342	346	346	350	350	354	354	358	358	363	363	
340	42	2	0	12	13	2	0	0	0	0	0	0	0	0	1	
341	43	0	2	12	13	2	0	0	0	0	0	0	0	0	1	
342	42	2	12	12	13	2	0	0	0	0	0	0	0	0	1	
343	43	12	2	12	13	2	0	0	0	0	0	0	0	0	1	
344	43	4	0	12	13	2	0	0	0	0	0	0	0	0	1	
345	43	0	4	12	13	2	0	0	0	0	0	0	0	0	1	
346	43	4	12	12	13	2	0	0	0	0	0	0	0	0	1	
347	43	12	4	12	13	2	0	0	0	0	0	0	0	0	1	
348	42	6	0	12	13	2	0	0	0	0	0	0	0	0	1	
349	42	0	6	12	13	2	0	0	0	0	0	0	0	0	1	
350	42	6	12	12	13	2	0	0	0	0	0	0	0	0	1	
351	42	12	6	12	13	2	0	0	0	0	0	0	0	0	1	
352	43	8	0	12	13	2	0	0	0	0	0	0	0	0	1	
353	43	0	8	12	13	2	0	0	0	0	0	0	0	0	1	
354	43	8	12	12	13	2	0	0	0	0	0	0	0	0	1	
355	43	12	8	12	13	2	0	0	0	0	0	0	0	0	1	
356	43	10	0	12	13	2	0	0	0	0	0	0	0	0	1	
357	43	0	10	12	13	2	0	0	0	0	0	0	0	0	1	
358	43	10	12	12	13	2	0	0	0	0	0	0	0	0	1	
359	43	12	10	12	13	2	0	0	0	0	0	0	0	0	1	
360	43	0	0	12	13	2	0	0	0	0	0	0	0	0	1	
361	43	0	12	12	13	2	0	0	0	0	0	0	0	0	1	
362	43	12	0	12	13	2	0	0	0	0	0	0	0	0	1	
363	43	12	12	12	13	2	0	0	0	0	0	0	0	0	1	
364	32	12	15	-999	-999	2	0	0	0	0	0	0	0	0	1	
385	385	365	365	369	369	373	373	377	377	381	381	387	387	
385	385	365	365	369	369	373	373	377	377	381	381	387	387	
366	366	411	411	NULL	NULL	432	432	NULL	NULL	NULL	NULL	368	368	
366	366	411	411	NULL	NULL	432	432	NULL	NULL	NULL	NULL	368	368	
370	370	412	412	NULL	NULL	431	431	NULL	NULL	NULL	NULL	372	372	
370	370	412	412	NULL	NULL	431	431	NULL	NULL	NULL	NULL	372	372	
374	374	413	413	414	414	415	415	416	416	417	417	376	376	
374	374	413	413	414	414	415	415	416	416	417	417	376	376	
378	378	NULL	NULL	NULL	NULL	NULL	NULL	NULL	NULL	NULL	NULL	380	380	
378	378	NULL	NULL	NULL	NULL	NULL	NULL	NULL	NULL	NULL	NULL	380	380	
382	382	NULL	NULL	NULL	NULL	NULL	NULL	NULL	NULL	NULL	NULL	384	384	
382	382	NULL	NULL	NULL	NULL	NULL	NULL	NULL	NULL	NULL	NULL	384	384	
386	386	367	367	371	371	375	375	379	379	383	383	388	388	
386	386	367	367	371	371	375	375	379	379	383	383	388	388	
365	42	2	0	12	15	2	0	0	0	0	0	0	0	0	1	
366	43	0	2	12	15	2	0	0	0	0	0	0	0	0	1	
367	43	2	12	12	15	2	0	0	0	0	0	0	0	0	1	
368	43	12	2	12	15	2	0	0	0	0	0	0	0	0	1	
369	43	4	0	12	15	2	0	0	0	0	0	0	0	0	1	
370	43	0	4	12	15	2	0	0	0	0	0	0	0	0	1	
371	43	4	12	12	15	2	0	0	0	0	0	0	0	0	1	
372	43	12	4	12	15	2	0	0	0	0	0	0	0	0	1	
373	42	6	0	12	15	2	0	0	0	0	0	0	0	0	1	
374	42	0	6	12	15	2	0	0	0	0	0	0	0	0	1	
375	43	6	12	12	15	2	0	0	0	0	0	0	0	0	1	
376	42	12	6	12	15	2	0	0	0	0	0	0	0	0	1	
377	43	8	0	12	15	2	0	0	0	0	0	0	0	0	1	
378	43	0	8	12	15	2	0	0	0	0	0	0	0	0	1	
379	43	8	12	12	15	2	0	0	0	0	0	0	0	0	1	
380	43	12	8	12	15	2	0	0	0	0	0	0	0	0	1	
381	43	10	0	12	15	2	0	0	0	0	0	0	0	0	1	
382	43	0	10	12	15	2	0	0	0	0	0	0	0	0	1	
383	43	10	12	12	15	2	0	0	0	0	0	0	0	0	1	
384	43	12	10	12	15	2	0	0	0	0	0	0	0	0	1	
385	43	0	0	12	15	2	0	0	0	0	0	0	0	0	1	
386	43	0	12	12	15	2	0	0	0	0	0	0	0	0	1	
387	43	12	0	12	15	2	0	0	0	0	0	0	0	0	1	
388	43	12	12	12	15	2	0	0	0	0	0	0	0	0	1	
389	35	2	6	12	7	2	0	0	0	0	0	0	0	0	1	
390	35	2	8	12	7	2	0	0	0	0	0	0	0	0	1	
391	37	2	10	12	7	2	0	0	0	0	0	0	0	0	1	
392	37	2	2	12	9	2	0	0	0	0	0	0	0	0	1	
393	37	2	4	12	9	2	0	0	0	0	0	0	0	0	1	
394	37	2	6	12	9	2	0	0	0	0	0	0	0	0	1	
395	37	4	6	12	9	3	0	0	0	0	0	0	0	0	1	
396	37	6	6	12	9	2	0	0	0	0	0	0	0	0	1	
397	37	8	6	12	9	2	0	0	0	0	0	0	0	0	1	
398	37	10	6	12	9	2	0	0	0	0	0	0	0	0	1	
399	74	2	8	12	9	4	0	0	0	0	0	0	0	0	1	
400	39	2	10	12	9	2	0	0	0	0	0	0	0	0	1	
401	39	2	2	12	11	2	0	0	0	0	0	0	0	0	1	
402	39	2	4	12	11	2	0	0	0	0	0	0	0	0	1	
403	39	2	6	12	11	2	0	0	0	0	0	0	0	0	1	
404	39	2	8	12	11	2	0	0	0	0	0	0	0	0	1	
405	39	2	10	12	11	2	0	0	0	0	0	0	0	0	1	
406	39	2	2	12	13	2	0	0	0	0	0	0	0	0	1	
407	39	2	4	12	13	2	0	0	0	0	0	0	0	0	1	
408	39	2	6	12	13	2	0	0	0	0	0	0	0	0	1	
409	39	2	8	12	13	2	0	0	0	0	0	0	0	0	1	
410	39	2	10	12	13	2	0	0	0	0	0	0	0	0	1	
411	39	2	2	12	15	2	0	0	0	0	0	0	0	0	1	
412	39	2	4	12	15	2	0	0	0	0	0	0	0	0	1	
413	39	2	6	12	15	2	0	0	0	0	0	0	0	0	1	
414	39	4	6	12	15	3	0	0	0	0	0	0	0	0	1	
415	39	6	6	12	15	2	0	0	0	0	0	0	0	0	1	
416	39	8	6	12	15	2	0	0	0	0	0	0	0	0	1	
417	39	10	6	12	15	2	0	0	0	0	0	0	0	0	1	
418	74	4	6	12	11	4	0	0	0	0	0	0	0	0	1	
419	37	6	6	12	11	2	0	0	0	0	0	0	0	0	1	
420	37	6	4	12	11	2	0	0	0	0	0	0	0	0	1	
421	37	6	2	12	11	2	0	0	0	0	0	0	0	0	1	
422	37	6	10	12	9	2	0	0	0	0	0	0	0	0	1	
423	37	10	6	12	11	2	0	0	0	0	0	0	0	0	1	
424	35	10	8	12	11	2	0	0	0	0	0	0	0	0	1	
425	37	6	2	12	9	2	0	0	0	0	0	0	0	0	1	
426	37	6	10	12	7	2	0	0	0	0	0	0	0	0	1	
427	37	6	8	12	7	2	0	0	0	0	0	0	0	0	1	
428	37	6	6	12	7	2	0	0	0	0	0	0	0	0	1	
429	37	8	6	12	7	2	0	0	0	0	0	0	0	0	1	
430	39	10	6	12	7	2	0	0	0	0	0	0	0	0	1	
431	74	6	4	12	15	4	0	0	0	0	0	0	0	0	1	
432	37	6	2	12	15	2	0	0	0	0	0	0	0	0	1	
433	37	6	10	12	13	2	0	0	0	0	0	0	0	0	1	
434	36	6	8	12	13	2	0	0	0	0	0	0	0	0	1	
435	37	6	6	12	13	2	0	0	0	0	0	0	0	0	1	
436	35	8	6	12	13	2	0	0	0	0	0	0	0	0	1	
437	35	10	6	12	13	2	0	0	0	0	0	0	0	0	1	
438	74	4	6	12	13	4	0	0	0	0	0	0	0	0	1	
439	74	6	4	12	13	4	0	0	0	0	0	0	0	0	1	
440	37	6	2	12	13	2	0	0	0	0	0	0	0	0	1	
441	37	6	10	12	11	2	0	0	0	0	0	0	0	0	1	
442	37	8	10	12	11	2	0	0	0	0	0	0	0	0	1	
443	35	10	10	12	11	2	0	0	0	0	0	0	0	0	1	
444	74	6	4	12	9	4	0	0	0	0	0	0	0	0	1	
445	74	6	8	12	9	2	0	0	0	0	0	0	0	0	1	
446	32	20	7	-999	-999	2	0	0	0	0	0	0	0	0	1	
467	467	447	447	451	451	455	455	459	459	463	463	469	469	
467	467	447	447	451	451	455	455	459	459	463	463	469	469	
448	448	NULL	NULL	NULL	NULL	NULL	NULL	NULL	NULL	NULL	NULL	450	450	
448	448	NULL	NULL	NULL	NULL	NULL	NULL	NULL	NULL	NULL	NULL	450	450	
452	452	NULL	NULL	NULL	NULL	NULL	NULL	NULL	NULL	NULL	NULL	454	454	
452	452	NULL	NULL	NULL	NULL	NULL	NULL	NULL	NULL	NULL	NULL	454	454	
456	456	471	471	NULL	NULL	NULL	NULL	NULL	NULL	620	620	458	458	
456	456	471	471	NULL	NULL	NULL	NULL	NULL	NULL	620	620	458	458	
460	460	475	475	NULL	NULL	NULL	NULL	NULL	NULL	612	612	462	462	
460	460	475	475	NULL	NULL	NULL	NULL	NULL	NULL	612	612	462	462	
464	464	477	477	NULL	NULL	NULL	NULL	NULL	NULL	615	615	466	466	
464	464	477	477	NULL	NULL	NULL	NULL	NULL	NULL	615	615	466	466	
468	468	449	449	453	453	457	457	461	461	465	465	470	470	
468	468	449	449	453	453	457	457	461	461	465	465	470	470	
447	43	2	0	20	7	2	0	0	0	0	0	0	0	0	1	
448	43	0	2	20	7	2	0	0	0	0	0	0	0	0	1	
449	42	2	12	20	7	2	0	0	0	0	0	0	0	0	1	
450	43	12	2	20	7	2	0	0	0	0	0	0	0	0	1	
451	43	4	0	20	7	2	0	0	0	0	0	0	0	0	1	
452	43	0	4	20	7	2	0	0	0	0	0	0	0	0	1	
453	43	4	12	20	7	2	0	0	0	0	0	0	0	0	1	
454	43	12	4	20	7	2	0	0	0	0	0	0	0	0	1	
455	43	6	0	20	7	2	0	0	0	0	0	0	0	0	1	
456	42	0	6	20	7	2	0	0	0	0	0	0	0	0	1	
457	43	6	12	20	7	2	0	0	0	0	0	0	0	0	1	
458	42	12	6	20	7	2	0	0	0	0	0	0	0	0	1	
459	43	8	0	20	7	2	0	0	0	0	0	0	0	0	1	
460	43	0	8	20	7	2	0	0	0	0	0	0	0	0	1	
461	43	8	12	20	7	2	0	0	0	0	0	0	0	0	1	
462	43	12	8	20	7	2	0	0	0	0	0	0	0	0	1	
463	43	10	0	20	7	2	0	0	0	0	0	0	0	0	1	
464	43	0	10	20	7	2	0	0	0	0	0	0	0	0	1	
465	42	10	12	20	7	2	0	0	0	0	0	0	0	0	1	
466	43	12	10	20	7	2	0	0	0	0	0	0	0	0	1	
467	43	0	0	20	7	2	0	0	0	0	0	0	0	0	1	
468	43	0	12	20	7	2	0	0	0	0	0	0	0	0	1	
469	43	12	0	20	7	2	0	0	0	0	0	0	0	0	1	
470	43	12	12	20	7	2	0	0	0	0	0	0	0	0	1	
471	39	2	6	20	7	2	0	0	0	0	0	0	0	0	1	
472	43	12	0	20	15	2	0	0	0	0	0	0	0	0	1	
473	43	0	0	20	15	2	0	0	0	0	0	0	0	0	1	
474	43	0	12	20	15	2	0	0	0	0	0	0	0	0	1	
475	39	2	8	20	7	2	0	0	0	0	0	0	0	0	1	
476	43	12	12	20	15	2	0	0	0	0	0	0	0	0	1	
477	39	2	10	20	7	2	0	0	0	0	0	0	0	0	1	
478	74	4	6	20	9	4	0	0	0	0	0	0	0	0	1	
479	32	20	9	-999	-999	2	0	0	0	0	0	0	0	0	1	
500	500	480	480	484	484	488	488	492	492	496	496	502	502	
500	500	480	480	484	484	488	488	492	492	496	496	502	502	
481	481	504	504	NULL	NULL	NULL	NULL	NULL	NULL	622	622	483	483	
481	481	504	504	NULL	NULL	NULL	NULL	NULL	NULL	622	622	483	483	
485	485	506	506	NULL	NULL	NULL	NULL	NULL	NULL	623	623	487	487	
485	485	506	506	NULL	NULL	NULL	NULL	NULL	NULL	623	623	487	487	
489	489	514	514	478	478	555	555	NULL	NULL	551	551	491	491	
489	489	514	514	478	478	555	555	NULL	NULL	551	551	491	491	
493	493	516	516	NULL	NULL	617	617	NULL	NULL	543	543	495	495	
493	493	516	516	NULL	NULL	617	617	NULL	NULL	543	543	495	495	
497	497	515	515	NULL	NULL	547	547	NULL	NULL	549	549	499	499	
497	497	515	515	NULL	NULL	547	547	NULL	NULL	549	549	499	499	
501	501	482	482	486	486	490	490	494	494	498	498	503	503	
501	501	482	482	486	486	490	490	494	494	498	498	503	503	
480	42	2	0	20	9	2	0	0	0	0	0	0	0	0	1	
481	43	0	2	20	9	2	0	0	0	0	0	0	0	0	1	
482	42	2	12	20	9	2	0	0	0	0	0	0	0	0	1	
483	43	12	2	20	9	2	0	0	0	0	0	0	0	0	1	
484	43	4	0	20	9	2	0	0	0	0	0	0	0	0	1	
485	43	0	4	20	9	2	0	0	0	0	0	0	0	0	1	
486	43	4	12	20	9	2	0	0	0	0	0	0	0	0	1	
487	43	12	4	20	9	2	0	0	0	0	0	0	0	0	1	
488	43	6	0	20	9	2	0	0	0	0	0	0	0	0	1	
489	42	0	6	20	9	2	0	0	0	0	0	0	0	0	1	
490	42	6	12	20	9	2	0	0	0	0	0	0	0	0	1	
491	42	12	6	20	9	2	0	0	0	0	0	0	0	0	1	
492	43	8	0	20	9	2	0	0	0	0	0	0	0	0	1	
493	43	0	8	20	9	2	0	0	0	0	0	0	0	0	1	
494	43	8	12	20	9	2	0	0	0	0	0	0	0	0	1	
495	43	12	8	20	9	2	0	0	0	0	0	0	0	0	1	
496	42	10	0	20	9	2	0	0	0	0	0	0	0	0	1	
497	43	0	10	20	9	2	0	0	0	0	0	0	0	0	1	
498	42	10	12	20	9	2	0	0	0	0	0	0	0	0	1	
499	43	12	10	20	9	2	0	0	0	0	0	0	0	0	1	
500	43	0	0	20	9	2	0	0	0	0	0	0	0	0	1	
501	43	0	12	20	9	2	0	0	0	0	0	0	0	0	1	
502	43	12	0	20	9	2	0	0	0	0	0	0	0	0	1	
503	43	12	12	20	9	2	0	0	0	0	0	0	0	0	1	
504	39	2	2	20	9	2	0	0	0	0	0	0	0	0	1	
505	42	0	6	20	15	2	0	0	0	0	0	0	0	0	1	
506	39	2	4	20	9	2	0	0	0	0	0	0	0	0	1	
507	39	2	4	20	15	2	0	0	0	0	0	0	0	0	1	
508	43	6	0	20	15	2	0	0	0	0	0	0	0	0	1	
509	42	12	6	20	15	2	0	0	0	0	0	0	0	0	1	
510	43	8	0	20	15	2	0	0	0	0	0	0	0	0	1	
511	39	2	6	20	15	2	0	0	0	0	0	0	0	0	1	
512	43	6	12	20	15	2	0	0	0	0	0	0	0	0	1	
513	43	12	4	20	15	2	0	0	0	0	0	0	0	0	1	
514	39	2	6	20	9	2	0	0	0	0	0	0	0	0	1	
515	39	2	10	20	9	2	0	0	0	0	0	0	0	0	1	
516	39	2	8	20	9	2	0	0	0	0	0	0	0	0	1	
517	32	20	11	-999	-999	2	0	0	0	0	0	0	0	0	1	
538	538	518	518	522	522	526	526	530	530	534	534	540	540	
538	538	518	518	522	522	526	526	530	530	534	534	540	540	
519	519	542	542	NULL	NULL	554	554	NULL	NULL	616	616	521	521	
519	519	542	542	NULL	NULL	554	554	NULL	NULL	616	616	521	521	
523	523	544	544	NULL	NULL	627	627	NULL	NULL	621	621	525	525	
523	523	544	544	NULL	NULL	627	627	NULL	NULL	621	621	525	525	
527	527	546	546	586	586	619	619	625	625	614	614	529	529	
527	527	546	546	586	586	619	619	625	625	614	614	529	529	
531	531	550	550	NULL	NULL	NULL	NULL	NULL	NULL	628	628	533	533	
531	531	550	550	NULL	NULL	NULL	NULL	NULL	NULL	628	628	533	533	
535	535	552	552	NULL	NULL	545	545	626	626	624	624	537	537	
535	535	552	552	NULL	NULL	545	545	626	626	624	624	537	537	
539	539	520	520	524	524	528	528	532	532	536	536	541	541	
539	539	520	520	524	524	528	528	532	532	536	536	541	541	
518	42	2	0	20	11	2	0	0	0	0	0	0	0	0	1	
519	43	0	2	20	11	2	0	0	0	0	0	0	0	0	1	
520	42	2	12	20	11	2	0	0	0	0	0	0	0	0	1	
521	43	12	2	20	11	2	0	0	0	0	0	0	0	0	1	
522	43	4	0	20	11	2	0	0	0	0	0	0	0	0	1	
523	43	0	4	20	11	2	0	0	0	0	0	0	0	0	1	
524	43	4	12	20	11	2	0	0	0	0	0	0	0	0	1	
525	43	12	4	20	11	2	0	0	0	0	0	0	0	0	1	
526	42	6	0	20	11	2	0	0	0	0	0	0	0	0	1	
527	42	0	6	20	11	2	0	0	0	0	0	0	0	0	1	
528	42	6	12	20	11	2	0	0	0	0	0	0	0	0	1	
529	42	12	6	20	11	3	0	0	0	0	0	0	0	0	1	
530	43	8	0	20	11	2	0	0	0	0	0	0	0	0	1	
531	43	0	8	20	11	2	0	0	0	0	0	0	0	0	1	
532	43	8	12	20	11	2	0	0	0	0	0	0	0	0	1	
533	43	12	8	20	11	2	0	0	0	0	0	0	0	0	1	
534	42	10	0	20	11	2	0	0	0	0	0	0	0	0	1	
535	43	0	10	20	11	2	0	0	0	0	0	0	0	0	1	
536	43	10	12	20	11	2	0	0	0	0	0	0	0	0	1	
537	43	12	10	20	11	2	0	0	0	0	0	0	0	0	1	
538	43	0	0	20	11	2	0	0	0	0	0	0	0	0	1	
539	43	0	12	20	11	2	0	0	0	0	0	0	0	0	1	
540	43	12	0	20	11	2	0	0	0	0	0	0	0	0	1	
541	43	12	12	20	11	2	0	0	0	0	0	0	0	0	1	
542	39	2	2	20	11	2	0	0	0	0	0	0	0	0	1	
543	36	10	8	20	9	2	0	0	0	0	0	0	0	0	1	
544	39	2	4	20	11	2	0	0	0	0	0	0	0	0	1	
545	37	6	10	20	11	2	0	0	0	0	0	0	0	0	1	
546	39	2	6	20	11	2	0	0	0	0	0	0	0	0	1	
547	37	6	10	20	9	2	0	0	0	0	0	0	0	0	1	
548	74	4	6	20	13	4	0	0	0	0	0	0	0	0	1	
549	37	10	10	20	9	2	0	0	0	0	0	0	0	0	1	
550	39	2	8	20	11	2	0	0	0	0	0	0	0	0	1	
551	37	10	6	20	9	2	0	0	0	0	0	0	0	0	1	
552	39	2	10	20	11	2	0	0	0	0	0	0	0	0	1	
553	39	2	2	20	15	2	0	0	0	0	0	0	0	0	1	
554	37	6	2	20	11	2	0	0	0	0	0	0	0	0	1	
555	35	6	6	20	9	2	0	0	0	0	0	0	0	0	1	
556	32	20	13	-999	-999	2	0	0	0	0	0	0	0	0	1	
577	577	557	557	561	561	565	565	569	569	573	573	579	579	
577	577	557	557	561	561	565	565	569	569	573	573	579	579	
558	558	581	581	NULL	NULL	611	611	NULL	NULL	NULL	NULL	560	560	
558	558	581	581	NULL	NULL	611	611	NULL	NULL	NULL	NULL	560	560	
562	562	583	583	NULL	NULL	613	613	NULL	NULL	NULL	NULL	564	564	
562	562	583	583	NULL	NULL	613	613	NULL	NULL	NULL	NULL	564	564	
566	566	585	585	548	548	618	618	NULL	NULL	606	606	568	568	
566	566	585	585	548	548	618	618	NULL	NULL	606	606	568	568	
570	570	590	590	NULL	NULL	NULL	NULL	NULL	NULL	609	609	572	572	
570	570	590	590	NULL	NULL	NULL	NULL	NULL	NULL	609	609	572	572	
574	574	592	592	NULL	NULL	NULL	NULL	NULL	NULL	608	608	576	576	
574	574	592	592	NULL	NULL	NULL	NULL	NULL	NULL	608	608	576	576	
578	578	559	559	563	563	567	567	571	571	575	575	580	580	
578	578	559	559	563	563	567	567	571	571	575	575	580	580	
557	42	2	0	20	13	2	0	0	0	0	0	0	0	0	1	
558	43	0	2	20	13	2	0	0	0	0	0	0	0	0	1	
559	42	2	12	20	13	2	0	0	0	0	0	0	0	0	1	
560	43	12	2	20	13	2	0	0	0	0	0	0	0	0	1	
561	43	4	0	20	13	2	0	0	0	0	0	0	0	0	1	
562	43	0	4	20	13	2	0	0	0	0	0	0	0	0	1	
563	43	4	12	20	13	2	0	0	0	0	0	0	0	0	1	
564	43	12	4	20	13	2	0	0	0	0	0	0	0	0	1	
565	42	6	0	20	13	2	0	0	0	0	0	0	0	0	1	
566	42	0	6	20	13	2	0	0	0	0	0	0	0	0	1	
567	43	6	12	20	13	2	0	0	0	0	0	0	0	0	1	
568	42	12	6	20	13	2	0	0	0	0	0	0	0	0	1	
569	43	8	0	20	13	2	0	0	0	0	0	0	0	0	1	
570	43	0	8	20	13	2	0	0	0	0	0	0	0	0	1	
571	43	8	12	20	13	2	0	0	0	0	0	0	0	0	1	
572	43	12	8	20	13	2	0	0	0	0	0	0	0	0	1	
573	43	10	0	20	13	2	0	0	0	0	0	0	0	0	1	
574	43	0	10	20	13	2	0	0	0	0	0	0	0	0	1	
575	42	10	12	20	13	2	0	0	0	0	0	0	0	0	1	
576	43	12	10	20	13	2	0	0	0	0	0	0	0	0	1	
577	43	0	0	20	13	2	0	0	0	0	0	0	0	0	1	
578	43	0	12	20	13	2	0	0	0	0	0	0	0	0	1	
579	43	12	0	20	13	2	0	0	0	0	0	0	0	0	1	
580	43	12	12	20	13	2	0	0	0	0	0	0	0	0	1	
581	39	2	2	20	13	2	0	0	0	0	0	0	0	0	1	
582	43	8	12	20	15	2	0	0	0	0	0	0	0	0	1	
583	39	2	4	20	13	2	0	0	0	0	0	0	0	0	1	
584	43	0	8	20	15	2	0	0	0	0	0	0	0	0	1	
585	39	2	6	20	13	2	0	0	0	0	0	0	0	0	1	
586	74	4	6	20	11	4	0	0	0	0	0	0	0	0	1	
587	43	12	10	20	15	2	0	0	0	0	0	0	0	0	1	
588	42	10	0	20	15	2	0	0	0	0	0	0	0	0	1	
589	43	12	8	20	15	2	0	0	0	0	0	0	0	0	1	
590	39	2	8	20	13	2	0	0	0	0	0	0	0	0	1	
591	43	10	12	20	15	2	0	0	0	0	0	0	0	0	1	
592	39	2	10	20	13	2	0	0	0	0	0	0	0	0	1	
593	43	0	10	20	15	2	0	0	0	0	0	0	0	0	1	
594	32	20	15	-999	-999	2	0	0	0	0	0	0	0	0	1	
473	473	595	595	599	599	508	508	510	510	588	588	472	472	
473	473	595	595	599	599	508	508	510	510	588	588	472	472	
596	596	553	553	NULL	NULL	NULL	NULL	NULL	NULL	607	607	598	598	
596	596	553	553	NULL	NULL	NULL	NULL	NULL	NULL	607	607	598	598	
600	600	507	507	NULL	NULL	NULL	NULL	NULL	NULL	610	610	513	513	
600	600	507	507	NULL	NULL	NULL	NULL	NULL	NULL	610	610	513	513	
505	505	511	511	602	602	603	603	604	604	605	605	509	509	
505	505	511	511	602	602	603	603	604	604	605	605	509	509	
584	584	NULL	NULL	NULL	NULL	NULL	NULL	NULL	NULL	NULL	NULL	589	589	
584	584	NULL	NULL	NULL	NULL	NULL	NULL	NULL	NULL	NULL	NULL	589	589	
593	593	NULL	NULL	NULL	NULL	NULL	NULL	NULL	NULL	NULL	NULL	587	587	
593	593	NULL	NULL	NULL	NULL	NULL	NULL	NULL	NULL	NULL	NULL	587	587	
474	474	597	597	601	601	512	512	582	582	591	591	476	476	
474	474	597	597	601	601	512	512	582	582	591	591	476	476	
595	42	2	0	20	15	2	0	0	0	0	0	0	0	0	1	
596	43	0	2	20	15	2	0	0	0	0	0	0	0	0	1	
597	43	2	12	20	15	2	0	0	0	0	0	0	0	0	1	
598	43	12	2	20	15	2	0	0	0	0	0	0	0	0	1	
599	43	4	0	20	15	2	0	0	0	0	0	0	0	0	1	
600	43	0	4	20	15	2	0	0	0	0	0	0	0	0	1	
601	43	4	12	20	15	2	0	0	0	0	0	0	0	0	1	
602	39	4	6	20	15	3	0	0	0	0	0	0	0	0	1	
603	39	6	6	20	15	2	0	0	0	0	0	0	0	0	1	
604	39	8	6	20	15	2	0	0	0	0	0	0	0	0	1	
605	39	10	6	20	15	2	0	0	0	0	0	0	0	0	1	
606	35	10	6	20	13	2	0	0	0	0	0	0	0	0	1	
607	35	10	2	20	15	2	0	0	0	0	0	0	0	0	1	
608	35	10	10	20	13	2	0	0	0	0	0	0	0	0	1	
609	35	10	8	20	13	2	0	0	0	0	0	0	0	0	1	
610	74	10	4	20	15	4	0	0	0	0	0	0	0	0	1	
611	37	6	2	20	13	2	0	0	0	0	0	0	0	0	1	
612	39	10	8	20	7	2	0	0	0	0	0	0	0	0	1	
613	37	6	4	20	13	2	0	0	0	0	0	0	0	0	1	
614	37	10	6	20	11	2	0	0	0	0	0	0	0	0	1	
615	39	10	10	20	7	2	0	0	0	0	0	0	0	0	1	
616	37	10	2	20	11	2	0	0	0	0	0	0	0	0	1	
617	35	6	8	20	9	2	0	0	0	0	0	0	0	0	1	
618	37	6	6	20	13	2	0	0	0	0	0	0	0	0	1	
619	35	6	6	20	11	2	0	0	0	0	0	0	0	0	1	
620	39	10	6	20	7	2	0	0	0	0	0	0	0	0	1	
621	74	10	4	20	11	4	0	0	0	0	0	0	0	0	1	
622	39	10	2	20	9	2	0	0	0	0	0	0	0	0	1	
623	74	10	4	20	9	4	0	0	0	0	0	0	0	0	1	
624	37	10	10	20	11	2	0	0	0	0	0	0	0	0	1	
625	37	8	6	20	11	3	0	0	0	0	0	0	0	0	1	
626	37	8	10	20	11	2	0	0	0	0	0	0	0	0	1	
627	37	6	4	20	11	2	0	0	0	0	0	0	0	0	1	
628	94	10	8	20	11	2	0	0	0	0	0	0	0	0	1	
629	40	21	2	-999	-999	2	0	0	0	0	0	0	0	0	1	
630	40	21	0	-999	-999	2	0	0	0	0	0	0	0	0	1	
631	40	18	0	-999	-999	2	0	0	0	0	0	0	0	0	1	
632	40	18	2	-999	-999	2	0	0	0	0	0	0	0	0	1	
633	40	15	2	-999	-999	2	0	0	0	0	0	0	0	0	1	
634	40	15	0	-999	-999	2	0	0	0	0	0	0	0	0	1	
635	40	12	0	-999	-999	2	0	0	0	0	0	0	0	0	1	
636	40	12	2	-999	-999	2	0	0	0	0	0	0	0	0	1	
637	40	9	2	-999	-999	2	0	0	0	0	0	0	0	0	1	
638	40	9	0	-999	-999	2	0	0	0	0	0	0	0	0	1	
639	40	6	0	-999	-999	2	0	0	0	0	0	0	0	0	1	
640	40	6	2	-999	-999	2	0	0	0	0	0	0	0	0	1	
641	40	3	2	-999	-999	2	0	0	0	0	0	0	0	0	1	
642	40	3	0	-999	-999	2	0	0	0	0	0	0	0	0	1	
643	40	0	0	-999	-999	2	0	0	0	0	0	0	0	0	1	
644	40	0	2	-999	-999	2	0	0	0	0	0	0	0	0	1	
643	643	NULL	642	642	NULL	639	639	NULL	638	638	NULL	635	635	NULL	634	634	NULL	631	631	NULL	630	630	NULL	
643	643	NULL	642	642	NULL	639	639	NULL	638	638	NULL	635	635	NULL	634	634	NULL	631	631	NULL	630	630	NULL	
644	644	NULL	641	641	NULL	640	640	NULL	637	637	NULL	636	636	NULL	633	633	NULL	632	632	NULL	629	629	NULL	
644	644	NULL	641	641	NULL	640	640	NULL	637	637	NULL	636	636	NULL	633	633	NULL	632	632	NULL	629	629	NULL	
NULL	NULL	NULL	NULL	NULL	NULL	NULL	NULL	NULL	NULL	NULL	NULL	NULL	NULL	NULL	NULL	NULL	NULL	NULL	NULL	NULL	NULL	NULL	NULL	
13	13	26	26	24	24	22	22	43	43	48	48	20	20	18	18	16	16	14	14	12	12	33	33	
13	13	26	26	24	24	22	22	43	43	48	48	20	20	18	18	16	16	14	14	12	12	33	33	
2	2	5	5	93	93	49	49	66	66	74	74	264	264	17	17	88	88	44	44	446	446	70	70	
2	2	5	5	93	93	49	49	66	66	74	74	264	264	17	17	88	88	44	44	446	446	70	70	
1	1	6	6	118	118	47	47	28	28	56	56	289	289	92	92	25	25	29	29	479	479	86	86	
1	1	6	6	118	118	47	47	28	28	56	56	289	289	92	92	25	25	29	29	479	479	86	86	
0	0	7	7	143	143	85	85	30	30	76	76	314	314	68	68	58	58	63	63	517	517	91	91	
0	0	7	7	143	143	85	85	30	30	76	76	314	314	68	68	58	58	63	63	517	517	91	91	
3	3	8	8	168	168	62	62	72	72	52	52	339	339	40	40	39	39	81	81	556	556	89	89	
3	3	8	8	168	168	62	62	72	72	52	52	339	339	40	40	39	39	81	81	556	556	89	89	
4	4	9	9	193	193	80	80	69	69	82	82	364	364	37	37	34	34	36	36	594	594	87	87	
4	4	9	9	193	193	80	80	69	69	82	82	364	364	37	37	34	34	36	36	594	594	87	87	
67	67	71	71	75	75	79	79	84	84	60	60	31	31	11	11	15	15	19	19	23	23	27	27	
67	67	71	71	75	75	79	79	84	84	60	60	31	31	11	11	15	15	19	19	23	23	27	27	
NULL	NULL	NULL	NULL	NULL	NULL	NULL	NULL	NULL	NULL	NULL	NULL	NULL	NULL	NULL	NULL	NULL	NULL	NULL	NULL	NULL	NULL	NULL	NULL	
35	35	59	59	54	54	50	50	46	46	38	38	57	57	55	55	61	61	45	45	53	53	51	51	
35	35	59	59	54	54	50	50	46	46	38	38	57	57	55	55	61	61	45	45	53	53	51	51	
77	77	21	21	32	32	90	90	78	78	42	42	10	10	64	64	41	41	83	83	73	73	65	65	
77	77	21	21	32	32	90	90	78	78	42	42	10	10	64	64	41	41	83	83	73	73	65	65	
