354
0	0	9	11	-999	-999	2	0	2	1000	0	0	0	0	0	1	
1	40	20	20	-999	-999	2	0	0	0	0	0	0	0	0	1	
2	40	14	13	-999	-999	2	0	0	0	0	0	0	0	0	1	
3	40	11	9	-999	-999	2	0	0	0	0	0	0	0	0	1	
4	40	13	9	-999	-999	2	0	0	0	0	0	0	0	0	1	
5	40	9	9	-999	-999	2	0	0	0	0	0	0	0	0	1	
6	40	16	14	-999	-999	2	0	0	0	0	0	0	0	0	1	
7	40	7	9	-999	-999	2	0	0	0	0	0	0	0	0	1	
8	40	17	5	-999	-999	2	0	0	0	0	0	0	0	0	1	
9	40	7	11	-999	-999	2	0	0	0	0	0	0	0	0	1	
10	40	20	22	-999	-999	2	0	0	0	0	0	0	0	0	1	
11	40	20	5	-999	-999	2	0	0	0	0	0	0	0	0	1	
12	40	22	20	-999	-999	2	0	0	0	0	0	0	0	0	1	
13	16	13	11	-999	-999	2	100000	0	0	0	0	0	0	0	1	
14	32	11	11	-999	-999	2	0	0	0	0	0	0	0	0	1	
35	35	15	15	19	19	23	23	27	27	31	31	37	37	
35	35	15	15	19	19	23	23	27	27	31	31	37	37	
16	16	NULL	NULL	NULL	NULL	351	351	NULL	NULL	NULL	NULL	18	18	
16	16	NULL	NULL	352	352	351	351	NULL	NULL	NULL	NULL	18	18	
20	20	NULL	NULL	352	352	350	350	NULL	NULL	NULL	NULL	22	22	
20	20	NULL	NULL	347	347	350	350	NULL	NULL	NULL	NULL	22	22	
24	24	345	345	347	347	349	349	NULL	NULL	NULL	NULL	26	26	
24	24	345	345	346	346	349	349	NULL	NULL	353	353	26	26	
28	28	NULL	NULL	346	346	348	348	267	267	353	353	30	30	
28	28	NULL	NULL	NULL	NULL	348	348	267	267	NULL	NULL	30	30	
32	32	NULL	NULL	NULL	NULL	NULL	NULL	NULL	NULL	NULL	NULL	34	34	
32	32	NULL	NULL	NULL	NULL	NULL	NULL	NULL	NULL	NULL	NULL	34	34	
36	36	17	17	21	21	25	25	29	29	33	33	38	38	
36	36	17	17	21	21	25	25	29	29	33	33	38	38	
15	43	2	0	11	11	2	0	0	0	0	0	0	0	0	1	
16	43	0	2	11	11	2	0	0	0	0	0	0	0	0	1	
17	43	2	12	11	11	2	0	0	0	0	0	0	0	0	1	
18	43	12	2	11	11	2	0	0	0	0	0	0	0	0	1	
19	43	4	0	11	11	2	0	0	0	0	0	0	0	0	1	
20	43	0	4	11	11	2	0	0	0	0	0	0	0	0	1	
21	43	4	12	11	11	2	0	0	0	0	0	0	0	0	1	
22	43	12	4	11	11	2	0	0	0	0	0	0	0	0	1	
23	43	6	0	11	11	2	0	0	0	0	0	0	0	0	1	
24	42	0	6	11	11	2	0	0	0	0	0	0	0	0	1	
25	43	6	12	11	11	2	0	0	0	0	0	0	0	0	1	
26	42	12	6	11	11	2	0	0	0	0	0	0	0	0	1	
27	43	8	0	11	11	2	0	0	0	0	0	0	0	0	1	
28	43	0	8	11	11	2	0	0	0	0	0	0	0	0	1	
29	43	8	12	11	11	2	0	0	0	0	0	0	0	0	1	
30	43	12	8	11	11	2	0	0	0	0	0	0	0	0	1	
31	43	10	0	11	11	2	0	0	0	0	0	0	0	0	1	
32	43	0	10	11	11	2	0	0	0	0	0	0	0	0	1	
33	43	10	12	11	11	2	0	0	0	0	0	0	0	0	1	
34	43	12	10	11	11	2	0	0	0	0	0	0	0	0	1	
35	43	0	0	11	11	2	0	0	0	0	0	0	0	0	1	
36	43	0	12	11	11	2	0	0	0	0	0	0	0	0	1	
37	43	12	0	11	11	2	0	0	0	0	0	0	0	0	1	
38	43	12	12	11	11	2	0	0	0	0	0	0	0	0	1	
39	0	2	4	-999	-999	2	0	2	1000	0	0	0	0	0	1	
40	1	4	6	-999	-999	2	0	2	1000	0	0	0	0	0	1	
41	32	4	4	-999	-999	2	0	0	0	0	0	0	0	0	1	
62	62	42	42	46	46	50	50	54	54	58	58	64	64	
62	62	42	42	46	46	50	50	54	54	58	58	64	64	
43	43	NULL	NULL	NULL	103	103	NULL	NULL	NULL	NULL	NULL	45	45	
43	43	NULL	NULL	NULL	103	103	NULL	NULL	NULL	NULL	NULL	45	45	
47	47	NULL	NULL	102	102	NULL	NULL	NULL	NULL	NULL	NULL	49	49	
47	47	101	101	102	102	NULL	NULL	NULL	NULL	NULL	NULL	49	49	
51	51	101	101	NULL	NULL	NULL	NULL	NULL	NULL	NULL	NULL	53	53	
51	51	NULL	NULL	NULL	NULL	NULL	NULL	NULL	NULL	106	106	53	53	
55	55	NULL	NULL	NULL	NULL	NULL	NULL	105	105	106	106	57	57	
55	55	NULL	NULL	NULL	NULL	NULL	NULL	105	105	NULL	NULL	57	57	
59	59	NULL	NULL	NULL	NULL	NULL	104	104	NULL	NULL	NULL	61	61	
59	59	NULL	NULL	NULL	NULL	NULL	104	104	NULL	NULL	NULL	61	61	
63	63	44	44	48	48	52	52	56	56	60	60	65	65	
63	63	44	44	48	48	52	52	56	56	60	60	65	65	
42	43	2	0	4	4	2	0	0	0	0	0	0	0	0	1	
43	43	0	2	4	4	2	0	0	0	0	0	0	0	0	1	
44	43	2	12	4	4	2	0	0	0	0	0	0	0	0	1	
45	43	12	2	4	4	2	0	0	0	0	0	0	0	0	1	
46	43	4	0	4	4	2	0	0	0	0	0	0	0	0	1	
47	43	0	4	4	4	2	0	0	0	0	0	0	0	0	1	
48	43	4	12	4	4	2	0	0	0	0	0	0	0	0	1	
49	43	12	4	4	4	2	0	0	0	0	0	0	0	0	1	
50	42	6	0	4	4	2	0	0	0	0	0	0	0	0	1	
51	42	0	6	4	4	2	0	0	0	0	0	0	0	0	1	
52	42	6	12	4	4	2	0	0	0	0	0	0	0	0	1	
53	42	12	6	4	4	2	0	0	0	0	0	0	0	0	1	
54	43	8	0	4	4	2	0	0	0	0	0	0	0	0	1	
55	43	0	8	4	4	2	0	0	0	0	0	0	0	0	1	
56	43	8	12	4	4	2	0	0	0	0	0	0	0	0	1	
57	43	12	8	4	4	2	0	0	0	0	0	0	0	0	1	
58	43	10	0	4	4	2	0	0	0	0	0	0	0	0	1	
59	43	0	10	4	4	2	0	0	0	0	0	0	0	0	1	
60	43	10	12	4	4	2	0	0	0	0	0	0	0	0	1	
61	43	12	10	4	4	2	0	0	0	0	0	0	0	0	1	
62	43	0	0	4	4	2	0	0	0	0	0	0	0	0	1	
63	43	0	12	4	4	2	0	0	0	0	0	0	0	0	1	
64	43	12	0	4	4	2	0	0	0	0	0	0	0	0	1	
65	43	12	12	4	4	2	0	0	0	0	0	0	0	0	1	
66	12	4	2	-999	-999	2	100000	0	0	0	0	0	0	0	1	
67	13	6	4	-999	-999	2	100000	0	0	0	0	0	0	0	1	
68	3	15	3	-999	-999	2	0	2	1000	0	0	0	0	0	1	
69	14	19	3	-999	-999	2	100000	0	0	0	0	0	0	0	1	
70	32	17	3	-999	-999	2	0	0	0	0	0	0	0	0	1	
91	91	71	71	75	75	79	79	83	83	87	87	93	93	
91	91	71	71	75	75	79	79	83	83	87	87	93	93	
72	72	NULL	NULL	NULL	NULL	NULL	NULL	NULL	NULL	NULL	NULL	74	74	
72	72	NULL	NULL	NULL	NULL	NULL	NULL	NULL	NULL	NULL	NULL	74	74	
76	76	NULL	NULL	NULL	NULL	NULL	NULL	NULL	NULL	NULL	NULL	78	78	
76	76	NULL	NULL	NULL	NULL	97	97	99	99	98	98	78	78	
80	80	95	95	96	96	97	97	99	99	98	98	82	82	
80	80	95	95	96	96	100	100	NULL	NULL	NULL	NULL	82	82	
84	84	NULL	NULL	NULL	NULL	100	100	NULL	NULL	NULL	NULL	86	86	
84	84	NULL	NULL	NULL	NULL	NULL	NULL	NULL	NULL	NULL	NULL	86	86	
88	88	NULL	NULL	NULL	NULL	NULL	NULL	NULL	NULL	NULL	NULL	90	90	
88	88	NULL	NULL	NULL	NULL	NULL	NULL	NULL	NULL	NULL	NULL	90	90	
92	92	73	73	77	77	81	81	85	85	89	89	94	94	
92	92	73	73	77	77	81	81	85	85	89	89	94	94	
71	43	2	0	17	3	2	0	0	0	0	0	0	0	0	1	
72	43	0	2	17	3	2	0	0	0	0	0	0	0	0	1	
73	43	2	12	17	3	2	0	0	0	0	0	0	0	0	1	
74	43	12	2	17	3	2	0	0	0	0	0	0	0	0	1	
75	43	4	0	17	3	2	0	0	0	0	0	0	0	0	1	
76	43	0	4	17	3	2	0	0	0	0	0	0	0	0	1	
77	43	4	12	17	3	2	0	0	0	0	0	0	0	0	1	
78	43	12	4	17	3	2	0	0	0	0	0	0	0	0	1	
79	43	6	0	17	3	2	0	0	0	0	0	0	0	0	1	
80	42	0	6	17	3	2	0	0	0	0	0	0	0	0	1	
81	43	6	12	17	3	2	0	0	0	0	0	0	0	0	1	
82	42	12	6	17	3	2	0	0	0	0	0	0	0	0	1	
83	43	8	0	17	3	2	0	0	0	0	0	0	0	0	1	
84	43	0	8	17	3	2	0	0	0	0	0	0	0	0	1	
85	43	8	12	17	3	2	0	0	0	0	0	0	0	0	1	
86	43	12	8	17	3	2	0	0	0	0	0	0	0	0	1	
87	43	10	0	17	3	2	0	0	0	0	0	0	0	0	1	
88	43	0	10	17	3	2	0	0	0	0	0	0	0	0	1	
89	43	10	12	17	3	2	0	0	0	0	0	0	0	0	1	
90	43	12	10	17	3	2	0	0	0	0	0	0	0	0	1	
91	43	0	0	17	3	2	0	0	0	0	0	0	0	0	1	
92	43	0	12	17	3	2	0	0	0	0	0	0	0	0	1	
93	43	12	0	17	3	2	0	0	0	0	0	0	0	0	1	
94	43	12	12	17	3	2	0	0	0	0	0	0	0	0	1	
95	37	2	6	17	3	2	0	0	0	0	0	0	0	0	1	
96	5	4	6	17	3	2	0	0	0	0	0	0	0	0	1	
97	6	6	5	17	3	2	0	0	0	0	0	0	0	0	1	
98	37	10	5	17	3	2	0	0	0	0	0	0	0	0	1	
99	37	8	5	17	3	2	0	0	0	0	0	0	0	0	1	
100	35	6	7	17	3	2	0	0	0	0	0	0	0	0	1	
101	37	2	5	4	4	2	0	0	0	0	0	0	0	0	1	
102	37	4	4	4	4	2	0	0	0	0	0	0	0	0	1	
103	37	5	2	4	4	2	0	0	0	0	0	0	0	0	1	
104	37	7	10	4	4	2	0	0	0	0	0	0	0	0	1	
105	37	8	8	4	4	2	0	0	0	0	0	0	0	0	1	
106	37	10	7	4	4	2	0	0	0	0	0	0	0	0	1	
107	32	9	18	-999	-999	2	0	0	0	0	0	0	0	0	1	
128	128	108	108	112	112	116	116	120	120	124	124	130	130	
128	128	108	108	112	112	116	116	120	120	124	124	130	130	
109	109	NULL	NULL	NULL	NULL	160	160	163	163	164	164	111	111	
109	109	NULL	NULL	NULL	NULL	160	160	163	163	164	164	111	111	
113	113	NULL	NULL	NULL	NULL	NULL	NULL	NULL	NULL	NULL	NULL	115	115	
113	113	NULL	NULL	NULL	NULL	NULL	NULL	NULL	NULL	NULL	NULL	115	115	
117	117	NULL	NULL	NULL	NULL	161	161	165	165	166	166	119	119	
117	117	NULL	NULL	NULL	NULL	161	161	165	165	166	166	119	119	
121	121	NULL	NULL	NULL	NULL	NULL	NULL	NULL	NULL	NULL	NULL	123	123	
121	121	NULL	NULL	NULL	NULL	NULL	NULL	NULL	NULL	NULL	NULL	123	123	
125	125	NULL	NULL	NULL	NULL	162	162	167	167	168	168	127	127	
125	125	NULL	NULL	NULL	NULL	162	162	167	167	168	168	127	127	
129	129	110	110	114	114	118	118	122	122	126	126	131	131	
129	129	110	110	114	114	118	118	122	122	126	126	131	131	
108	43	2	0	9	18	2	0	0	0	0	0	0	0	0	1	
109	43	0	2	9	18	2	0	0	0	0	0	0	0	0	1	
110	43	2	12	9	18	2	0	0	0	0	0	0	0	0	1	
111	42	12	2	9	18	2	0	0	0	0	0	0	0	0	1	
112	43	4	0	9	18	2	0	0	0	0	0	0	0	0	1	
113	43	0	4	9	18	2	0	0	0	0	0	0	0	0	1	
114	43	4	12	9	18	2	0	0	0	0	0	0	0	0	1	
115	43	12	4	9	18	2	0	0	0	0	0	0	0	0	1	
116	43	6	0	9	18	2	0	0	0	0	0	0	0	0	1	
117	43	0	6	9	18	2	0	0	0	0	0	0	0	0	1	
118	43	6	12	9	18	2	0	0	0	0	0	0	0	0	1	
119	42	12	6	9	18	2	0	0	0	0	0	0	0	0	1	
120	43	8	0	9	18	2	0	0	0	0	0	0	0	0	1	
121	43	0	8	9	18	2	0	0	0	0	0	0	0	0	1	
122	43	8	12	9	18	2	0	0	0	0	0	0	0	0	1	
123	43	12	8	9	18	2	0	0	0	0	0	0	0	0	1	
124	43	10	0	9	18	2	0	0	0	0	0	0	0	0	1	
125	43	0	10	9	18	2	0	0	0	0	0	0	0	0	1	
126	43	10	12	9	18	2	0	0	0	0	0	0	0	0	1	
127	42	12	10	9	18	2	0	0	0	0	0	0	0	0	1	
128	43	0	0	9	18	2	0	0	0	0	0	0	0	0	1	
129	43	0	12	9	18	2	0	0	0	0	0	0	0	0	1	
130	43	12	0	9	18	2	0	0	0	0	0	0	0	0	1	
131	43	12	12	9	18	2	0	0	0	0	0	0	0	0	1	
132	32	13	18	-999	-999	2	0	0	0	0	0	0	0	0	1	
153	153	133	133	137	137	141	141	145	145	149	149	155	155	
153	153	133	133	137	137	141	141	145	145	149	149	155	155	
134	134	169	169	170	170	157	157	NULL	NULL	NULL	NULL	136	136	
134	134	169	169	170	170	157	157	NULL	NULL	NULL	NULL	136	136	
138	138	NULL	NULL	NULL	NULL	NULL	NULL	NULL	NULL	NULL	NULL	140	140	
138	138	NULL	NULL	NULL	NULL	NULL	NULL	NULL	NULL	NULL	NULL	140	140	
142	142	172	172	171	171	158	158	NULL	NULL	NULL	NULL	144	144	
142	142	172	172	171	171	158	158	NULL	NULL	NULL	NULL	144	144	
146	146	NULL	NULL	NULL	NULL	NULL	NULL	NULL	NULL	NULL	NULL	148	148	
146	146	NULL	NULL	NULL	NULL	NULL	NULL	NULL	NULL	NULL	NULL	148	148	
150	150	173	173	174	174	159	159	NULL	NULL	NULL	NULL	152	152	
150	150	173	173	174	174	159	159	NULL	NULL	NULL	NULL	152	152	
154	154	135	135	139	139	143	143	147	147	151	151	156	156	
154	154	135	135	139	139	143	143	147	147	151	151	156	156	
133	43	2	0	13	18	2	0	0	0	0	0	0	0	0	1	
134	42	0	2	13	18	2	0	0	0	0	0	0	0	0	1	
135	43	2	12	13	18	2	0	0	0	0	0	0	0	0	1	
136	43	12	2	13	18	2	0	0	0	0	0	0	0	0	1	
137	43	4	0	13	18	2	0	0	0	0	0	0	0	0	1	
138	43	0	4	13	18	2	0	0	0	0	0	0	0	0	1	
139	43	4	12	13	18	2	0	0	0	0	0	0	0	0	1	
140	43	12	4	13	18	2	0	0	0	0	0	0	0	0	1	
141	43	6	0	13	18	2	0	0	0	0	0	0	0	0	1	
142	42	0	6	13	18	2	0	0	0	0	0	0	0	0	1	
143	43	6	12	13	18	2	0	0	0	0	0	0	0	0	1	
144	43	12	6	13	18	2	0	0	0	0	0	0	0	0	1	
145	43	8	0	13	18	2	0	0	0	0	0	0	0	0	1	
146	43	0	8	13	18	2	0	0	0	0	0	0	0	0	1	
147	43	8	12	13	18	2	0	0	0	0	0	0	0	0	1	
148	43	12	8	13	18	2	0	0	0	0	0	0	0	0	1	
149	43	10	0	13	18	2	0	0	0	0	0	0	0	0	1	
150	42	0	10	13	18	2	0	0	0	0	0	0	0	0	1	
151	43	10	12	13	18	2	0	0	0	0	0	0	0	0	1	
152	43	12	10	13	18	2	0	0	0	0	0	0	0	0	1	
153	43	0	0	13	18	2	0	0	0	0	0	0	0	0	1	
154	43	0	12	13	18	2	0	0	0	0	0	0	0	0	1	
155	43	12	0	13	18	2	0	0	0	0	0	0	0	0	1	
156	43	12	12	13	18	2	0	0	0	0	0	0	0	0	1	
157	12	6	2	13	18	2	100000	0	0	0	0	0	0	0	1	
158	13	6	6	13	18	2	100000	0	0	0	0	0	0	0	1	
159	14	6	10	13	18	2	100000	0	0	0	0	0	0	0	1	
160	0	6	2	9	18	2	0	2	1000	0	0	0	0	0	1	
161	1	6	6	9	18	2	0	2	1000	0	0	0	0	0	1	
162	2	6	10	9	18	2	0	2	1000	0	0	0	0	0	1	
163	37	8	2	9	18	2	0	0	0	0	0	0	0	0	1	
164	37	10	2	9	18	2	0	0	0	0	0	0	0	0	1	
165	37	8	6	9	18	2	0	0	0	0	0	0	0	0	1	
166	37	10	6	9	18	2	0	0	0	0	0	0	0	0	1	
167	37	8	10	9	18	2	0	0	0	0	0	0	0	0	1	
168	37	10	10	9	18	2	0	0	0	0	0	0	0	0	1	
169	37	2	2	13	18	2	0	0	0	0	0	0	0	0	1	
170	37	4	2	13	18	2	0	0	0	0	0	0	0	0	1	
171	37	4	6	13	18	2	0	0	0	0	0	0	0	0	1	
172	37	2	6	13	18	2	0	0	0	0	0	0	0	0	1	
173	37	2	10	13	18	2	0	0	0	0	0	0	0	0	1	
174	37	4	10	13	18	2	0	0	0	0	0	0	0	0	1	
175	40	18	22	-999	-999	2	0	0	0	0	0	0	0	0	1	
176	40	16	12	-999	-999	2	0	0	0	0	0	0	0	0	1	
177	40	15	10	-999	-999	2	0	0	0	0	0	0	0	0	1	
178	40	20	17	-999	-999	2	0	0	0	0	0	0	0	0	1	
179	40	4	22	-999	-999	2	0	0	0	0	0	0	0	0	1	
180	40	7	22	-999	-999	2	0	0	0	0	0	0	0	0	1	
181	40	13	20	-999	-999	2	0	0	0	0	0	0	0	0	1	
182	40	11	20	-999	-999	2	0	0	0	0	0	0	0	0	1	
183	40	9	20	-999	-999	2	0	0	0	0	0	0	0	0	1	
184	40	7	20	-999	-999	2	0	0	0	0	0	0	0	0	1	
185	40	22	18	-999	-999	2	0	0	0	0	0	0	0	0	1	
186	40	16	22	-999	-999	2	0	0	0	0	0	0	0	0	1	
187	40	6	6	-999	-999	2	0	0	0	0	0	0	0	0	1	
188	43	8	12	20	13	2	0	0	0	0	0	0	0	0	1	
189	40	2	6	-999	-999	2	0	0	0	0	0	0	0	0	1	
190	40	2	8	-999	-999	2	0	0	0	0	0	0	0	0	1	
191	40	0	6	-999	-999	2	0	0	0	0	0	0	0	0	1	
192	40	0	4	-999	-999	2	0	0	0	0	0	0	0	0	1	
193	40	0	2	-999	-999	2	0	0	0	0	0	0	0	0	1	
194	40	2	2	-999	-999	2	0	0	0	0	0	0	0	0	1	
195	40	2	0	-999	-999	2	0	0	0	0	0	0	0	0	1	
196	40	4	0	-999	-999	2	0	0	0	0	0	0	0	0	1	
197	40	6	0	-999	-999	2	0	0	0	0	0	0	0	0	1	
198	40	6	2	-999	-999	2	0	0	0	0	0	0	0	0	1	
199	40	8	2	-999	-999	2	0	0	0	0	0	0	0	0	1	
200	40	8	4	-999	-999	2	0	0	0	0	0	0	0	0	1	
201	40	8	6	-999	-999	2	0	0	0	0	0	0	0	0	1	
202	40	13	3	-999	-999	2	0	0	0	0	0	0	0	0	1	
203	42	6	12	20	13	2	0	0	0	0	0	0	0	0	1	
204	42	12	10	20	13	3	0	0	0	0	0	0	0	0	1	
205	43	12	4	20	13	2	0	0	0	0	0	0	0	0	1	
206	43	4	0	20	13	2	0	0	0	0	0	0	0	0	1	
207	40	5	8	-999	-999	2	0	0	0	0	0	0	0	0	1	
208	40	21	3	-999	-999	2	0	0	0	0	0	0	0	0	1	
209	32	20	13	-999	-999	2	0	0	0	0	0	0	0	0	1	
234	234	245	245	206	206	221	221	238	238	224	224	215	215	
234	234	245	245	206	206	221	221	238	238	224	224	215	215	
246	246	223	223	NULL	NULL	225	225	NULL	NULL	231	231	227	227	
246	246	223	223	NULL	NULL	225	225	NULL	NULL	231	231	227	227	
222	222	NULL	NULL	NULL	NULL	NULL	NULL	NULL	NULL	NULL	NULL	205	205	
222	222	NULL	NULL	NULL	NULL	NULL	NULL	NULL	NULL	NULL	NULL	205	205	
237	237	NULL	NULL	NULL	NULL	NULL	NULL	NULL	NULL	NULL	NULL	249	249	
237	237	NULL	NULL	NULL	NULL	NULL	NULL	NULL	NULL	NULL	NULL	249	249	
235	235	NULL	NULL	NULL	NULL	NULL	NULL	NULL	NULL	NULL	NULL	220	220	
235	235	NULL	NULL	NULL	NULL	NULL	NULL	NULL	NULL	NULL	NULL	220	220	
228	228	218	218	NULL	NULL	226	226	NULL	NULL	296	296	204	204	
228	228	218	218	NULL	NULL	226	226	NULL	NULL	296	296	204	204	
217	217	233	233	230	230	203	203	188	188	232	232	219	219	
217	217	233	233	230	230	203	203	188	188	232	232	219	219	
210	14	18	12	-999	-999	2	100000	0	0	0	0	0	0	0	1	
211	13	22	12	-999	-999	2	100000	0	0	0	0	0	0	0	1	
212	40	15	5	-999	-999	2	0	0	0	0	0	0	0	0	1	
213	40	13	5	-999	-999	2	0	0	0	0	0	0	0	0	1	
214	12	20	15	-999	-999	2	100000	0	0	0	0	0	0	0	1	
215	43	12	0	20	13	2	0	0	0	0	0	0	0	0	1	
216	1	18	14	-999	-999	2	0	2	1000	0	0	0	0	0	1	
217	43	0	12	20	13	2	0	0	0	0	0	0	0	0	1	
218	18	2	10	20	13	2	0	0	0	0	0	0	0	0	1	
219	43	12	12	20	13	2	0	0	0	0	0	0	0	0	1	
220	43	12	8	20	13	2	0	0	0	0	0	0	0	0	1	
221	42	6	0	20	13	3	0	0	0	0	0	0	0	0	1	
222	43	0	4	20	13	2	0	0	0	0	0	0	0	0	1	
223	27	2	2	20	13	2	0	0	0	0	0	0	0	0	1	
224	43	10	0	20	13	2	0	0	0	0	0	0	0	0	1	
225	19	6	2	20	13	2	0	0	0	0	0	0	0	0	1	
226	29	6	10	20	13	2	0	0	0	0	0	0	0	0	1	
227	42	12	2	20	13	2	0	0	0	0	0	0	0	0	1	
228	42	0	10	20	13	3	0	0	0	0	0	0	0	0	1	
229	2	22	14	-999	-999	2	0	2	1000	0	0	0	0	0	1	
230	43	4	12	20	13	2	0	0	0	0	0	0	0	0	1	
231	28	10	2	20	13	2	0	0	0	0	0	0	0	0	1	
232	43	10	12	20	13	2	0	0	0	0	0	0	0	0	1	
233	43	2	12	20	13	2	0	0	0	0	0	0	0	0	1	
234	43	0	0	20	13	2	0	0	0	0	0	0	0	0	1	
235	43	0	8	20	13	2	0	0	0	0	0	0	0	0	1	
236	0	20	11	-999	-999	2	0	2	1000	0	0	0	0	0	1	
237	43	0	6	20	13	2	0	0	0	0	0	0	0	0	1	
238	43	8	0	20	13	2	0	0	0	0	0	0	0	0	1	
239	40	0	12	-999	-999	2	0	0	0	0	0	0	0	0	1	
240	37	4	10	11	18	2	0	0	0	0	0	0	0	0	1	
241	40	0	10	-999	-999	2	0	0	0	0	0	0	0	0	1	
242	37	6	10	11	18	2	0	0	0	0	0	0	0	0	1	
243	37	8	10	11	18	2	0	0	0	0	0	0	0	0	1	
244	37	10	10	11	18	2	0	0	0	0	0	0	0	0	1	
245	43	2	0	20	13	2	0	0	0	0	0	0	0	0	1	
246	42	0	2	20	13	2	0	0	0	0	0	0	0	0	1	
247	40	22	8	-999	-999	2	0	0	0	0	0	0	0	0	1	
248	40	5	10	-999	-999	2	0	0	0	0	0	0	0	0	1	
249	43	12	6	20	13	2	0	0	0	0	0	0	0	0	1	
250	40	3	10	-999	-999	2	0	0	0	0	0	0	0	0	1	
251	37	6	6	11	18	2	0	0	0	0	0	0	0	0	1	
252	37	8	6	11	18	2	0	0	0	0	0	0	0	0	1	
253	37	10	6	11	18	2	0	0	0	0	0	0	0	0	1	
254	37	10	2	11	18	2	0	0	0	0	0	0	0	0	1	
255	37	8	2	11	18	2	0	0	0	0	0	0	0	0	1	
256	40	18	10	-999	-999	2	0	0	0	0	0	0	0	0	1	
257	40	5	12	-999	-999	2	0	0	0	0	0	0	0	0	1	
258	40	3	12	-999	-999	2	0	0	0	0	0	0	0	0	1	
259	37	2	6	11	18	2	0	0	0	0	0	0	0	0	1	
260	37	2	10	11	18	2	0	0	0	0	0	0	0	0	1	
261	37	4	6	11	18	2	0	0	0	0	0	0	0	0	1	
262	40	0	8	-999	-999	2	0	0	0	0	0	0	0	0	1	
263	40	0	14	-999	-999	2	0	0	0	0	0	0	0	0	1	
264	40	0	16	-999	-999	2	0	0	0	0	0	0	0	0	1	
265	40	0	18	-999	-999	2	0	0	0	0	0	0	0	0	1	
266	40	3	18	-999	-999	2	0	0	0	0	0	0	0	0	1	
267	37	8	8	11	11	4	0	0	0	0	0	0	0	0	1	
268	32	11	18	-999	-999	2	0	0	0	0	0	0	0	0	1	
289	289	269	269	273	273	277	277	281	281	285	285	291	291	
289	289	269	269	273	273	277	277	281	281	285	285	291	291	
270	270	293	293	294	294	295	295	255	255	254	254	272	272	
270	270	293	293	294	294	295	295	255	255	254	254	272	272	
274	274	NULL	NULL	NULL	NULL	NULL	NULL	NULL	NULL	NULL	NULL	276	276	
274	274	NULL	NULL	NULL	NULL	NULL	NULL	NULL	NULL	NULL	NULL	276	276	
278	278	259	259	261	261	251	251	252	252	253	253	280	280	
278	278	259	259	261	261	251	251	252	252	253	253	280	280	
282	282	NULL	NULL	NULL	NULL	NULL	NULL	NULL	NULL	NULL	NULL	284	284	
282	282	NULL	NULL	NULL	NULL	NULL	NULL	NULL	NULL	NULL	NULL	284	284	
286	286	260	260	240	240	242	242	243	243	244	244	288	288	
286	286	260	260	240	240	242	242	243	243	244	244	288	288	
290	290	271	271	275	275	279	279	283	283	287	287	292	292	
290	290	271	271	275	275	279	279	283	283	287	287	292	292	
269	43	2	0	11	18	2	0	0	0	0	0	0	0	0	1	
270	42	0	2	11	18	2	0	0	0	0	0	0	0	0	1	
271	43	2	12	11	18	2	0	0	0	0	0	0	0	0	1	
272	42	12	2	11	18	2	0	0	0	0	0	0	0	0	1	
273	43	4	0	11	18	2	0	0	0	0	0	0	0	0	1	
274	43	0	4	11	18	2	0	0	0	0	0	0	0	0	1	
275	43	4	12	11	18	2	0	0	0	0	0	0	0	0	1	
276	43	12	4	11	18	2	0	0	0	0	0	0	0	0	1	
277	43	6	0	11	18	2	0	0	0	0	0	0	0	0	1	
278	42	0	6	11	18	2	0	0	0	0	0	0	0	0	1	
279	43	6	12	11	18	2	0	0	0	0	0	0	0	0	1	
280	42	12	6	11	18	2	0	0	0	0	0	0	0	0	1	
281	43	8	0	11	18	2	0	0	0	0	0	0	0	0	1	
282	43	0	8	11	18	2	0	0	0	0	0	0	0	0	1	
283	43	8	12	11	18	2	0	0	0	0	0	0	0	0	1	
284	43	12	8	11	18	2	0	0	0	0	0	0	0	0	1	
285	43	10	0	11	18	2	0	0	0	0	0	0	0	0	1	
286	42	0	10	11	18	2	0	0	0	0	0	0	0	0	1	
287	43	10	12	11	18	2	0	0	0	0	0	0	0	0	1	
288	42	12	10	11	18	2	0	0	0	0	0	0	0	0	1	
289	43	0	0	11	18	2	0	0	0	0	0	0	0	0	1	
290	43	0	12	11	18	2	0	0	0	0	0	0	0	0	1	
291	43	12	0	11	18	2	0	0	0	0	0	0	0	0	1	
292	43	12	12	11	18	2	0	0	0	0	0	0	0	0	1	
293	37	2	2	11	18	2	0	0	0	0	0	0	0	0	1	
294	37	4	2	11	18	2	0	0	0	0	0	0	0	0	1	
295	37	6	2	11	18	2	0	0	0	0	0	0	0	0	1	
296	17	10	10	20	13	2	0	0	0	0	0	0	0	0	1	
297	40	22	1	-999	-999	2	0	0	0	0	0	0	0	0	1	
298	40	20	1	-999	-999	2	0	0	0	0	0	0	0	0	1	
299	40	18	1	-999	-999	2	0	0	0	0	0	0	0	0	1	
300	40	16	1	-999	-999	2	0	0	0	0	0	0	0	0	1	
301	40	14	1	-999	-999	2	0	0	0	0	0	0	0	0	1	
302	40	12	1	-999	-999	2	0	0	0	0	0	0	0	0	1	
303	40	10	0	-999	-999	2	0	0	0	0	0	0	0	0	1	
304	40	8	0	-999	-999	2	0	0	0	0	0	0	0	0	1	
305	40	0	0	-999	-999	2	0	0	0	0	0	0	0	0	1	
306	40	10	2	-999	-999	2	0	0	0	0	0	0	0	0	1	
307	40	10	4	-999	-999	2	0	0	0	0	0	0	0	0	1	
308	40	10	6	-999	-999	2	0	0	0	0	0	0	0	0	1	
309	40	12	7	-999	-999	2	0	0	0	0	0	0	0	0	1	
310	40	14	7	-999	-999	2	0	0	0	0	0	0	0	0	1	
311	40	13	16	-999	-999	2	0	0	0	0	0	0	0	0	1	
312	40	22	10	-999	-999	2	0	0	0	0	0	0	0	0	1	
313	40	4	20	-999	-999	2	0	0	0	0	0	0	0	0	1	
314	40	2	22	-999	-999	2	0	0	0	0	0	0	0	0	1	
315	40	18	16	-999	-999	2	0	0	0	0	0	0	0	0	1	
316	40	15	20	-999	-999	2	0	0	0	0	0	0	0	0	1	
317	40	18	18	-999	-999	2	0	0	0	0	0	0	0	0	1	
318	40	0	22	-999	-999	2	0	0	0	0	0	0	0	0	1	
319	40	22	16	-999	-999	2	0	0	0	0	0	0	0	0	1	
320	40	1	20	-999	-999	2	0	0	0	0	0	0	0	0	1	
321	40	22	22	-999	-999	2	0	0	0	0	0	0	0	0	1	
322	40	20	9	-999	-999	2	0	0	0	0	0	0	0	0	1	
323	40	14	22	-999	-999	2	0	0	0	0	0	0	0	0	1	
324	40	12	22	-999	-999	2	0	0	0	0	0	0	0	0	1	
325	40	10	22	-999	-999	2	0	0	0	0	0	0	0	0	1	
326	40	15	18	-999	-999	2	0	0	0	0	0	0	0	0	1	
327	40	15	16	-999	-999	2	0	0	0	0	0	0	0	0	1	
328	40	20	7	-999	-999	2	0	0	0	0	0	0	0	0	1	
329	40	18	7	-999	-999	2	0	0	0	0	0	0	0	0	1	
330	40	18	20	-999	-999	2	0	0	0	0	0	0	0	0	1	
331	40	16	8	-999	-999	2	0	0	0	0	0	0	0	0	1	
332	40	22	5	-999	-999	2	0	0	0	0	0	0	0	0	1	
333	40	12	13	-999	-999	2	0	0	0	0	0	0	0	0	1	
334	40	10	13	-999	-999	2	0	0	0	0	0	0	0	0	1	
335	40	11	16	-999	-999	2	0	0	0	0	0	0	0	0	1	
336	40	9	16	-999	-999	2	0	0	0	0	0	0	0	0	1	
337	40	8	13	-999	-999	2	0	0	0	0	0	0	0	0	1	
338	40	7	15	-999	-999	2	0	0	0	0	0	0	0	0	1	
339	40	7	17	-999	-999	2	0	0	0	0	0	0	0	0	1	
340	40	5	18	-999	-999	2	0	0	0	0	0	0	0	0	1	
341	40	5	16	-999	-999	2	0	0	0	0	0	0	0	0	1	
342	40	5	14	-999	-999	2	0	0	0	0	0	0	0	0	1	
343	40	3	14	-999	-999	2	0	0	0	0	0	0	0	0	1	
344	40	3	16	-999	-999	2	0	0	0	0	0	0	0	0	1	
345	37	2	6	11	11	0	0	0	0	0	0	0	0	0	1	
346	37	4	7	11	11	2	0	0	0	0	0	0	0	0	1	
347	37	4	5	11	11	1	0	0	0	0	0	0	0	0	1	
348	10	6	8	11	11	3	0	0	0	0	0	0	0	0	1	
349	9	6	6	11	11	2	0	0	0	0	0	0	0	0	1	
350	8	6	4	11	11	2	0	0	0	0	0	0	0	0	1	
351	7	6	2	11	11	2	0	0	0	0	0	0	0	0	1	
352	37	4	3	11	11	2	0	0	0	0	0	0	0	0	1	
353	37	10	7	11	11	2	0	0	0	0	0	0	0	0	1	
305	305	195	195	196	196	197	197	304	304	303	303	NULL	NULL	NULL	NULL	NULL	NULL	NULL	NULL	NULL	NULL	NULL	NULL	
305	305	195	195	196	196	197	197	304	304	303	303	302	302	301	301	300	300	299	299	298	298	297	297	
193	193	194	194	66	66	198	198	199	199	306	306	302	302	301	301	300	300	299	299	298	298	297	297	
193	193	194	194	66	66	198	198	199	199	306	306	NULL	202	202	68	68	70	70	69	69	208	208	NULL	
192	192	39	39	41	41	67	67	200	200	307	307	NULL	202	202	68	68	70	70	69	69	208	208	NULL	
192	192	39	39	41	41	67	67	200	200	307	307	NULL	213	213	212	212	8	8	NULL	11	11	332	332	
191	191	189	189	40	40	187	187	201	201	308	308	NULL	213	213	212	212	8	8	NULL	11	11	332	332	
191	191	189	189	40	40	187	187	201	201	308	308	309	309	310	310	NULL	NULL	329	329	328	328	NULL	NULL	
262	262	190	190	NULL	207	207	NULL	NULL	NULL	NULL	NULL	309	309	310	310	331	331	329	329	328	328	247	247	
262	262	190	190	NULL	207	207	7	7	5	5	3	3	4	4	NULL	331	331	NULL	NULL	322	322	247	247	
241	241	NULL	250	250	248	248	7	7	5	5	3	3	4	4	177	177	NULL	256	256	322	322	312	312	
241	241	NULL	250	250	248	248	9	9	0	0	14	14	13	13	177	177	NULL	256	256	236	236	312	312	
239	239	NULL	258	258	257	257	9	9	0	0	14	14	13	13	NULL	176	176	210	210	236	236	211	211	
239	239	NULL	258	258	257	257	NULL	337	337	334	334	333	333	2	2	176	176	210	210	209	209	211	211	
263	263	NULL	343	343	342	342	NULL	337	337	334	334	333	333	2	2	6	6	216	216	209	209	229	229	
263	263	NULL	343	343	342	342	338	338	NULL	NULL	NULL	NULL	NULL	NULL	NULL	6	6	216	216	214	214	229	229	
264	264	NULL	344	344	341	341	338	338	336	336	335	335	311	311	327	327	NULL	315	315	214	214	319	319	
264	264	NULL	344	344	341	341	339	339	336	336	335	335	311	311	327	327	NULL	315	315	178	178	319	319	
265	265	NULL	266	266	340	340	339	339	107	107	268	268	132	132	326	326	NULL	317	317	178	178	185	185	
265	265	NULL	266	266	340	340	NULL	NULL	107	107	268	268	132	132	326	326	NULL	317	317	NULL	NULL	185	185	
NULL	320	320	NULL	313	313	NULL	184	184	183	183	182	182	181	181	316	316	NULL	330	330	1	1	12	12	
NULL	320	320	NULL	313	313	NULL	184	184	183	183	182	182	181	181	316	316	NULL	330	330	1	1	12	12	
318	318	314	314	179	179	NULL	180	180	NULL	325	325	324	324	323	323	186	186	175	175	10	10	321	321	
318	318	314	314	179	179	NULL	180	180	NULL	325	325	324	324	323	323	186	186	175	175	10	10	321	321	
