186
0	0	9	11	-999	-999	2	0	2	1000	0	0	0	0	0	1	
1	40	20	20	-999	-999	2	0	0	0	0	0	0	0	0	1	
2	40	14	13	-999	-999	2	0	0	0	0	0	0	0	0	1	
3	40	11	9	-999	-999	2	0	0	0	0	0	0	0	0	1	
4	40	13	9	-999	-999	2	0	0	0	0	0	0	0	0	1	
5	40	9	9	-999	-999	2	0	0	0	0	0	0	0	0	1	
6	40	16	14	-999	-999	2	0	0	0	0	0	0	0	0	1	
7	40	7	9	-999	-999	2	0	0	0	0	0	0	0	0	1	
8	40	17	5	-999	-999	2	0	0	0	0	0	0	0	0	1	
9	40	7	11	-999	-999	2	0	0	0	0	0	0	0	0	1	
10	40	20	22	-999	-999	2	0	0	0	0	0	0	0	0	1	
11	40	20	5	-999	-999	2	0	0	0	0	0	0	0	0	1	
12	40	22	20	-999	-999	2	0	0	0	0	0	0	0	0	1	
13	16	13	11	-999	-999	2	100000	0	0	0	0	0	0	0	1	
14	40	5	10	-999	-999	2	0	0	0	0	0	0	0	0	1	
15	40	12	1	-999	-999	2	0	0	0	0	0	0	0	0	1	
16	40	14	7	-999	-999	2	0	0	0	0	0	0	0	0	1	
17	40	0	0	-999	-999	2	0	0	0	0	0	0	0	0	1	
18	40	15	20	-999	-999	2	0	0	0	0	0	0	0	0	1	
19	40	4	20	-999	-999	2	0	0	0	0	0	0	0	0	1	
20	40	14	1	-999	-999	2	0	0	0	0	0	0	0	0	1	
21	40	15	16	-999	-999	2	0	0	0	0	0	0	0	0	1	
22	40	18	1	-999	-999	2	0	0	0	0	0	0	0	0	1	
23	40	10	0	-999	-999	2	0	0	0	0	0	0	0	0	1	
24	40	0	8	-999	-999	2	0	0	0	0	0	0	0	0	1	
25	40	22	1	-999	-999	2	0	0	0	0	0	0	0	0	1	
26	40	13	16	-999	-999	2	0	0	0	0	0	0	0	0	1	
27	40	18	16	-999	-999	2	0	0	0	0	0	0	0	0	1	
28	40	16	1	-999	-999	2	0	0	0	0	0	0	0	0	1	
29	40	20	1	-999	-999	2	0	0	0	0	0	0	0	0	1	
30	40	3	12	-999	-999	2	0	0	0	0	0	0	0	0	1	
31	40	8	0	-999	-999	2	0	0	0	0	0	0	0	0	1	
32	40	5	12	-999	-999	2	0	0	0	0	0	0	0	0	1	
33	40	3	10	-999	-999	2	0	0	0	0	0	0	0	0	1	
34	40	18	10	-999	-999	2	0	0	0	0	0	0	0	0	1	
35	40	2	22	-999	-999	2	0	0	0	0	0	0	0	0	1	
36	40	10	2	-999	-999	2	0	0	0	0	0	0	0	0	1	
37	40	12	7	-999	-999	2	0	0	0	0	0	0	0	0	1	
38	40	12	13	-999	-999	2	0	0	0	0	0	0	0	0	1	
39	0	2	4	-999	-999	2	0	2	1000	0	0	0	0	0	1	
40	1	4	6	-999	-999	2	0	2	1000	0	0	0	0	0	1	
41	40	16	22	-999	-999	2	0	0	0	0	0	0	0	0	1	
42	40	5	14	-999	-999	2	0	0	0	0	0	0	0	0	1	
43	40	0	22	-999	-999	2	0	0	0	0	0	0	0	0	1	
44	40	0	4	-999	-999	2	0	0	0	0	0	0	0	0	1	
45	40	5	8	-999	-999	2	0	0	0	0	0	0	0	0	1	
46	12	20	15	-999	-999	2	100000	0	0	0	0	0	0	0	1	
47	40	0	18	-999	-999	2	0	0	0	0	0	0	0	0	1	
48	40	0	6	-999	-999	2	0	0	0	0	0	0	0	0	1	
49	40	15	18	-999	-999	2	0	0	0	0	0	0	0	0	1	
50	40	13	5	-999	-999	2	0	0	0	0	0	0	0	0	1	
51	40	13	3	-999	-999	2	0	0	0	0	0	0	0	0	1	
52	40	2	8	-999	-999	2	0	0	0	0	0	0	0	0	1	
53	40	8	6	-999	-999	2	0	0	0	0	0	0	0	0	1	
54	40	15	5	-999	-999	2	0	0	0	0	0	0	0	0	1	
55	40	8	2	-999	-999	2	0	0	0	0	0	0	0	0	1	
56	40	2	6	-999	-999	2	0	0	0	0	0	0	0	0	1	
57	40	6	0	-999	-999	2	0	0	0	0	0	0	0	0	1	
58	13	22	12	-999	-999	2	100000	0	0	0	0	0	0	0	1	
59	40	4	0	-999	-999	2	0	0	0	0	0	0	0	0	1	
60	40	22	22	-999	-999	2	0	0	0	0	0	0	0	0	1	
61	40	2	2	-999	-999	2	0	0	0	0	0	0	0	0	1	
62	1	18	14	-999	-999	2	0	2	1000	0	0	0	0	0	1	
63	40	0	2	-999	-999	2	0	0	0	0	0	0	0	0	1	
64	14	18	12	-999	-999	2	100000	0	0	0	0	0	0	0	1	
65	40	6	6	-999	-999	2	0	0	0	0	0	0	0	0	1	
66	12	4	2	-999	-999	2	100000	0	0	0	0	0	0	0	1	
67	13	6	4	-999	-999	2	100000	0	0	0	0	0	0	0	1	
68	3	15	3	-999	-999	2	0	2	1000	0	0	0	0	0	1	
69	14	19	3	-999	-999	2	100000	0	0	0	0	0	0	0	1	
70	40	10	22	-999	-999	2	0	0	0	0	0	0	0	0	1	
71	40	5	16	-999	-999	2	0	0	0	0	0	0	0	0	1	
72	40	22	10	-999	-999	2	0	0	0	0	0	0	0	0	1	
73	40	5	18	-999	-999	2	0	0	0	0	0	0	0	0	1	
74	40	0	12	-999	-999	2	0	0	0	0	0	0	0	0	1	
75	40	0	16	-999	-999	2	0	0	0	0	0	0	0	0	1	
76	40	3	16	-999	-999	2	0	0	0	0	0	0	0	0	1	
77	40	9	16	-999	-999	2	0	0	0	0	0	0	0	0	1	
78	40	10	13	-999	-999	2	0	0	0	0	0	0	0	0	1	
79	40	10	4	-999	-999	2	0	0	0	0	0	0	0	0	1	
80	40	12	22	-999	-999	2	0	0	0	0	0	0	0	0	1	
81	40	3	18	-999	-999	2	0	0	0	0	0	0	0	0	1	
82	40	14	22	-999	-999	2	0	0	0	0	0	0	0	0	1	
83	40	10	6	-999	-999	2	0	0	0	0	0	0	0	0	1	
84	40	18	20	-999	-999	2	0	0	0	0	0	0	0	0	1	
85	40	16	8	-999	-999	2	0	0	0	0	0	0	0	0	1	
86	40	8	13	-999	-999	2	0	0	0	0	0	0	0	0	1	
87	40	18	18	-999	-999	2	0	0	0	0	0	0	0	0	1	
88	40	20	7	-999	-999	2	0	0	0	0	0	0	0	0	1	
89	40	22	16	-999	-999	2	0	0	0	0	0	0	0	0	1	
90	40	7	17	-999	-999	2	0	0	0	0	0	0	0	0	1	
91	40	22	8	-999	-999	2	0	0	0	0	0	0	0	0	1	
92	40	3	14	-999	-999	2	0	0	0	0	0	0	0	0	1	
93	40	0	10	-999	-999	2	0	0	0	0	0	0	0	0	1	
94	40	18	7	-999	-999	2	0	0	0	0	0	0	0	0	1	
95	40	1	20	-999	-999	2	0	0	0	0	0	0	0	0	1	
96	40	7	15	-999	-999	2	0	0	0	0	0	0	0	0	1	
97	0	20	11	-999	-999	2	0	2	1000	0	0	0	0	0	1	
98	40	0	14	-999	-999	2	0	0	0	0	0	0	0	0	1	
99	40	22	5	-999	-999	2	0	0	0	0	0	0	0	0	1	
100	2	22	14	-999	-999	2	0	2	1000	0	0	0	0	0	1	
101	40	20	9	-999	-999	2	0	0	0	0	0	0	0	0	1	
102	40	11	16	-999	-999	2	0	0	0	0	0	0	0	0	1	
103	40	21	3	-999	-999	2	0	0	0	0	0	0	0	0	1	
104	40	2	0	-999	-999	2	0	0	0	0	0	0	0	0	1	
105	40	6	2	-999	-999	2	0	0	0	0	0	0	0	0	1	
106	40	8	4	-999	-999	2	0	0	0	0	0	0	0	0	1	
107	32	9	18	-999	-999	2	0	0	0	0	0	0	0	0	1	
128	128	108	108	112	112	116	116	120	120	124	124	130	130	
128	128	108	108	112	112	116	116	120	120	124	124	130	130	
109	109	NULL	NULL	NULL	NULL	160	160	163	163	164	164	111	111	
109	109	NULL	NULL	NULL	NULL	160	160	163	163	164	164	111	111	
113	113	NULL	NULL	NULL	NULL	NULL	NULL	NULL	NULL	NULL	NULL	115	115	
113	113	NULL	NULL	NULL	NULL	NULL	NULL	NULL	NULL	NULL	NULL	115	115	
117	117	NULL	NULL	NULL	NULL	161	161	165	165	166	166	119	119	
117	117	NULL	NULL	NULL	NULL	161	161	165	165	166	166	119	119	
121	121	NULL	NULL	NULL	NULL	NULL	NULL	NULL	NULL	NULL	NULL	123	123	
121	121	NULL	NULL	NULL	NULL	NULL	NULL	NULL	NULL	NULL	NULL	123	123	
125	125	NULL	NULL	NULL	NULL	162	162	167	167	168	168	127	127	
125	125	NULL	NULL	NULL	NULL	162	162	167	167	168	168	127	127	
129	129	110	110	114	114	118	118	122	122	126	126	131	131	
129	129	110	110	114	114	118	118	122	122	126	126	131	131	
108	43	2	0	9	18	2	0	0	0	0	0	0	0	0	1	
109	43	0	2	9	18	2	0	0	0	0	0	0	0	0	1	
110	43	2	12	9	18	2	0	0	0	0	0	0	0	0	1	
111	42	12	2	9	18	2	0	0	0	0	0	0	0	0	1	
112	43	4	0	9	18	2	0	0	0	0	0	0	0	0	1	
113	43	0	4	9	18	2	0	0	0	0	0	0	0	0	1	
114	43	4	12	9	18	2	0	0	0	0	0	0	0	0	1	
115	43	12	4	9	18	2	0	0	0	0	0	0	0	0	1	
116	43	6	0	9	18	2	0	0	0	0	0	0	0	0	1	
117	43	0	6	9	18	2	0	0	0	0	0	0	0	0	1	
118	43	6	12	9	18	2	0	0	0	0	0	0	0	0	1	
119	42	12	6	9	18	2	0	0	0	0	0	0	0	0	1	
120	43	8	0	9	18	2	0	0	0	0	0	0	0	0	1	
121	43	0	8	9	18	2	0	0	0	0	0	0	0	0	1	
122	43	8	12	9	18	2	0	0	0	0	0	0	0	0	1	
123	43	12	8	9	18	2	0	0	0	0	0	0	0	0	1	
124	43	10	0	9	18	2	0	0	0	0	0	0	0	0	1	
125	43	0	10	9	18	2	0	0	0	0	0	0	0	0	1	
126	43	10	12	9	18	2	0	0	0	0	0	0	0	0	1	
127	42	12	10	9	18	2	0	0	0	0	0	0	0	0	1	
128	43	0	0	9	18	2	0	0	0	0	0	0	0	0	1	
129	43	0	12	9	18	2	0	0	0	0	0	0	0	0	1	
130	43	12	0	9	18	2	0	0	0	0	0	0	0	0	1	
131	43	12	12	9	18	2	0	0	0	0	0	0	0	0	1	
132	32	13	18	-999	-999	2	0	0	0	0	0	0	0	0	1	
153	153	133	133	137	137	141	141	145	145	149	149	155	155	
153	153	133	133	137	137	141	141	145	145	149	149	155	155	
134	134	169	169	170	170	157	157	NULL	NULL	NULL	NULL	136	136	
134	134	169	169	170	170	157	157	NULL	NULL	NULL	NULL	136	136	
138	138	NULL	NULL	NULL	NULL	NULL	NULL	NULL	NULL	NULL	NULL	140	140	
138	138	NULL	NULL	NULL	NULL	NULL	NULL	NULL	NULL	NULL	NULL	140	140	
142	142	172	172	171	171	158	158	NULL	NULL	NULL	NULL	144	144	
142	142	172	172	171	171	158	158	NULL	NULL	NULL	NULL	144	144	
146	146	NULL	NULL	NULL	NULL	NULL	NULL	NULL	NULL	NULL	NULL	148	148	
146	146	NULL	NULL	NULL	NULL	NULL	NULL	NULL	NULL	NULL	NULL	148	148	
150	150	173	173	174	174	159	159	NULL	NULL	NULL	NULL	152	152	
150	150	173	173	174	174	159	159	NULL	NULL	NULL	NULL	152	152	
154	154	135	135	139	139	143	143	147	147	151	151	156	156	
154	154	135	135	139	139	143	143	147	147	151	151	156	156	
133	43	2	0	13	18	2	0	0	0	0	0	0	0	0	1	
134	42	0	2	13	18	2	0	0	0	0	0	0	0	0	1	
135	43	2	12	13	18	2	0	0	0	0	0	0	0	0	1	
136	43	12	2	13	18	2	0	0	0	0	0	0	0	0	1	
137	43	4	0	13	18	2	0	0	0	0	0	0	0	0	1	
138	43	0	4	13	18	2	0	0	0	0	0	0	0	0	1	
139	43	4	12	13	18	2	0	0	0	0	0	0	0	0	1	
140	43	12	4	13	18	2	0	0	0	0	0	0	0	0	1	
141	43	6	0	13	18	2	0	0	0	0	0	0	0	0	1	
142	42	0	6	13	18	2	0	0	0	0	0	0	0	0	1	
143	43	6	12	13	18	2	0	0	0	0	0	0	0	0	1	
144	43	12	6	13	18	2	0	0	0	0	0	0	0	0	1	
145	43	8	0	13	18	2	0	0	0	0	0	0	0	0	1	
146	43	0	8	13	18	2	0	0	0	0	0	0	0	0	1	
147	43	8	12	13	18	2	0	0	0	0	0	0	0	0	1	
148	43	12	8	13	18	2	0	0	0	0	0	0	0	0	1	
149	43	10	0	13	18	2	0	0	0	0	0	0	0	0	1	
150	42	0	10	13	18	2	0	0	0	0	0	0	0	0	1	
151	43	10	12	13	18	2	0	0	0	0	0	0	0	0	1	
152	43	12	10	13	18	2	0	0	0	0	0	0	0	0	1	
153	43	0	0	13	18	2	0	0	0	0	0	0	0	0	1	
154	43	0	12	13	18	2	0	0	0	0	0	0	0	0	1	
155	43	12	0	13	18	2	0	0	0	0	0	0	0	0	1	
156	43	12	12	13	18	2	0	0	0	0	0	0	0	0	1	
157	12	6	2	13	18	2	100000	0	0	0	0	0	0	0	1	
158	13	6	6	13	18	2	100000	0	0	0	0	0	0	0	1	
159	14	6	10	13	18	2	100000	0	0	0	0	0	0	0	1	
160	0	6	2	9	18	2	0	2	1000	0	0	0	0	0	1	
161	1	6	6	9	18	2	0	2	1000	0	0	0	0	0	1	
162	2	6	10	9	18	2	0	2	1000	0	0	0	0	0	1	
163	37	8	2	9	18	2	0	0	0	0	0	0	0	0	1	
164	37	10	2	9	18	2	0	0	0	0	0	0	0	0	1	
165	37	8	6	9	18	2	0	0	0	0	0	0	0	0	1	
166	37	10	6	9	18	2	0	0	0	0	0	0	0	0	1	
167	37	8	10	9	18	2	0	0	0	0	0	0	0	0	1	
168	37	10	10	9	18	2	0	0	0	0	0	0	0	0	1	
169	37	2	2	13	18	2	0	0	0	0	0	0	0	0	1	
170	37	4	2	13	18	2	0	0	0	0	0	0	0	0	1	
171	37	4	6	13	18	2	0	0	0	0	0	0	0	0	1	
172	37	2	6	13	18	2	0	0	0	0	0	0	0	0	1	
173	37	2	10	13	18	2	0	0	0	0	0	0	0	0	1	
174	37	4	10	13	18	2	0	0	0	0	0	0	0	0	1	
175	40	18	22	-999	-999	2	0	0	0	0	0	0	0	0	1	
176	40	16	12	-999	-999	2	0	0	0	0	0	0	0	0	1	
177	40	15	10	-999	-999	2	0	0	0	0	0	0	0	0	1	
178	40	20	17	-999	-999	2	0	0	0	0	0	0	0	0	1	
179	40	4	22	-999	-999	2	0	0	0	0	0	0	0	0	1	
180	40	7	22	-999	-999	2	0	0	0	0	0	0	0	0	1	
181	40	13	20	-999	-999	2	0	0	0	0	0	0	0	0	1	
182	40	11	20	-999	-999	2	0	0	0	0	0	0	0	0	1	
183	40	9	20	-999	-999	2	0	0	0	0	0	0	0	0	1	
184	40	7	20	-999	-999	2	0	0	0	0	0	0	0	0	1	
185	40	22	18	-999	-999	2	0	0	0	0	0	0	0	0	1	
17	17	104	104	59	59	57	57	31	31	23	23	NULL	NULL	NULL	NULL	NULL	NULL	NULL	NULL	NULL	NULL	NULL	NULL	
17	17	104	104	59	59	57	57	31	31	23	23	15	15	20	20	28	28	22	22	29	29	25	25	
63	63	61	61	66	66	105	105	55	55	36	36	15	15	20	20	28	28	22	22	29	29	25	25	
63	63	61	61	66	66	105	105	55	55	36	36	NULL	51	51	68	68	NULL	NULL	69	69	103	103	NULL	
44	44	39	39	NULL	NULL	67	67	106	106	79	79	NULL	51	51	68	68	NULL	NULL	69	69	103	103	NULL	
44	44	39	39	NULL	NULL	67	67	106	106	79	79	NULL	50	50	54	54	8	8	NULL	11	11	99	99	
48	48	56	56	40	40	65	65	53	53	83	83	NULL	50	50	54	54	8	8	NULL	11	11	99	99	
48	48	56	56	40	40	65	65	53	53	83	83	37	37	16	16	NULL	NULL	94	94	88	88	NULL	NULL	
24	24	52	52	NULL	45	45	NULL	NULL	NULL	NULL	NULL	37	37	16	16	85	85	94	94	88	88	91	91	
24	24	52	52	NULL	45	45	7	7	5	5	3	3	4	4	NULL	85	85	NULL	NULL	101	101	91	91	
93	93	NULL	33	33	14	14	7	7	5	5	3	3	4	4	177	177	NULL	34	34	101	101	72	72	
93	93	NULL	33	33	14	14	9	9	0	0	NULL	NULL	13	13	177	177	NULL	34	34	97	97	72	72	
74	74	NULL	30	30	32	32	9	9	0	0	NULL	NULL	13	13	NULL	176	176	64	64	97	97	58	58	
74	74	NULL	30	30	32	32	NULL	86	86	78	78	38	38	2	2	176	176	64	64	NULL	NULL	58	58	
98	98	NULL	92	92	42	42	NULL	86	86	78	78	38	38	2	2	6	6	62	62	NULL	NULL	100	100	
98	98	NULL	92	92	42	42	96	96	NULL	NULL	NULL	NULL	NULL	NULL	NULL	6	6	62	62	46	46	100	100	
75	75	NULL	76	76	71	71	96	96	77	77	102	102	26	26	21	21	NULL	27	27	46	46	89	89	
75	75	NULL	76	76	71	71	90	90	77	77	102	102	26	26	21	21	NULL	27	27	178	178	89	89	
47	47	NULL	81	81	73	73	90	90	107	107	NULL	NULL	132	132	49	49	NULL	87	87	178	178	185	185	
47	47	NULL	81	81	73	73	NULL	NULL	107	107	NULL	NULL	132	132	49	49	NULL	87	87	NULL	NULL	185	185	
NULL	95	95	NULL	19	19	NULL	184	184	183	183	182	182	181	181	18	18	NULL	84	84	1	1	12	12	
NULL	95	95	NULL	19	19	NULL	184	184	183	183	182	182	181	181	18	18	NULL	84	84	1	1	12	12	
43	43	35	35	179	179	NULL	180	180	NULL	70	70	80	80	82	82	41	41	175	175	10	10	60	60	
43	43	35	35	179	179	NULL	180	180	NULL	70	70	80	80	82	82	41	41	175	175	10	10	60	60	
