104
0	40	18	0	-999	-999	2	0	0	0	0	0	0	0	0	
1	40	18	14	-999	-999	2	0	0	0	0	0	0	0	0	
2	40	18	16	-999	-999	2	0	0	0	0	0	0	0	0	
3	40	12	0	-999	-999	2	0	0	0	0	0	0	0	0	
4	40	10	16	-999	-999	2	0	0	0	0	0	0	0	0	
5	40	14	8	-999	-999	2	0	0	0	0	0	0	0	0	
6	40	18	6	-999	-999	2	0	0	0	0	0	0	0	0	
7	40	12	4	-999	-999	2	0	0	0	0	0	0	0	0	
8	40	18	4	-999	-999	2	0	0	0	0	0	0	0	0	
9	40	10	18	-999	-999	2	0	0	0	0	0	0	0	0	
10	40	18	10	-999	-999	2	0	0	0	0	0	0	0	0	
11	40	14	12	-999	-999	2	0	0	0	0	0	0	0	0	
12	40	18	18	-999	-999	2	0	0	0	0	0	0	0	0	
13	40	10	6	-999	-999	2	0	0	0	0	0	0	0	0	
14	40	14	10	-999	-999	2	0	0	0	0	0	0	0	0	
15	40	18	12	-999	-999	2	0	0	0	0	0	0	0	0	
16	40	14	18	-999	-999	2	0	0	0	0	0	0	0	0	
17	40	14	4	-999	-999	2	0	0	0	0	0	0	0	0	
18	40	10	10	-999	-999	2	0	0	0	0	0	0	0	0	
19	40	14	16	-999	-999	2	0	0	0	0	0	0	0	0	
20	40	16	0	-999	-999	2	0	0	0	0	0	0	0	0	
21	40	16	18	-999	-999	2	0	0	0	0	0	0	0	0	
22	40	10	8	-999	-999	2	0	0	0	0	0	0	0	0	
23	40	14	6	-999	-999	2	0	0	0	0	0	0	0	0	
24	40	10	22	-999	-999	2	0	0	0	0	0	0	0	0	
25	40	18	8	-999	-999	2	0	0	0	0	0	0	0	0	
26	40	10	12	-999	-999	2	0	0	0	0	0	0	0	0	
27	34	2	2	-999	-999	3	0	0	0	0	0	0	0	0	
28	40	14	0	-999	-999	2	0	0	0	0	0	0	0	0	
29	40	14	14	-999	-999	2	0	0	0	0	0	0	0	0	
30	37	14	2	-999	-999	2	0	0	0	0	0	0	0	0	
31	0	0	10	-999	-999	2	6	2	1	0	0	0	0	0	
32	37	8	8	-999	-999	2	0	0	0	0	0	0	0	0	
33	4	2	10	-999	-999	2	6	2	1	0	0	0	0	0	
34	34	4	2	-999	-999	3	0	0	0	0	0	0	0	0	
35	34	0	8	-999	-999	3	0	0	0	0	0	0	0	0	
36	34	4	8	-999	-999	3	0	0	0	0	0	0	0	0	
37	40	10	20	-999	-999	2	0	0	0	0	0	0	0	0	
38	40	10	14	-999	-999	2	0	0	0	0	0	0	0	0	
39	34	0	2	-999	-999	3	0	0	0	0	0	0	0	0	
40	34	4	20	-999	-999	2	0	0	0	0	0	0	0	0	
41	37	8	4	-999	-999	1	0	0	0	0	0	0	0	0	
42	37	8	6	-999	-999	2	0	0	0	0	0	0	0	0	
43	3	0	6	-999	-999	2	4	2	1	0	0	0	0	0	
44	37	8	2	-999	-999	2	0	0	0	0	0	0	0	0	
45	3	2	4	-999	-999	2	2	2	1	0	0	0	0	0	
46	37	6	8	-999	-999	1	0	0	0	0	0	0	0	0	
47	4	0	4	-999	-999	2	2	2	1	0	0	0	0	0	
48	2	4	0	-999	-999	2	0	2	1	0	0	0	0	0	
49	34	2	8	-999	-999	3	0	0	0	0	0	0	0	0	
50	1	2	6	-999	-999	2	4	2	1	0	0	0	0	0	
51	1	2	0	-999	-999	2	0	2	1	0	0	0	0	0	
52	37	6	2	-999	-999	1	0	0	0	0	0	0	0	0	
53	40	10	4	-999	-999	2	0	0	0	0	0	0	0	0	
54	2	4	4	-999	-999	2	2	2	1	0	0	0	0	0	
55	2	4	10	-999	-999	2	6	2	1	0	0	0	0	0	
56	0	4	6	-999	-999	2	4	2	1	0	0	0	0	0	
57	0	0	0	-999	-999	2	0	2	1	0	0	0	0	0	
58	40	18	2	-999	-999	2	0	0	0	0	0	0	0	0	
59	2	0	12	-999	-999	2	8	2	1	0	0	0	0	0	
60	0	2	12	-999	-999	2	8	2	1	0	0	0	0	0	
61	3	4	12	-999	-999	2	8	2	1	0	0	0	0	0	
62	0	0	16	-999	-999	2	10	2	1	0	0	0	0	0	
63	2	2	16	-999	-999	2	10	2	1	0	0	0	0	0	
64	1	4	16	-999	-999	2	10	2	1	0	0	0	0	0	
65	4	0	18	-999	-999	2	12	2	1	0	0	0	0	0	
66	3	2	18	-999	-999	2	12	2	1	0	0	0	0	0	
67	0	4	18	-999	-999	2	12	2	1	0	0	0	0	0	
68	3	0	22	-999	-999	2	14	2	1	0	0	0	0	0	
69	0	2	22	-999	-999	2	14	2	1	0	0	0	0	0	
70	2	4	22	-999	-999	2	14	2	1	0	0	0	0	0	
71	34	0	14	-999	-999	2	0	0	0	0	0	0	0	0	
72	34	2	14	-999	-999	2	0	0	0	0	0	0	0	0	
73	34	4	14	-999	-999	2	0	0	0	0	0	0	0	0	
74	34	0	20	-999	-999	2	0	0	0	0	0	0	0	0	
75	34	2	20	-999	-999	2	0	0	0	0	0	0	0	0	
76	37	6	14	-999	-999	1	0	0	0	0	0	0	0	0	
77	37	8	14	-999	-999	2	0	0	0	0	0	0	0	0	
78	37	8	12	-999	-999	2	0	0	0	0	0	0	0	0	
79	37	8	10	-999	-999	1	0	0	0	0	0	0	0	0	
80	37	6	20	-999	-999	1	0	0	0	0	0	0	0	0	
81	37	8	20	-999	-999	2	0	0	0	0	0	0	0	0	
82	37	8	18	-999	-999	2	0	0	0	0	0	0	0	0	
83	37	8	16	-999	-999	1	0	0	0	0	0	0	0	0	
84	14	16	6	-999	-999	2	100000	0	0	0	0	0	0	0	
85	40	10	0	-999	-999	2	0	0	0	0	0	0	0	0	
86	37	10	2	-999	-999	3	0	0	0	0	0	0	0	0	
87	12	16	8	-999	-999	2	100000	0	0	0	0	0	0	0	
88	16	16	10	-999	-999	2	100000	0	0	0	0	0	0	0	
89	15	16	14	-999	-999	2	100000	0	0	0	0	0	0	0	
90	12	16	2	-999	-999	2	100000	0	0	0	0	0	0	0	
91	15	16	4	-999	-999	2	100000	0	0	0	0	0	0	0	
92	13	16	12	-999	-999	2	100000	0	0	0	0	0	0	0	
93	13	16	16	-999	-999	2	100000	0	0	0	0	0	0	0	
94	40	6	0	-999	-999	2	0	0	0	0	0	0	0	0	
95	40	6	4	-999	-999	2	0	0	0	0	0	0	0	0	
96	40	6	6	-999	-999	2	0	0	0	0	0	0	0	0	
97	40	6	10	-999	-999	2	0	0	0	0	0	0	0	0	
98	40	6	12	-999	-999	2	0	0	0	0	0	0	0	0	
99	40	6	16	-999	-999	2	0	0	0	0	0	0	0	0	
100	40	6	18	-999	-999	2	0	0	0	0	0	0	0	0	
101	40	6	22	-999	-999	2	0	0	0	0	0	0	0	0	
102	40	8	22	-999	-999	2	0	0	0	0	0	0	0	0	
103	40	8	0	-999	-999	2	0	0	0	0	0	0	0	0	
57	57	51	51	48	48	94	94	103	103	85	85	3	3	28	28	20	20	0	0	NULL	NULL	NULL	NULL	
57	57	51	51	48	48	94	94	103	103	85	85	3	3	28	28	20	20	0	0	NULL	NULL	NULL	NULL	
39	39	27	27	34	34	52	52	44	44	86	86	NULL	NULL	30	30	90	90	58	58	NULL	NULL	NULL	NULL	
39	39	27	27	34	34	52	52	44	44	86	86	NULL	NULL	30	30	90	90	58	58	NULL	NULL	NULL	NULL	
47	47	45	45	54	54	95	95	41	41	53	53	7	7	17	17	91	91	8	8	NULL	NULL	NULL	NULL	
47	47	45	45	54	54	95	95	41	41	53	53	7	7	17	17	91	91	8	8	NULL	NULL	NULL	NULL	
43	43	50	50	56	56	96	96	42	42	13	13	NULL	NULL	23	23	84	84	6	6	NULL	NULL	NULL	NULL	
43	43	50	50	56	56	96	96	42	42	13	13	NULL	NULL	23	23	84	84	6	6	NULL	NULL	NULL	NULL	
35	35	49	49	36	36	46	46	32	32	22	22	NULL	NULL	5	5	87	87	25	25	NULL	NULL	NULL	NULL	
35	35	49	49	36	36	46	46	32	32	22	22	NULL	NULL	5	5	87	87	25	25	NULL	NULL	NULL	NULL	
31	31	33	33	55	55	97	97	79	79	18	18	NULL	NULL	14	14	88	88	10	10	NULL	NULL	NULL	NULL	
31	31	33	33	55	55	97	97	79	79	18	18	NULL	NULL	14	14	88	88	10	10	NULL	NULL	NULL	NULL	
59	59	60	60	61	61	98	98	78	78	26	26	NULL	NULL	11	11	92	92	15	15	NULL	NULL	NULL	NULL	
59	59	60	60	61	61	98	98	78	78	26	26	NULL	NULL	11	11	92	92	15	15	NULL	NULL	NULL	NULL	
71	71	72	72	73	73	76	76	77	77	38	38	NULL	NULL	29	29	89	89	1	1	NULL	NULL	NULL	NULL	
71	71	72	72	73	73	76	76	77	77	38	38	NULL	NULL	29	29	89	89	1	1	NULL	NULL	NULL	NULL	
62	62	63	63	64	64	99	99	83	83	4	4	NULL	NULL	19	19	93	93	2	2	NULL	NULL	NULL	NULL	
62	62	63	63	64	64	99	99	83	83	4	4	NULL	NULL	19	19	93	93	2	2	NULL	NULL	NULL	NULL	
65	65	66	66	67	67	100	100	82	82	9	9	NULL	NULL	16	16	21	21	12	12	NULL	NULL	NULL	NULL	
65	65	66	66	67	67	100	100	82	82	9	9	NULL	NULL	16	16	21	21	12	12	NULL	NULL	NULL	NULL	
74	74	75	75	40	40	80	80	81	81	37	37	NULL	NULL	NULL	NULL	NULL	NULL	NULL	NULL	NULL	NULL	NULL	NULL	
74	74	75	75	40	40	80	80	81	81	37	37	NULL	NULL	NULL	NULL	NULL	NULL	NULL	NULL	NULL	NULL	NULL	NULL	
68	68	69	69	70	70	101	101	102	102	24	24	NULL	NULL	NULL	NULL	NULL	NULL	NULL	NULL	NULL	NULL	NULL	NULL	
68	68	69	69	70	70	101	101	102	102	24	24	NULL	NULL	NULL	NULL	NULL	NULL	NULL	NULL	NULL	NULL	NULL	NULL	
