1303
0	43	2	12	22	0	2	0	0	0	0	0	0	0	0	
1	37	2	6	22	0	2	0	0	0	0	0	0	0	0	
2	43	0	2	22	0	2	0	0	0	0	0	0	0	0	
3	43	12	12	22	0	2	0	0	0	0	0	0	0	0	
4	53	2	4	22	3	4	0	0	0	0	0	0	0	0	
5	43	2	0	22	0	2	0	0	0	0	0	0	0	0	
6	43	6	12	22	0	2	0	0	0	0	0	0	0	0	
7	20	6	2	22	0	3	0	0	0	0	0	0	0	0	
8	43	12	10	22	0	2	0	0	0	0	0	0	0	0	
9	43	0	8	22	0	2	0	0	0	0	0	0	0	0	
10	43	8	12	22	0	2	0	0	0	0	0	0	0	0	
11	37	4	3	22	0	4	0	0	0	0	0	0	0	0	
12	17	6	10	22	0	3	0	0	0	0	0	0	0	0	
13	42	0	6	22	0	2	0	0	0	0	0	0	0	0	
14	43	6	0	22	0	2	0	0	0	0	0	0	0	0	
15	43	12	4	22	0	2	0	0	0	0	0	0	0	0	
16	31	6	4	22	0	2	0	0	0	0	0	0	0	0	
17	37	4	9	22	0	4	0	0	0	0	0	0	0	0	
18	43	4	12	22	0	2	0	0	0	0	0	0	0	0	
19	43	8	0	22	0	2	0	0	0	0	0	0	0	0	
20	43	10	0	22	0	2	0	0	0	0	0	0	0	0	
21	32	22	0	-999	-999	2	0	0	0	0	0	0	0	0	
27	27	5	5	28	28	14	14	19	19	20	20	23	23	
27	27	5	5	28	28	14	14	19	19	20	20	23	23	
2	2	NULL	NULL	NULL	NULL	7	7	NULL	NULL	NULL	NULL	32	32	
2	2	NULL	NULL	11	11	7	7	NULL	NULL	NULL	NULL	32	32	
24	24	382	382	11	11	16	16	NULL	NULL	NULL	NULL	15	15	
24	24	382	382	NULL	NULL	16	16	NULL	NULL	NULL	NULL	15	15	
13	13	1	1	NULL	NULL	NULL	NULL	NULL	NULL	NULL	NULL	30	30	
13	13	1	1	NULL	NULL	NULL	NULL	NULL	NULL	NULL	NULL	30	30	
9	9	481	481	NULL	NULL	22	22	NULL	NULL	NULL	NULL	33	33	
9	9	481	481	17	17	22	22	NULL	NULL	NULL	NULL	33	33	
31	31	NULL	NULL	17	17	12	12	NULL	NULL	NULL	NULL	8	8	
31	31	NULL	NULL	NULL	NULL	12	12	NULL	NULL	NULL	NULL	8	8	
25	25	0	0	18	18	6	6	10	10	29	29	3	3	
25	25	0	0	18	18	6	6	10	10	29	29	3	3	
22	29	6	8	22	0	2	0	0	0	0	0	0	0	0	
23	43	12	0	22	0	2	0	0	0	0	0	0	0	0	
24	43	0	4	22	0	2	0	0	0	0	0	0	0	0	
25	43	0	12	22	0	2	0	0	0	0	0	0	0	0	
26	53	10	4	2	3	4	0	0	0	0	0	0	0	0	
27	43	0	0	22	0	2	0	0	0	0	0	0	0	0	
28	43	4	0	22	0	2	0	0	0	0	0	0	0	0	
29	43	10	12	22	0	2	0	0	0	0	0	0	0	0	
30	43	12	6	22	0	2	0	0	0	0	0	0	0	0	
31	43	0	10	22	0	2	0	0	0	0	0	0	0	0	
32	43	12	2	22	0	2	0	0	0	0	0	0	0	0	
33	43	12	8	22	0	2	0	0	0	0	0	0	0	0	
34	32	22	3	-999	-999	2	0	0	0	0	0	0	0	0	
55	55	35	35	39	39	43	43	47	47	51	51	57	57	
55	55	35	35	39	39	43	43	47	47	51	51	57	57	
36	36	NULL	NULL	NULL	NULL	59	59	NULL	NULL	NULL	NULL	38	38	
36	36	NULL	NULL	60	60	59	59	NULL	NULL	NULL	NULL	38	38	
40	40	4	4	60	60	62	62	NULL	NULL	NULL	NULL	42	42	
40	40	4	4	NULL	NULL	62	62	NULL	NULL	NULL	NULL	42	42	
44	44	63	63	NULL	NULL	NULL	NULL	NULL	NULL	NULL	NULL	46	46	
44	44	63	63	NULL	NULL	NULL	NULL	NULL	NULL	NULL	NULL	46	46	
48	48	371	371	NULL	NULL	65	65	NULL	NULL	NULL	NULL	50	50	
48	48	371	371	66	66	65	65	NULL	NULL	NULL	NULL	50	50	
52	52	NULL	NULL	66	66	67	67	NULL	NULL	NULL	NULL	54	54	
52	52	NULL	NULL	NULL	NULL	67	67	NULL	NULL	NULL	NULL	54	54	
56	56	37	37	41	41	45	45	49	49	53	53	58	58	
56	56	37	37	41	41	45	45	49	49	53	53	58	58	
35	43	2	0	22	3	2	0	0	0	0	0	0	0	0	
36	43	0	2	22	3	2	0	0	0	0	0	0	0	0	
37	43	2	12	22	3	2	0	0	0	0	0	0	0	0	
38	43	12	2	22	3	2	0	0	0	0	0	0	0	0	
39	43	4	0	22	3	2	0	0	0	0	0	0	0	0	
40	43	0	4	22	3	2	0	0	0	0	0	0	0	0	
41	43	4	12	22	3	2	0	0	0	0	0	0	0	0	
42	43	12	4	22	3	2	0	0	0	0	0	0	0	0	
43	43	6	0	22	3	2	0	0	0	0	0	0	0	0	
44	42	0	6	22	3	2	0	0	0	0	0	0	0	0	
45	43	6	12	22	3	2	0	0	0	0	0	0	0	0	
46	43	12	6	22	3	2	0	0	0	0	0	0	0	0	
47	43	8	0	22	3	2	0	0	0	0	0	0	0	0	
48	43	0	8	22	3	2	0	0	0	0	0	0	0	0	
49	43	8	12	22	3	2	0	0	0	0	0	0	0	0	
50	43	12	8	22	3	2	0	0	0	0	0	0	0	0	
51	43	10	0	22	3	2	0	0	0	0	0	0	0	0	
52	43	0	10	22	3	2	0	0	0	0	0	0	0	0	
53	43	10	12	22	3	2	0	0	0	0	0	0	0	0	
54	43	12	10	22	3	2	0	0	0	0	0	0	0	0	
55	43	0	0	22	3	2	0	0	0	0	0	0	0	0	
56	43	0	12	22	3	2	0	0	0	0	0	0	0	0	
57	43	12	0	22	3	2	0	0	0	0	0	0	0	0	
58	43	12	12	22	3	2	0	0	0	0	0	0	0	0	
59	20	6	2	22	3	3	0	0	0	0	0	0	0	0	
60	37	4	3	22	3	4	0	0	0	0	0	0	0	0	
61	58	10	8	2	6	4	0	0	0	0	0	0	0	0	
62	31	6	4	22	3	2	0	0	0	0	0	0	0	0	
63	37	2	6	22	3	2	0	0	0	0	0	0	0	0	
64	53	2	4	22	6	4	0	0	0	0	0	0	0	0	
65	27	6	8	22	3	2	0	0	0	0	0	0	0	0	
66	37	4	9	22	3	4	0	0	0	0	0	0	0	0	
67	18	6	10	22	3	3	0	0	0	0	0	0	0	0	
68	32	22	6	-999	-999	2	0	0	0	0	0	0	0	0	
89	89	69	69	73	73	77	77	81	81	85	85	91	91	
89	89	69	69	73	73	77	77	81	81	85	85	91	91	
70	70	NULL	NULL	NULL	NULL	93	93	NULL	NULL	NULL	NULL	72	72	
70	70	NULL	NULL	94	94	93	93	NULL	NULL	NULL	NULL	72	72	
74	74	64	64	94	94	96	96	NULL	NULL	NULL	NULL	76	76	
74	74	64	64	NULL	NULL	96	96	NULL	NULL	NULL	NULL	76	76	
78	78	97	97	NULL	NULL	NULL	NULL	NULL	NULL	NULL	NULL	80	80	
78	78	97	97	NULL	NULL	NULL	NULL	NULL	NULL	NULL	NULL	80	80	
82	82	490	490	NULL	NULL	99	99	NULL	NULL	NULL	NULL	84	84	
82	82	490	490	100	100	99	99	NULL	NULL	NULL	NULL	84	84	
86	86	NULL	NULL	100	100	101	101	NULL	NULL	NULL	NULL	88	88	
86	86	NULL	NULL	NULL	NULL	101	101	NULL	NULL	NULL	NULL	88	88	
90	90	71	71	75	75	79	79	83	83	87	87	92	92	
90	90	71	71	75	75	79	79	83	83	87	87	92	92	
69	43	2	0	22	6	2	0	0	0	0	0	0	0	0	
70	43	0	2	22	6	2	0	0	0	0	0	0	0	0	
71	43	2	12	22	6	2	0	0	0	0	0	0	0	0	
72	43	12	2	22	6	2	0	0	0	0	0	0	0	0	
73	43	4	0	22	6	2	0	0	0	0	0	0	0	0	
74	43	0	4	22	6	2	0	0	0	0	0	0	0	0	
75	43	4	12	22	6	2	0	0	0	0	0	0	0	0	
76	43	12	4	22	6	2	0	0	0	0	0	0	0	0	
77	43	6	0	22	6	2	0	0	0	0	0	0	0	0	
78	42	0	6	22	6	2	0	0	0	0	0	0	0	0	
79	43	6	12	22	6	2	0	0	0	0	0	0	0	0	
80	43	12	6	22	6	2	0	0	0	0	0	0	0	0	
81	43	8	0	22	6	2	0	0	0	0	0	0	0	0	
82	43	0	8	22	6	2	0	0	0	0	0	0	0	0	
83	43	8	12	22	6	2	0	0	0	0	0	0	0	0	
84	43	12	8	22	6	2	0	0	0	0	0	0	0	0	
85	43	10	0	22	6	2	0	0	0	0	0	0	0	0	
86	43	0	10	22	6	2	0	0	0	0	0	0	0	0	
87	43	10	12	22	6	2	0	0	0	0	0	0	0	0	
88	43	12	10	22	6	2	0	0	0	0	0	0	0	0	
89	43	0	0	22	6	2	0	0	0	0	0	0	0	0	
90	43	0	12	22	6	2	0	0	0	0	0	0	0	0	
91	43	12	0	22	6	2	0	0	0	0	0	0	0	0	
92	43	12	12	22	6	2	0	0	0	0	0	0	0	0	
93	20	6	2	22	6	3	0	0	0	0	0	0	0	0	
94	37	4	3	22	6	4	0	0	0	0	0	0	0	0	
95	58	10	8	2	3	4	0	0	0	0	0	0	0	0	
96	31	6	4	22	6	2	0	0	0	0	0	0	0	0	
97	37	2	6	22	6	2	0	0	0	0	0	0	0	0	
98	53	10	4	2	6	4	0	0	0	0	0	0	0	0	
99	28	6	8	22	6	2	0	0	0	0	0	0	0	0	
100	37	4	9	22	6	4	0	0	0	0	0	0	0	0	
101	19	6	10	22	6	3	0	0	0	0	0	0	0	0	
102	32	2	0	-999	-999	2	0	0	0	0	0	0	0	0	
135	135	124	124	117	117	127	127	132	132	131	131	128	128	
135	135	124	124	117	117	127	127	132	132	131	131	128	128	
105	105	NULL	NULL	NULL	NULL	134	134	NULL	NULL	NULL	NULL	113	113	
105	105	NULL	NULL	NULL	NULL	134	134	106	106	NULL	NULL	113	113	
121	121	NULL	NULL	NULL	NULL	123	123	106	106	153	153	120	120	
121	121	NULL	NULL	NULL	NULL	123	123	NULL	NULL	153	153	120	120	
122	122	NULL	NULL	NULL	NULL	NULL	NULL	NULL	NULL	107	107	116	116	
122	122	NULL	NULL	NULL	NULL	NULL	NULL	NULL	NULL	107	107	116	116	
133	133	NULL	NULL	NULL	NULL	111	111	NULL	NULL	175	175	112	112	
133	133	NULL	NULL	NULL	NULL	111	111	119	119	175	175	112	112	
114	114	NULL	NULL	NULL	NULL	125	125	119	119	NULL	NULL	129	129	
114	114	NULL	NULL	NULL	NULL	125	125	NULL	NULL	NULL	NULL	129	129	
110	110	109	109	126	126	130	130	118	118	108	108	104	104	
110	110	109	109	126	126	130	130	118	118	108	108	104	104	
103	60	6	8	10	11	2	0	0	0	0	0	0	0	0	
104	43	12	12	2	0	2	0	0	0	0	0	0	0	0	
105	43	0	2	2	0	2	0	0	0	0	0	0	0	0	
106	37	8	3	2	0	4	0	0	0	0	0	0	0	0	
107	37	10	6	2	0	2	0	0	0	0	0	0	0	0	
108	43	10	12	2	0	2	0	0	0	0	0	0	0	0	
109	43	2	12	2	0	2	0	0	0	0	0	0	0	0	
110	43	0	12	2	0	2	0	0	0	0	0	0	0	0	
111	29	6	8	2	0	2	0	0	0	0	0	0	0	0	
112	43	12	8	2	0	2	0	0	0	0	0	0	0	0	
113	43	12	2	2	0	2	0	0	0	0	0	0	0	0	
114	43	0	10	2	0	2	0	0	0	0	0	0	0	0	
115	61	6	10	10	11	2	0	0	0	0	0	0	0	0	
116	42	12	6	2	0	2	0	0	0	0	0	0	0	0	
117	43	4	0	2	0	2	0	0	0	0	0	0	0	0	
118	43	8	12	2	0	2	0	0	0	0	0	0	0	0	
119	37	8	9	2	0	4	0	0	0	0	0	0	0	0	
120	43	12	4	2	0	2	0	0	0	0	0	0	0	0	
121	43	0	4	2	0	2	0	0	0	0	0	0	0	0	
122	43	0	6	2	0	2	0	0	0	0	0	0	0	0	
123	21	6	4	2	0	3	0	0	0	0	0	0	0	0	
124	43	2	0	2	0	2	0	0	0	0	0	0	0	0	
125	17	6	10	2	0	3	0	0	0	0	0	0	0	0	
126	43	4	12	2	0	2	0	0	0	0	0	0	0	0	
127	43	6	0	2	0	2	0	0	0	0	0	0	0	0	
128	43	12	0	2	0	2	0	0	0	0	0	0	0	0	
129	43	12	10	2	0	2	0	0	0	0	0	0	0	0	
130	43	6	12	2	0	2	0	0	0	0	0	0	0	0	
131	43	10	0	2	0	2	0	0	0	0	0	0	0	0	
132	43	8	0	2	0	2	0	0	0	0	0	0	0	0	
133	43	0	8	2	0	2	0	0	0	0	0	0	0	0	
134	30	6	2	2	0	2	0	0	0	0	0	0	0	0	
135	43	0	0	2	0	2	0	0	0	0	0	0	0	0	
136	32	2	3	-999	-999	2	0	0	0	0	0	0	0	0	
163	163	160	160	143	143	169	169	167	167	165	165	162	162	
163	163	160	160	143	143	169	169	167	167	165	165	162	162	
155	155	NULL	NULL	NULL	NULL	161	161	NULL	NULL	NULL	NULL	147	147	
155	155	NULL	NULL	NULL	NULL	161	161	138	138	NULL	NULL	147	147	
139	139	NULL	NULL	NULL	NULL	159	159	138	138	26	26	156	156	
139	139	NULL	NULL	NULL	NULL	159	159	NULL	NULL	26	26	156	156	
154	154	NULL	NULL	NULL	NULL	NULL	NULL	NULL	NULL	149	149	152	152	
154	154	NULL	NULL	NULL	NULL	NULL	NULL	NULL	NULL	149	149	152	152	
166	166	NULL	NULL	NULL	NULL	145	145	NULL	NULL	95	95	148	148	
166	166	NULL	NULL	NULL	NULL	145	145	137	137	95	95	148	148	
146	146	NULL	NULL	NULL	NULL	157	157	137	137	NULL	NULL	164	164	
146	146	NULL	NULL	NULL	NULL	157	157	NULL	NULL	NULL	NULL	164	164	
142	142	151	151	158	158	168	168	150	150	144	144	140	140	
142	142	151	151	158	158	168	168	150	150	144	144	140	140	
137	37	8	9	2	3	4	0	0	0	0	0	0	0	0	
138	37	8	3	2	3	4	0	0	0	0	0	0	0	0	
139	43	0	4	2	3	2	0	0	0	0	0	0	0	0	
140	43	12	12	2	3	2	0	0	0	0	0	0	0	0	
141	37	8	8	10	11	2	0	0	0	0	0	0	0	0	
142	43	0	12	2	3	2	0	0	0	0	0	0	0	0	
143	43	4	0	2	3	2	0	0	0	0	0	0	0	0	
144	43	10	12	2	3	2	0	0	0	0	0	0	0	0	
145	27	6	8	2	3	2	0	0	0	0	0	0	0	0	
146	43	0	10	2	3	2	0	0	0	0	0	0	0	0	
147	43	12	2	2	3	2	0	0	0	0	0	0	0	0	
148	43	12	8	2	3	2	0	0	0	0	0	0	0	0	
149	37	10	6	2	3	2	0	0	0	0	0	0	0	0	
150	43	8	12	2	3	2	0	0	0	0	0	0	0	0	
151	43	2	12	2	3	2	0	0	0	0	0	0	0	0	
152	42	12	6	2	3	2	0	0	0	0	0	0	0	0	
153	53	10	4	2	0	4	0	0	0	0	0	0	0	0	
154	43	0	6	2	3	2	0	0	0	0	0	0	0	0	
155	43	0	2	2	3	2	0	0	0	0	0	0	0	0	
156	43	12	4	2	3	2	0	0	0	0	0	0	0	0	
157	18	6	10	2	3	3	0	0	0	0	0	0	0	0	
158	43	4	12	2	3	2	0	0	0	0	0	0	0	0	
159	21	6	4	2	3	3	0	0	0	0	0	0	0	0	
160	43	2	0	2	3	2	0	0	0	0	0	0	0	0	
161	30	6	2	2	3	2	0	0	0	0	0	0	0	0	
162	43	12	0	2	3	2	0	0	0	0	0	0	0	0	
163	43	0	0	2	3	2	0	0	0	0	0	0	0	0	
164	43	12	10	2	3	2	0	0	0	0	0	0	0	0	
165	43	10	0	2	3	2	0	0	0	0	0	0	0	0	
166	43	0	8	2	3	2	0	0	0	0	0	0	0	0	
167	43	8	0	2	3	2	0	0	0	0	0	0	0	0	
168	43	6	12	2	3	2	0	0	0	0	0	0	0	0	
169	43	6	0	2	3	2	0	0	0	0	0	0	0	0	
170	32	2	6	-999	-999	2	0	0	0	0	0	0	0	0	
197	197	194	194	177	177	203	203	201	201	199	199	196	196	
197	197	194	194	177	177	203	203	201	201	199	199	196	196	
189	189	NULL	NULL	NULL	NULL	195	195	NULL	NULL	NULL	NULL	181	181	
189	189	NULL	NULL	NULL	NULL	195	195	172	172	NULL	NULL	181	181	
173	173	NULL	NULL	NULL	NULL	193	193	172	172	98	98	190	190	
173	173	NULL	NULL	NULL	NULL	193	193	NULL	NULL	98	98	190	190	
188	188	NULL	NULL	NULL	NULL	NULL	NULL	NULL	NULL	183	183	186	186	
188	188	NULL	NULL	NULL	NULL	NULL	NULL	NULL	NULL	183	183	186	186	
200	200	NULL	NULL	NULL	NULL	179	179	NULL	NULL	61	61	182	182	
200	200	NULL	NULL	NULL	NULL	179	179	171	171	61	61	182	182	
180	180	NULL	NULL	NULL	NULL	191	191	171	171	NULL	NULL	198	198	
180	180	NULL	NULL	NULL	NULL	191	191	NULL	NULL	NULL	NULL	198	198	
176	176	185	185	192	192	202	202	184	184	178	178	174	174	
176	176	185	185	192	192	202	202	184	184	178	178	174	174	
171	37	8	9	2	6	4	0	0	0	0	0	0	0	0	
172	37	8	3	2	6	4	0	0	0	0	0	0	0	0	
173	43	0	4	2	6	2	0	0	0	0	0	0	0	0	
174	43	12	12	2	6	2	0	0	0	0	0	0	0	0	
175	58	10	8	2	0	4	0	0	0	0	0	0	0	0	
176	43	0	12	2	6	2	0	0	0	0	0	0	0	0	
177	43	4	0	2	6	2	0	0	0	0	0	0	0	0	
178	43	10	12	2	6	2	0	0	0	0	0	0	0	0	
179	28	6	8	2	6	2	0	0	0	0	0	0	0	0	
180	43	0	10	2	6	2	0	0	0	0	0	0	0	0	
181	43	12	2	2	6	2	0	0	0	0	0	0	0	0	
182	43	12	8	2	6	2	0	0	0	0	0	0	0	0	
183	37	10	6	2	6	2	0	0	0	0	0	0	0	0	
184	43	8	12	2	6	2	0	0	0	0	0	0	0	0	
185	43	2	12	2	6	2	0	0	0	0	0	0	0	0	
186	42	12	6	2	6	2	0	0	0	0	0	0	0	0	
187	37	4	10	10	11	2	0	0	0	0	0	0	0	0	
188	43	0	6	2	6	2	0	0	0	0	0	0	0	0	
189	43	0	2	2	6	2	0	0	0	0	0	0	0	0	
190	43	12	4	2	6	2	0	0	0	0	0	0	0	0	
191	19	6	10	2	6	3	0	0	0	0	0	0	0	0	
192	43	4	12	2	6	2	0	0	0	0	0	0	0	0	
193	21	6	4	2	6	3	0	0	0	0	0	0	0	0	
194	43	2	0	2	6	2	0	0	0	0	0	0	0	0	
195	30	6	2	2	6	2	0	0	0	0	0	0	0	0	
196	43	12	0	2	6	2	0	0	0	0	0	0	0	0	
197	43	0	0	2	6	2	0	0	0	0	0	0	0	0	
198	43	12	10	2	6	2	0	0	0	0	0	0	0	0	
199	43	10	0	2	6	2	0	0	0	0	0	0	0	0	
200	43	0	8	2	6	2	0	0	0	0	0	0	0	0	
201	43	8	0	2	6	2	0	0	0	0	0	0	0	0	
202	43	6	12	2	6	2	0	0	0	0	0	0	0	0	
203	43	6	0	2	6	2	0	0	0	0	0	0	0	0	
204	16	12	3	-999	-999	2	100000	0	0	0	0	0	0	0	
205	55	20	3	-999	-999	2	0	0	0	0	0	0	0	0	
206	76	16	6	-999	-999	2	0	0	0	0	0	0	0	0	
207	14	10	6	-999	-999	2	100000	0	0	0	0	0	0	0	
208	12	8	0	-999	-999	2	100000	0	0	0	0	0	0	0	
209	12	18	0	-999	-999	2	100000	0	0	0	0	0	0	0	
210	55	20	0	-999	-999	2	0	0	0	0	0	0	0	0	
211	12	14	0	-999	-999	2	100000	0	0	0	0	0	0	0	
212	12	12	0	-999	-999	2	100000	0	0	0	0	0	0	0	
213	43	12	0	12	11	2	0	0	0	0	0	0	0	0	
214	14	18	6	-999	-999	2	100000	0	0	0	0	0	0	0	
215	14	12	6	-999	-999	2	100000	0	0	0	0	0	0	0	
216	14	14	6	-999	-999	2	100000	0	0	0	0	0	0	0	
217	16	14	3	-999	-999	2	100000	0	0	0	0	0	0	0	
218	35	4	8	12	9	2	0	0	0	0	0	0	0	0	
219	12	10	0	-999	-999	2	100000	0	0	0	0	0	0	0	
220	43	0	12	12	11	2	0	0	0	0	0	0	0	0	
221	12	6	0	-999	-999	2	100000	0	0	0	0	0	0	0	
222	16	10	3	-999	-999	2	100000	0	0	0	0	0	0	0	
223	14	8	6	-999	-999	2	100000	0	0	0	0	0	0	0	
224	78	2	7	10	11	2	0	0	0	0	0	0	0	0	
225	16	6	3	-999	-999	2	100000	0	0	0	0	0	0	0	
226	14	6	6	-999	-999	2	100000	0	0	0	0	0	0	0	
227	60	6	2	12	11	2	0	0	0	0	0	0	0	0	
228	35	10	6	10	9	2	0	0	0	0	0	0	0	0	
229	43	12	12	12	9	2	0	0	0	0	0	0	0	0	
230	35	6	5	12	9	2	0	0	0	0	0	0	0	0	
231	16	18	3	-999	-999	2	100000	0	0	0	0	0	0	0	
232	16	8	3	-999	-999	2	100000	0	0	0	0	0	0	0	
233	54	4	3	-999	-999	2	0	0	0	0	0	0	0	0	
234	43	12	0	0	3	2	0	0	0	0	0	0	0	0	
235	32	0	3	-999	-999	2	0	0	0	0	0	0	0	0	
254	254	265	265	243	243	242	242	244	244	261	261	234	234	
254	254	265	265	243	243	242	242	244	244	261	261	234	234	
256	256	NULL	NULL	NULL	NULL	NULL	NULL	NULL	NULL	NULL	NULL	305	305	
256	256	NULL	NULL	NULL	NULL	NULL	NULL	NULL	NULL	NULL	NULL	305	305	
239	239	NULL	NULL	NULL	NULL	316	316	NULL	NULL	NULL	NULL	259	259	
239	239	NULL	NULL	250	250	316	316	255	255	NULL	NULL	259	259	
249	249	NULL	NULL	250	250	329	329	255	255	NULL	NULL	264	264	
249	249	NULL	NULL	240	240	329	329	246	246	NULL	NULL	264	264	
238	238	NULL	NULL	240	240	323	323	246	246	NULL	NULL	263	263	
238	238	NULL	NULL	NULL	NULL	323	323	NULL	NULL	NULL	NULL	263	263	
245	245	NULL	NULL	NULL	NULL	NULL	NULL	NULL	NULL	NULL	NULL	257	257	
245	245	NULL	NULL	NULL	NULL	NULL	NULL	NULL	NULL	NULL	NULL	257	257	
251	251	236	236	262	262	252	252	253	253	237	237	322	322	
251	251	236	236	262	262	252	252	253	253	237	237	322	322	
236	43	2	12	0	3	2	0	0	0	0	0	0	0	0	
237	43	10	12	0	3	2	0	0	0	0	0	0	0	0	
238	43	0	8	0	3	2	0	0	0	0	0	0	0	0	
239	43	0	4	0	3	2	0	0	0	0	0	0	0	0	
240	2	4	7	0	3	2	4	2	1	0	0	0	0	0	
241	32	14	18	-999	-999	2	0	0	0	0	0	0	0	0	
277	277	278	278	285	285	267	267	270	270	291	291	274	274	
277	277	278	278	285	285	267	267	270	270	291	291	274	274	
282	282	NULL	NULL	NULL	NULL	295	295	287	287	288	288	290	290	
282	282	NULL	NULL	NULL	NULL	295	295	287	287	288	288	290	290	
273	273	NULL	NULL	NULL	NULL	268	268	294	294	279	279	271	271	
273	273	NULL	NULL	NULL	NULL	268	268	294	294	279	279	271	271	
281	281	272	272	283	283	269	269	286	286	715	715	293	293	
281	281	272	272	283	283	269	269	286	286	715	715	293	293	
289	289	NULL	NULL	NULL	NULL	NULL	NULL	NULL	NULL	NULL	NULL	280	280	
289	289	NULL	NULL	NULL	NULL	NULL	NULL	NULL	NULL	NULL	NULL	280	280	
284	284	NULL	NULL	NULL	NULL	NULL	NULL	NULL	NULL	NULL	NULL	296	296	
284	284	NULL	NULL	NULL	NULL	NULL	NULL	NULL	NULL	NULL	NULL	296	296	
275	275	292	292	260	260	258	258	297	297	276	276	266	266	
275	275	292	292	260	260	258	258	297	297	276	276	266	266	
242	43	6	0	0	3	2	0	0	0	0	0	0	0	0	
243	43	4	0	0	3	2	0	0	0	0	0	0	0	0	
244	43	8	0	0	3	2	0	0	0	0	0	0	0	0	
245	43	0	10	0	3	2	0	0	0	0	0	0	0	0	
246	4	8	7	0	3	2	2	2	1	0	0	0	0	0	
247	0	6	8	0	0	2	3	2	1	0	0	0	0	0	
248	43	2	0	0	6	2	0	0	0	0	0	0	0	0	
249	43	0	6	0	3	2	0	0	0	0	0	0	0	0	
250	4	4	5	0	3	2	5	2	1	0	0	0	0	0	
251	43	0	12	0	3	2	0	0	0	0	0	0	0	0	
252	43	6	12	0	3	2	0	0	0	0	0	0	0	0	
253	43	8	12	0	3	2	0	0	0	0	0	0	0	0	
254	43	0	0	0	3	2	0	0	0	0	0	0	0	0	
255	0	8	5	0	3	2	1	2	1	0	0	0	0	0	
256	43	0	2	0	3	2	0	0	0	0	0	0	0	0	
257	43	12	10	0	3	2	0	0	0	0	0	0	0	0	
258	43	6	12	14	18	2	0	0	0	0	0	0	0	0	
259	43	12	4	0	3	2	0	0	0	0	0	0	0	0	
260	43	4	12	14	18	2	0	0	0	0	0	0	0	0	
261	43	10	0	0	3	2	0	0	0	0	0	0	0	0	
262	43	4	12	0	3	2	0	0	0	0	0	0	0	0	
263	43	12	8	0	3	2	0	0	0	0	0	0	0	0	
264	43	12	6	0	3	2	0	0	0	0	0	0	0	0	
265	43	2	0	0	3	2	0	0	0	0	0	0	0	0	
266	43	12	12	14	18	2	0	0	0	0	0	0	0	0	
267	43	6	0	14	18	2	0	0	0	0	0	0	0	0	
268	74	6	4	14	18	1	0	0	0	0	0	0	0	0	
269	39	6	6	14	18	0	0	0	0	0	0	0	0	0	
270	43	8	0	14	18	2	0	0	0	0	0	0	0	0	
271	43	12	4	14	18	2	0	0	0	0	0	0	0	0	
272	39	2	6	14	18	0	0	0	0	0	0	0	0	0	
273	43	0	4	14	18	2	0	0	0	0	0	0	0	0	
274	43	12	0	14	18	2	0	0	0	0	0	0	0	0	
275	43	0	12	14	18	2	0	0	0	0	0	0	0	0	
276	43	10	12	14	18	2	0	0	0	0	0	0	0	0	
277	43	0	0	14	18	2	0	0	0	0	0	0	0	0	
278	43	2	0	14	18	2	0	0	0	0	0	0	0	0	
279	74	10	4	14	18	1	0	0	0	0	0	0	0	0	
280	43	12	8	14	18	2	0	0	0	0	0	0	0	0	
281	42	0	6	14	18	0	0	0	0	0	0	0	0	0	
282	43	0	2	14	18	2	0	0	0	0	0	0	0	0	
283	39	4	6	14	18	0	0	0	0	0	0	0	0	0	
284	43	0	10	14	18	2	0	0	0	0	0	0	0	0	
285	43	4	0	14	18	2	0	0	0	0	0	0	0	0	
286	39	8	6	14	18	0	0	0	0	0	0	0	0	0	
287	17	8	2	14	18	2	0	0	0	0	0	0	0	0	
288	19	10	2	14	18	2	0	0	0	0	0	0	0	0	
289	43	0	8	14	18	2	0	0	0	0	0	0	0	0	
290	43	12	2	14	18	2	0	0	0	0	0	0	0	0	
291	43	10	0	14	18	2	0	0	0	0	0	0	0	0	
292	43	2	12	14	18	2	0	0	0	0	0	0	0	0	
293	42	12	6	14	18	0	0	0	0	0	0	0	0	0	
294	74	8	4	14	18	1	0	0	0	0	0	0	0	0	
295	17	6	2	14	18	2	0	0	0	0	0	0	0	0	
296	43	12	10	14	18	2	0	0	0	0	0	0	0	0	
297	43	8	12	14	18	2	0	0	0	0	0	0	0	0	
298	20	6	6	0	0	2	0	0	0	0	0	0	0	0	
299	43	6	0	0	6	2	0	0	0	0	0	0	0	0	
300	43	12	10	0	6	2	0	0	0	0	0	0	0	0	
301	43	0	10	0	6	2	0	0	0	0	0	0	0	0	
302	43	8	12	0	6	2	0	0	0	0	0	0	0	0	
303	2	6	8	0	6	2	3	2	1	0	0	0	0	0	
304	43	12	6	0	6	2	0	0	0	0	0	0	0	0	
305	43	12	2	0	3	2	0	0	0	0	0	0	0	0	
306	20	6	6	0	6	2	0	0	0	0	0	0	0	0	
307	4	4	5	0	6	2	5	2	1	0	0	0	0	0	
308	2	8	7	0	0	2	2	2	1	0	0	0	0	0	
309	43	10	0	0	6	2	0	0	0	0	0	0	0	0	
310	43	0	8	0	6	2	0	0	0	0	0	0	0	0	
311	43	12	12	0	6	2	0	0	0	0	0	0	0	0	
312	43	2	12	0	6	2	0	0	0	0	0	0	0	0	
313	43	4	0	0	6	2	0	0	0	0	0	0	0	0	
314	2	6	4	0	6	2	0	2	1	0	0	0	0	0	
315	43	12	0	0	6	2	0	0	0	0	0	0	0	0	
316	0	6	4	0	3	2	0	2	1	0	0	0	0	0	
317	43	12	8	0	6	2	0	0	0	0	0	0	0	0	
318	43	0	12	0	6	2	0	0	0	0	0	0	0	0	
319	43	0	6	0	6	2	0	0	0	0	0	0	0	0	
320	43	8	0	0	6	2	0	0	0	0	0	0	0	0	
321	43	10	12	0	6	2	0	0	0	0	0	0	0	0	
322	43	12	12	0	3	2	0	0	0	0	0	0	0	0	
323	0	6	8	0	3	2	3	2	1	0	0	0	0	0	
324	43	0	4	0	6	2	0	0	0	0	0	0	0	0	
325	43	6	12	0	6	2	0	0	0	0	0	0	0	0	
326	43	12	2	0	6	2	0	0	0	0	0	0	0	0	
327	74	2	4	20	22	1	0	0	0	0	0	0	0	0	
328	32	0	6	-999	-999	2	0	0	0	0	0	0	0	0	
827	827	248	248	313	313	299	299	320	320	309	309	315	315	
827	827	248	248	313	313	299	299	320	320	309	309	315	315	
819	819	NULL	NULL	NULL	NULL	NULL	NULL	NULL	NULL	NULL	NULL	326	326	
819	819	NULL	NULL	NULL	NULL	NULL	NULL	NULL	NULL	NULL	NULL	326	326	
324	324	NULL	NULL	NULL	NULL	314	314	NULL	NULL	NULL	NULL	822	822	
324	324	NULL	NULL	307	307	314	314	825	825	NULL	NULL	822	822	
319	319	NULL	NULL	307	307	306	306	825	825	NULL	NULL	304	304	
319	319	NULL	NULL	823	823	306	306	821	821	NULL	NULL	304	304	
310	310	NULL	NULL	823	823	303	303	821	821	NULL	NULL	317	317	
310	310	NULL	NULL	NULL	NULL	303	303	NULL	NULL	NULL	NULL	317	317	
301	301	NULL	NULL	NULL	NULL	NULL	NULL	NULL	NULL	NULL	NULL	300	300	
301	301	NULL	NULL	NULL	NULL	NULL	NULL	NULL	NULL	NULL	NULL	300	300	
318	318	312	312	826	826	325	325	302	302	321	321	311	311	
318	318	312	312	826	826	325	325	302	302	321	321	311	311	
329	20	6	6	0	3	2	0	0	0	0	0	0	0	0	
330	32	12	9	-999	-999	2	0	0	0	0	0	0	0	0	
344	344	341	341	365	365	397	397	354	354	337	337	336	336	
344	344	341	341	365	365	397	397	354	354	337	337	336	336	
347	347	349	349	345	345	370	370	360	360	358	358	351	351	
347	347	349	349	345	345	370	370	360	360	358	358	351	351	
342	342	NULL	NULL	NULL	NULL	NULL	NULL	NULL	NULL	357	357	353	353	
342	342	356	356	355	355	230	230	333	333	357	357	353	353	
392	392	356	356	355	355	230	230	333	333	NULL	NULL	338	338	
392	392	339	339	NULL	NULL	NULL	NULL	NULL	NULL	NULL	NULL	338	338	
343	343	339	339	218	218	362	362	NULL	NULL	NULL	NULL	335	335	
343	343	NULL	NULL	218	218	362	362	NULL	NULL	NULL	NULL	335	335	
331	331	NULL	NULL	NULL	NULL	NULL	NULL	NULL	NULL	NULL	NULL	348	348	
331	331	NULL	NULL	NULL	NULL	NULL	NULL	NULL	NULL	NULL	NULL	348	348	
361	361	366	366	332	332	372	372	346	346	340	340	229	229	
361	361	366	366	332	332	372	372	346	346	340	340	229	229	
331	43	0	10	12	9	2	0	0	0	0	0	0	0	0	
332	43	4	12	12	9	2	0	0	0	0	0	0	0	0	
333	35	8	5	12	9	2	0	0	0	0	0	0	0	0	
334	43	2	0	12	11	2	0	0	0	0	0	0	0	0	
335	43	12	8	12	9	2	0	0	0	0	0	0	0	0	
336	43	12	0	12	9	2	0	0	0	0	0	0	0	0	
337	43	10	0	12	9	2	0	0	0	0	0	0	0	0	
338	43	12	6	12	9	2	0	0	0	0	0	0	0	0	
339	37	2	7	12	9	2	0	0	0	0	0	0	0	0	
340	43	10	12	12	9	2	0	0	0	0	0	0	0	0	
341	43	2	0	12	9	2	0	0	0	0	0	0	0	0	
342	43	0	4	12	9	2	0	0	0	0	0	0	0	0	
343	43	0	8	12	9	2	0	0	0	0	0	0	0	0	
344	43	0	0	12	9	2	0	0	0	0	0	0	0	0	
345	35	4	2	12	9	2	0	0	0	0	0	0	0	0	
346	43	8	12	12	9	2	0	0	0	0	0	0	0	0	
347	43	0	2	12	9	2	0	0	0	0	0	0	0	0	
348	43	12	10	12	9	2	0	0	0	0	0	0	0	0	
349	0	2	2	12	9	2	0	2	1	0	0	0	0	0	
350	43	0	2	12	11	2	0	0	0	0	0	0	0	0	
351	43	12	2	12	9	2	0	0	0	0	0	0	0	0	
352	32	12	11	-999	-999	2	0	0	0	0	0	0	0	0	
385	385	334	334	389	389	388	388	373	373	394	394	213	213	
385	385	334	334	389	389	388	388	373	373	394	394	213	213	
350	350	380	380	378	378	227	227	405	405	375	375	401	401	
350	350	380	380	378	378	227	227	405	405	375	375	401	401	
381	381	383	383	NULL	NULL	NULL	NULL	NULL	NULL	NULL	NULL	396	396	
381	381	383	383	395	395	374	374	376	376	387	387	396	396	
368	368	NULL	NULL	395	395	374	374	376	376	387	387	391	391	
368	368	NULL	NULL	NULL	NULL	NULL	NULL	NULL	NULL	402	402	391	391	
404	404	485	485	480	480	NULL	NULL	NULL	NULL	402	402	384	384	
404	404	485	485	480	480	483	483	482	482	NULL	NULL	384	384	
390	390	484	484	479	479	483	483	482	482	478	478	393	393	
390	390	484	484	479	479	NULL	NULL	NULL	NULL	478	478	393	393	
220	220	386	386	399	399	367	367	403	403	398	398	379	379	
220	220	386	386	399	399	367	367	403	403	398	398	379	379	
353	43	12	4	12	9	2	0	0	0	0	0	0	0	0	
354	43	8	0	12	9	2	0	0	0	0	0	0	0	0	
355	35	4	5	12	9	2	0	0	0	0	0	0	0	0	
356	35	2	5	12	9	2	0	0	0	0	0	0	0	0	
357	62	10	4	12	9	2	0	0	0	0	0	0	0	0	
358	35	10	2	12	9	2	0	0	0	0	0	0	0	0	
359	76	4	6	-999	-999	2	0	0	0	0	0	0	0	0	
360	35	8	2	12	9	2	0	0	0	0	0	0	0	0	
361	43	0	12	12	9	2	0	0	0	0	0	0	0	0	
362	64	6	8	12	9	2	0	0	0	0	0	0	0	0	
363	52	16	0	-999	-999	2	0	0	0	0	0	0	0	0	
364	52	16	3	-999	-999	2	0	0	0	0	0	0	0	0	
365	43	4	0	12	9	2	0	0	0	0	0	0	0	0	
366	43	2	12	12	9	2	0	0	0	0	0	0	0	0	
367	43	6	12	12	11	2	0	0	0	0	0	0	0	0	
368	43	0	6	12	11	2	0	0	0	0	0	0	0	0	
369	1	22	22	-999	-999	2	10	3	1000	0	0	0	0	0	
370	35	6	2	12	9	2	0	0	0	0	0	0	0	0	
371	58	2	8	22	3	4	0	0	0	0	0	0	0	0	
372	43	6	12	12	9	2	0	0	0	0	0	0	0	0	
373	43	8	0	12	11	2	0	0	0	0	0	0	0	0	
374	37	6	5	12	11	2	0	0	0	0	0	0	0	0	
375	28	10	2	12	11	2	0	0	0	0	0	0	0	0	
376	64	8	5	12	11	2	0	0	0	0	0	0	0	0	
377	78	4	5	10	11	2	0	0	0	0	0	0	0	0	
378	62	4	2	12	11	2	0	0	0	0	0	0	0	0	
379	43	12	12	12	11	2	0	0	0	0	0	0	0	0	
380	62	2	2	12	11	2	0	0	0	0	0	0	0	0	
381	43	0	4	12	11	2	0	0	0	0	0	0	0	0	
382	53	2	4	22	0	4	0	0	0	0	0	0	0	0	
383	35	2	4	12	11	2	0	0	0	0	0	0	0	0	
384	43	12	8	12	11	2	0	0	0	0	0	0	0	0	
385	43	0	0	12	11	2	0	0	0	0	0	0	0	0	
386	43	2	12	12	11	2	0	0	0	0	0	0	0	0	
387	35	10	5	12	11	2	0	0	0	0	0	0	0	0	
388	43	6	0	12	11	2	0	0	0	0	0	0	0	0	
389	43	4	0	12	11	2	0	0	0	0	0	0	0	0	
390	42	0	10	12	11	2	0	0	0	0	0	0	0	0	
391	43	12	6	12	11	2	0	0	0	0	0	0	0	0	
392	43	0	6	12	9	2	0	0	0	0	0	0	0	0	
393	43	12	10	12	11	2	0	0	0	0	0	0	0	0	
394	43	10	0	12	11	2	0	0	0	0	0	0	0	0	
395	37	4	5	12	11	2	0	0	0	0	0	0	0	0	
396	43	12	4	12	11	2	0	0	0	0	0	0	0	0	
397	43	6	0	12	9	2	0	0	0	0	0	0	0	0	
398	43	10	12	12	11	2	0	0	0	0	0	0	0	0	
399	43	4	12	12	11	2	0	0	0	0	0	0	0	0	
400	35	2	5	10	11	2	0	0	0	0	0	0	0	0	
401	43	12	2	12	11	2	0	0	0	0	0	0	0	0	
402	64	10	7	12	11	2	0	0	0	0	0	0	0	0	
403	43	8	12	12	11	2	0	0	0	0	0	0	0	0	
404	42	0	8	12	11	2	0	0	0	0	0	0	0	0	
405	60	8	2	12	11	2	0	0	0	0	0	0	0	0	
406	54	4	0	-999	-999	2	0	0	0	0	0	0	0	0	
407	43	8	0	10	9	2	0	0	0	0	0	0	0	0	
408	43	0	12	10	9	2	0	0	0	0	0	0	0	0	
409	43	8	12	10	9	2	0	0	0	0	0	0	0	0	
410	43	12	8	10	9	2	0	0	0	0	0	0	0	0	
411	35	4	2	10	9	3	0	0	0	0	0	0	0	0	
412	43	0	10	10	9	2	0	0	0	0	0	0	0	0	
413	43	10	12	10	9	2	0	0	0	0	0	0	0	0	
414	43	12	10	10	9	2	0	0	0	0	0	0	0	0	
415	43	10	0	10	9	2	0	0	0	0	0	0	0	0	
416	43	0	8	10	9	2	0	0	0	0	0	0	0	0	
417	43	0	0	10	9	2	0	0	0	0	0	0	0	0	
418	43	12	0	10	9	2	0	0	0	0	0	0	0	0	
419	0	2	2	10	9	2	0	2	1	0	0	0	0	0	
420	35	6	2	10	9	2	0	0	0	0	0	0	0	0	
421	35	10	2	10	9	2	0	0	0	0	0	0	0	0	
422	35	8	2	10	9	2	0	0	0	0	0	0	0	0	
423	35	7	9	10	9	2	0	0	0	0	0	0	0	0	
424	78	10	4	10	9	2	0	0	0	0	0	0	0	0	
425	78	2	5	10	9	2	0	0	0	0	0	0	0	0	
426	35	9	8	10	9	2	0	0	0	0	0	0	0	0	
427	43	12	12	10	9	2	0	0	0	0	0	0	0	0	
428	37	2	7	10	9	2	0	0	0	0	0	0	0	0	
429	35	3	9	10	9	2	0	0	0	0	0	0	0	0	
430	35	5	9	10	9	2	0	0	0	0	0	0	0	0	
431	56	20	6	-999	-999	2	0	0	0	0	0	0	0	0	
432	32	10	9	-999	-999	2	0	0	0	0	0	0	0	0	
417	417	433	433	437	437	441	441	407	407	415	415	418	418	
417	417	433	433	437	437	441	441	407	407	415	415	418	418	
434	434	419	419	411	411	420	420	422	422	421	421	436	436	
434	434	419	419	411	411	420	420	422	422	421	421	436	436	
438	438	NULL	NULL	NULL	NULL	NULL	NULL	NULL	NULL	424	424	440	440	
438	438	425	425	NULL	NULL	NULL	NULL	NULL	NULL	424	424	440	440	
442	442	425	425	NULL	NULL	NULL	NULL	NULL	NULL	228	228	444	444	
442	442	428	428	NULL	NULL	NULL	NULL	NULL	NULL	228	228	444	444	
416	416	428	428	NULL	NULL	NULL	NULL	NULL	426	426	NULL	410	410	
416	416	NULL	429	429	430	430	423	423	426	426	NULL	410	410	
412	412	NULL	429	429	430	430	423	423	NULL	NULL	NULL	414	414	
412	412	NULL	NULL	NULL	NULL	NULL	NULL	NULL	NULL	NULL	NULL	414	414	
408	408	435	435	439	439	443	443	409	409	413	413	427	427	
408	408	435	435	439	439	443	443	409	409	413	413	427	427	
433	43	2	0	10	9	2	0	0	0	0	0	0	0	0	
434	43	0	2	10	9	2	0	0	0	0	0	0	0	0	
435	43	2	12	10	9	2	0	0	0	0	0	0	0	0	
436	43	12	2	10	9	2	0	0	0	0	0	0	0	0	
437	43	4	0	10	9	2	0	0	0	0	0	0	0	0	
438	43	0	4	10	9	2	0	0	0	0	0	0	0	0	
439	43	4	12	10	9	2	0	0	0	0	0	0	0	0	
440	43	12	4	10	9	2	0	0	0	0	0	0	0	0	
441	43	6	0	10	9	2	0	0	0	0	0	0	0	0	
442	43	0	6	10	9	2	0	0	0	0	0	0	0	0	
443	43	6	12	10	9	2	0	0	0	0	0	0	0	0	
444	43	12	6	10	9	2	0	0	0	0	0	0	0	0	
445	32	10	11	-999	-999	2	0	0	0	0	0	0	0	0	
468	468	462	462	458	458	454	454	450	450	446	446	466	466	
468	468	462	462	458	458	454	454	450	450	446	446	466	466	
449	449	474	474	473	473	472	472	471	471	470	470	447	447	
449	449	474	474	473	473	472	472	471	471	470	470	447	447	
453	453	NULL	NULL	NULL	NULL	NULL	NULL	NULL	NULL	475	475	451	451	
453	453	400	400	377	377	477	477	476	476	475	475	451	451	
457	457	400	400	377	377	477	477	476	476	NULL	NULL	455	455	
457	457	224	224	NULL	NULL	NULL	NULL	NULL	NULL	NULL	NULL	455	455	
461	461	224	224	NULL	NULL	103	103	141	141	486	486	459	459	
461	461	NULL	NULL	NULL	NULL	103	103	141	141	486	486	459	459	
465	465	488	488	187	187	115	115	489	489	487	487	463	463	
465	465	488	488	187	187	115	115	489	489	487	487	463	463	
469	469	464	464	460	460	456	456	452	452	448	448	467	467	
469	469	464	464	460	460	456	456	452	452	448	448	467	467	
446	43	10	0	10	11	2	0	0	0	0	0	0	0	0	
447	43	12	2	10	11	2	0	0	0	0	0	0	0	0	
448	43	10	12	10	11	2	0	0	0	0	0	0	0	0	
449	43	0	2	10	11	2	0	0	0	0	0	0	0	0	
450	43	8	0	10	11	2	0	0	0	0	0	0	0	0	
451	43	12	4	10	11	2	0	0	0	0	0	0	0	0	
452	43	8	12	10	11	2	0	0	0	0	0	0	0	0	
453	43	0	4	10	11	2	0	0	0	0	0	0	0	0	
454	43	6	0	10	11	2	0	0	0	0	0	0	0	0	
455	43	12	6	10	11	2	0	0	0	0	0	0	0	0	
456	43	6	12	10	11	2	0	0	0	0	0	0	0	0	
457	43	0	6	10	11	2	0	0	0	0	0	0	0	0	
458	43	4	0	10	11	2	0	0	0	0	0	0	0	0	
459	42	12	8	10	11	2	0	0	0	0	0	0	0	0	
460	43	4	12	10	11	2	0	0	0	0	0	0	0	0	
461	43	0	8	10	11	2	0	0	0	0	0	0	0	0	
462	43	2	0	10	11	2	0	0	0	0	0	0	0	0	
463	42	12	10	10	11	2	0	0	0	0	0	0	0	0	
464	43	2	12	10	11	2	0	0	0	0	0	0	0	0	
465	43	0	10	10	11	2	0	0	0	0	0	0	0	0	
466	43	12	0	10	11	2	0	0	0	0	0	0	0	0	
467	43	12	12	10	11	2	0	0	0	0	0	0	0	0	
468	43	0	0	10	11	2	0	0	0	0	0	0	0	0	
469	43	0	12	10	11	2	0	0	0	0	0	0	0	0	
470	78	10	2	10	11	2	0	0	0	0	0	0	0	0	
471	78	8	2	10	11	2	0	0	0	0	0	0	0	0	
472	61	6	2	10	11	2	0	0	0	0	0	0	0	0	
473	61	4	2	10	11	2	0	0	0	0	0	0	0	0	
474	29	2	2	10	11	2	0	0	0	0	0	0	0	0	
475	35	10	4	10	11	2	0	0	0	0	0	0	0	0	
476	37	8	5	10	11	2	0	0	0	0	0	0	0	0	
477	37	6	5	10	11	2	0	0	0	0	0	0	0	0	
478	27	10	10	12	11	2	0	0	0	0	0	0	0	0	
479	61	4	10	12	11	2	0	0	0	0	0	0	0	0	
480	60	4	8	12	11	2	0	0	0	0	0	0	0	0	
481	58	2	8	22	0	4	0	0	0	0	0	0	0	0	
482	63	8	9	12	11	2	0	0	0	0	0	0	0	0	
483	5	6	9	12	11	2	0	0	0	0	0	0	0	0	
484	35	2	10	12	11	2	0	0	0	0	0	0	0	0	
485	35	2	8	12	11	2	0	0	0	0	0	0	0	0	
486	35	10	8	10	11	2	0	0	0	0	0	0	0	0	
487	35	10	10	10	11	2	0	0	0	0	0	0	0	0	
488	63	2	10	10	11	2	0	0	0	0	0	0	0	0	
489	37	8	10	10	11	2	0	0	0	0	0	0	0	0	
490	58	2	8	22	6	4	0	0	0	0	0	0	0	0	
491	32	20	22	-999	-999	2	0	0	0	0	0	0	0	0	
512	512	492	492	496	496	500	500	504	504	508	508	514	514	
512	512	492	492	496	496	500	500	504	504	508	508	514	514	
493	493	858	858	857	857	856	856	855	855	854	854	495	495	
493	493	858	858	857	857	856	856	855	855	854	854	495	495	
497	497	327	327	524	524	523	523	522	522	521	521	499	499	
497	497	327	327	524	524	523	523	522	522	521	521	499	499	
501	501	520	520	519	519	518	518	517	517	516	516	503	503	
501	501	520	520	519	519	518	518	517	517	516	516	503	503	
505	505	NULL	NULL	NULL	NULL	NULL	NULL	NULL	NULL	NULL	NULL	507	507	
505	505	NULL	NULL	NULL	NULL	NULL	NULL	NULL	NULL	NULL	NULL	507	507	
509	509	NULL	NULL	NULL	NULL	NULL	NULL	NULL	NULL	NULL	NULL	511	511	
509	509	NULL	NULL	NULL	NULL	NULL	NULL	NULL	NULL	NULL	NULL	511	511	
513	513	494	494	498	498	502	502	506	506	510	510	515	515	
513	513	494	494	498	498	502	502	506	506	510	510	515	515	
492	43	2	0	20	22	2	0	0	0	0	0	0	0	0	
493	43	0	2	20	22	2	0	0	0	0	0	0	0	0	
494	43	2	12	20	22	2	0	0	0	0	0	0	0	0	
495	43	12	2	20	22	2	0	0	0	0	0	0	0	0	
496	43	4	0	20	22	2	0	0	0	0	0	0	0	0	
497	43	0	4	20	22	2	0	0	0	0	0	0	0	0	
498	43	4	12	20	22	2	0	0	0	0	0	0	0	0	
499	43	12	4	20	22	2	0	0	0	0	0	0	0	0	
500	43	6	0	20	22	2	0	0	0	0	0	0	0	0	
501	42	0	6	20	22	0	0	0	0	0	0	0	0	0	
502	43	6	12	20	22	2	0	0	0	0	0	0	0	0	
503	42	12	6	20	22	0	0	0	0	0	0	0	0	0	
504	43	8	0	20	22	2	0	0	0	0	0	0	0	0	
505	43	0	8	20	22	2	0	0	0	0	0	0	0	0	
506	43	8	12	20	22	2	0	0	0	0	0	0	0	0	
507	43	12	8	20	22	2	0	0	0	0	0	0	0	0	
508	43	10	0	20	22	2	0	0	0	0	0	0	0	0	
509	43	0	10	20	22	2	0	0	0	0	0	0	0	0	
510	43	10	12	20	22	2	0	0	0	0	0	0	0	0	
511	43	12	10	20	22	2	0	0	0	0	0	0	0	0	
512	43	0	0	20	22	2	0	0	0	0	0	0	0	0	
513	43	0	12	20	22	2	0	0	0	0	0	0	0	0	
514	43	12	0	20	22	2	0	0	0	0	0	0	0	0	
515	43	12	12	20	22	2	0	0	0	0	0	0	0	0	
516	39	10	6	20	22	0	0	0	0	0	0	0	0	0	
517	39	8	6	20	22	0	0	0	0	0	0	0	0	0	
518	39	6	6	20	22	0	0	0	0	0	0	0	0	0	
519	39	4	6	20	22	0	0	0	0	0	0	0	0	0	
520	39	2	6	20	22	0	0	0	0	0	0	0	0	0	
521	74	10	4	20	22	1	0	0	0	0	0	0	0	0	
522	74	8	4	20	22	1	0	0	0	0	0	0	0	0	
523	74	6	4	20	22	1	0	0	0	0	0	0	0	0	
524	74	4	4	20	22	1	0	0	0	0	0	0	0	0	
525	4	4	7	0	0	2	4	2	1	0	0	0	0	0	
526	43	2	12	14	20	2	0	0	0	0	0	0	0	0	
527	39	4	6	4	22	0	0	0	0	0	0	0	0	0	
528	43	12	10	6	22	2	0	0	0	0	0	0	0	0	
529	74	10	4	6	22	1	0	0	0	0	0	0	0	0	
530	19	4	2	10	22	2	0	0	0	0	0	0	0	0	
531	17	10	2	8	22	2	0	0	0	0	0	0	0	0	
532	42	0	6	8	22	0	0	0	0	0	0	0	0	0	
533	43	12	4	8	22	2	0	0	0	0	0	0	0	0	
534	43	12	12	10	22	2	0	0	0	0	0	0	0	0	
535	43	0	4	8	22	2	0	0	0	0	0	0	0	0	
536	32	8	22	-999	-999	2	0	0	0	0	0	0	0	0	
585	585	552	552	557	557	545	545	573	573	581	581	578	578	
585	585	552	552	557	557	545	545	573	573	581	581	578	578	
1087	1087	575	575	591	591	590	590	586	586	531	531	1076	1076	
1087	1087	575	575	591	591	590	590	586	586	531	531	1076	1076	
535	535	555	555	574	574	594	594	550	550	546	546	533	533	
535	535	555	555	574	574	594	594	550	550	546	546	533	533	
532	532	542	542	582	582	597	597	579	579	1085	1085	547	547	
532	532	542	542	582	582	597	597	579	579	1085	1085	547	547	
595	595	NULL	NULL	NULL	NULL	NULL	NULL	NULL	NULL	NULL	NULL	599	599	
595	595	NULL	NULL	NULL	NULL	NULL	NULL	NULL	NULL	NULL	NULL	599	599	
556	556	NULL	NULL	NULL	NULL	NULL	NULL	NULL	NULL	NULL	NULL	568	568	
556	556	NULL	NULL	NULL	NULL	NULL	NULL	NULL	NULL	NULL	NULL	568	568	
584	584	1083	1083	815	815	813	813	592	592	938	938	570	570	
584	584	1083	1083	815	815	813	813	592	592	938	938	570	570	
537	39	4	6	6	22	0	0	0	0	0	0	0	0	0	
538	43	8	12	6	22	2	0	0	0	0	0	0	0	0	
539	74	4	4	6	22	1	0	0	0	0	0	0	0	0	
540	43	0	12	10	22	2	0	0	0	0	0	0	0	0	
541	43	10	12	10	22	2	0	0	0	0	0	0	0	0	
542	39	2	6	8	22	0	0	0	0	0	0	0	0	0	
543	43	0	8	6	22	2	0	0	0	0	0	0	0	0	
544	39	4	6	10	22	0	0	0	0	0	0	0	0	0	
545	43	6	0	8	22	2	0	0	0	0	0	0	0	0	
546	74	10	4	8	22	1	0	0	0	0	0	0	0	0	
547	42	12	6	8	22	0	0	0	0	0	0	0	0	0	
548	43	0	0	10	22	2	0	0	0	0	0	0	0	0	
549	39	2	6	10	22	0	0	0	0	0	0	0	0	0	
550	74	8	4	8	22	1	0	0	0	0	0	0	0	0	
551	39	8	6	6	22	0	0	0	0	0	0	0	0	0	
552	43	2	0	8	22	2	0	0	0	0	0	0	0	0	
553	19	6	2	10	22	2	0	0	0	0	0	0	0	0	
554	19	10	2	10	22	2	0	0	0	0	0	0	0	0	
555	74	2	4	8	22	1	0	0	0	0	0	0	0	0	
556	43	0	10	8	22	2	0	0	0	0	0	0	0	0	
557	43	4	0	8	22	2	0	0	0	0	0	0	0	0	
558	17	2	2	10	22	2	0	0	0	0	0	0	0	0	
559	43	12	0	10	22	2	0	0	0	0	0	0	0	0	
560	39	2	6	6	22	0	0	0	0	0	0	0	0	0	
561	43	12	4	6	22	2	0	0	0	0	0	0	0	0	
562	43	12	2	14	20	2	0	0	0	0	0	0	0	0	
563	43	4	0	14	20	2	0	0	0	0	0	0	0	0	
564	43	0	4	14	20	2	0	0	0	0	0	0	0	0	
565	43	4	12	14	20	2	0	0	0	0	0	0	0	0	
566	42	12	6	6	22	0	0	0	0	0	0	0	0	0	
567	43	0	12	6	22	2	0	0	0	0	0	0	0	0	
568	43	12	10	8	22	2	0	0	0	0	0	0	0	0	
569	43	6	0	6	22	2	0	0	0	0	0	0	0	0	
570	43	12	12	8	22	2	0	0	0	0	0	0	0	0	
571	43	8	0	6	22	2	0	0	0	0	0	0	0	0	
572	74	8	4	6	22	1	0	0	0	0	0	0	0	0	
573	43	8	0	8	22	2	0	0	0	0	0	0	0	0	
574	74	4	4	8	22	1	0	0	0	0	0	0	0	0	
575	18	2	2	8	22	2	0	0	0	0	0	0	0	0	
576	74	6	4	6	22	1	0	0	0	0	0	0	0	0	
577	43	12	0	6	22	2	0	0	0	0	0	0	0	0	
578	43	12	0	8	22	2	0	0	0	0	0	0	0	0	
579	39	8	6	8	22	0	0	0	0	0	0	0	0	0	
580	43	0	4	6	22	2	0	0	0	0	0	0	0	0	
581	43	10	0	8	22	2	0	0	0	0	0	0	0	0	
582	39	4	6	8	22	0	0	0	0	0	0	0	0	0	
583	43	10	12	6	22	2	0	0	0	0	0	0	0	0	
584	43	0	12	8	22	2	0	0	0	0	0	0	0	0	
585	43	0	0	8	22	2	0	0	0	0	0	0	0	0	
586	19	8	2	8	22	2	0	0	0	0	0	0	0	0	
587	39	10	6	6	22	0	0	0	0	0	0	0	0	0	
588	43	12	8	6	22	2	0	0	0	0	0	0	0	0	
589	43	10	0	6	22	2	0	0	0	0	0	0	0	0	
590	18	6	2	8	22	2	0	0	0	0	0	0	0	0	
591	18	4	2	8	22	2	0	0	0	0	0	0	0	0	
592	43	8	12	8	22	2	0	0	0	0	0	0	0	0	
593	43	0	10	6	22	2	0	0	0	0	0	0	0	0	
594	74	6	4	8	22	1	0	0	0	0	0	0	0	0	
595	43	0	8	8	22	2	0	0	0	0	0	0	0	0	
596	43	4	12	6	22	2	0	0	0	0	0	0	0	0	
597	39	6	6	8	22	0	0	0	0	0	0	0	0	0	
598	43	12	12	6	22	2	0	0	0	0	0	0	0	0	
599	43	12	8	8	22	2	0	0	0	0	0	0	0	0	
600	17	4	2	6	22	2	0	0	0	0	0	0	0	0	
601	42	0	6	14	20	0	0	0	0	0	0	0	0	0	
602	43	6	12	14	20	2	0	0	0	0	0	0	0	0	
603	42	12	6	14	20	0	0	0	0	0	0	0	0	0	
604	43	8	0	14	20	2	0	0	0	0	0	0	0	0	
605	43	0	8	14	20	2	0	0	0	0	0	0	0	0	
606	43	10	0	14	20	2	0	0	0	0	0	0	0	0	
607	43	0	10	14	20	2	0	0	0	0	0	0	0	0	
608	43	10	12	14	20	2	0	0	0	0	0	0	0	0	
609	43	12	10	14	20	2	0	0	0	0	0	0	0	0	
610	74	6	4	16	20	1	0	0	0	0	0	0	0	0	
611	39	8	6	18	20	0	0	0	0	0	0	0	0	0	
612	43	12	12	18	20	2	0	0	0	0	0	0	0	0	
613	32	18	20	-999	-999	2	0	0	0	0	0	0	0	0	
637	637	632	632	624	624	646	646	618	618	640	640	635	635	
637	637	632	632	624	624	646	646	618	618	640	640	635	635	
630	630	633	633	NULL	NULL	NULL	NULL	NULL	NULL	NULL	NULL	626	626	
630	630	633	633	NULL	NULL	NULL	NULL	NULL	NULL	NULL	NULL	626	626	
622	622	619	619	NULL	NULL	NULL	NULL	NULL	NULL	NULL	NULL	647	647	
622	622	619	619	NULL	NULL	NULL	NULL	NULL	NULL	NULL	NULL	647	647	
645	645	631	631	627	627	615	615	611	611	623	623	620	620	
645	645	631	631	627	627	615	615	611	611	623	623	620	620	
643	643	NULL	NULL	NULL	NULL	NULL	NULL	NULL	NULL	NULL	NULL	641	641	
643	643	NULL	NULL	NULL	NULL	NULL	NULL	NULL	NULL	NULL	NULL	641	641	
616	616	NULL	NULL	NULL	NULL	NULL	NULL	NULL	NULL	NULL	NULL	638	638	
616	616	NULL	NULL	NULL	NULL	NULL	NULL	NULL	NULL	NULL	NULL	638	638	
636	636	628	628	648	648	644	644	642	642	614	614	612	612	
636	636	628	628	648	648	644	644	642	642	614	614	612	612	
614	43	10	12	18	20	2	0	0	0	0	0	0	0	0	
615	39	6	6	18	20	0	0	0	0	0	0	0	0	0	
616	43	0	10	18	20	2	0	0	0	0	0	0	0	0	
617	39	10	6	16	20	0	0	0	0	0	0	0	0	0	
618	43	8	0	18	20	2	0	0	0	0	0	0	0	0	
619	74	2	4	18	20	1	0	0	0	0	0	0	0	0	
620	42	12	6	18	20	0	0	0	0	0	0	0	0	0	
621	39	8	6	16	20	0	0	0	0	0	0	0	0	0	
622	43	0	4	18	20	2	0	0	0	0	0	0	0	0	
623	39	10	6	18	20	0	0	0	0	0	0	0	0	0	
624	43	4	0	18	20	2	0	0	0	0	0	0	0	0	
625	39	6	6	16	20	0	0	0	0	0	0	0	0	0	
626	43	12	2	18	20	2	0	0	0	0	0	0	0	0	
627	39	4	6	18	20	0	0	0	0	0	0	0	0	0	
628	43	2	12	18	20	2	0	0	0	0	0	0	0	0	
629	39	4	6	16	20	0	0	0	0	0	0	0	0	0	
630	43	0	2	18	20	2	0	0	0	0	0	0	0	0	
631	39	2	6	18	20	0	0	0	0	0	0	0	0	0	
632	43	2	0	18	20	2	0	0	0	0	0	0	0	0	
633	18	2	2	18	20	2	0	0	0	0	0	0	0	0	
634	39	2	6	16	20	0	0	0	0	0	0	0	0	0	
635	43	12	0	18	20	2	0	0	0	0	0	0	0	0	
636	43	0	12	18	20	2	0	0	0	0	0	0	0	0	
637	43	0	0	18	20	2	0	0	0	0	0	0	0	0	
638	43	12	10	18	20	2	0	0	0	0	0	0	0	0	
639	39	8	6	4	22	0	0	0	0	0	0	0	0	0	
640	43	10	0	18	20	2	0	0	0	0	0	0	0	0	
641	43	12	8	18	20	2	0	0	0	0	0	0	0	0	
642	43	8	12	18	20	2	0	0	0	0	0	0	0	0	
643	43	0	8	18	20	2	0	0	0	0	0	0	0	0	
644	43	6	12	18	20	2	0	0	0	0	0	0	0	0	
645	42	0	6	18	20	0	0	0	0	0	0	0	0	0	
646	43	6	0	18	20	2	0	0	0	0	0	0	0	0	
647	43	12	4	18	20	2	0	0	0	0	0	0	0	0	
648	43	4	12	18	20	2	0	0	0	0	0	0	0	0	
649	74	2	4	14	20	1	0	0	0	0	0	0	0	0	
650	74	2	4	16	20	1	0	0	0	0	0	0	0	0	
651	43	0	12	16	20	2	0	0	0	0	0	0	0	0	
652	39	4	6	14	20	0	0	0	0	0	0	0	0	0	
653	43	12	8	16	20	2	0	0	0	0	0	0	0	0	
654	17	6	2	16	20	2	0	0	0	0	0	0	0	0	
655	43	8	12	16	20	2	0	0	0	0	0	0	0	0	
656	39	2	6	14	20	0	0	0	0	0	0	0	0	0	
657	43	6	0	16	20	2	0	0	0	0	0	0	0	0	
658	17	4	2	16	20	2	0	0	0	0	0	0	0	0	
659	43	12	4	16	20	2	0	0	0	0	0	0	0	0	
660	74	10	4	14	20	1	0	0	0	0	0	0	0	0	
661	43	0	2	16	20	2	0	0	0	0	0	0	0	0	
662	19	2	2	16	20	2	0	0	0	0	0	0	0	0	
663	43	2	0	16	20	2	0	0	0	0	0	0	0	0	
664	74	8	4	14	20	1	0	0	0	0	0	0	0	0	
665	32	16	20	-999	-999	2	0	0	0	0	0	0	0	0	
674	674	663	663	686	686	657	657	680	680	678	678	672	672	
674	674	663	663	686	686	657	657	680	680	678	678	672	672	
661	661	662	662	658	658	654	654	NULL	NULL	NULL	NULL	687	687	
661	661	662	662	658	658	654	654	NULL	NULL	NULL	NULL	687	687	
685	685	650	650	670	670	610	610	NULL	NULL	NULL	NULL	659	659	
685	685	650	650	670	670	610	610	NULL	NULL	NULL	NULL	659	659	
683	683	634	634	629	629	625	625	621	621	617	617	681	681	
683	683	634	634	629	629	625	625	621	621	617	617	681	681	
679	679	NULL	NULL	NULL	NULL	NULL	NULL	NULL	NULL	NULL	NULL	653	653	
679	679	NULL	NULL	NULL	NULL	NULL	NULL	NULL	NULL	NULL	NULL	653	653	
677	677	NULL	NULL	NULL	NULL	NULL	NULL	NULL	NULL	NULL	NULL	675	675	
677	677	NULL	NULL	NULL	NULL	NULL	NULL	NULL	NULL	NULL	NULL	675	675	
651	651	688	688	684	684	682	682	655	655	676	676	666	666	
651	651	688	688	684	684	682	682	655	655	676	676	666	666	
666	43	12	12	16	20	2	0	0	0	0	0	0	0	0	
667	39	10	6	14	20	0	0	0	0	0	0	0	0	0	
668	74	6	4	14	20	1	0	0	0	0	0	0	0	0	
669	39	8	6	14	20	0	0	0	0	0	0	0	0	0	
670	74	4	4	16	20	1	0	0	0	0	0	0	0	0	
671	39	6	6	14	20	0	0	0	0	0	0	0	0	0	
672	43	12	0	16	20	2	0	0	0	0	0	0	0	0	
673	74	4	4	14	20	1	0	0	0	0	0	0	0	0	
674	43	0	0	16	20	2	0	0	0	0	0	0	0	0	
675	43	12	10	16	20	2	0	0	0	0	0	0	0	0	
676	43	10	12	16	20	2	0	0	0	0	0	0	0	0	
677	43	0	10	16	20	2	0	0	0	0	0	0	0	0	
678	43	10	0	16	20	2	0	0	0	0	0	0	0	0	
679	43	0	8	16	20	2	0	0	0	0	0	0	0	0	
680	43	8	0	16	20	2	0	0	0	0	0	0	0	0	
681	42	12	6	16	20	0	0	0	0	0	0	0	0	0	
682	43	6	12	16	20	2	0	0	0	0	0	0	0	0	
683	42	0	6	16	20	0	0	0	0	0	0	0	0	0	
684	43	4	12	16	20	2	0	0	0	0	0	0	0	0	
685	43	0	4	16	20	2	0	0	0	0	0	0	0	0	
686	43	4	0	16	20	2	0	0	0	0	0	0	0	0	
687	43	12	2	16	20	2	0	0	0	0	0	0	0	0	
688	43	2	12	16	20	2	0	0	0	0	0	0	0	0	
689	74	2	4	12	20	1	0	0	0	0	0	0	0	0	
690	17	8	2	14	20	2	0	0	0	0	0	0	0	0	
691	43	0	12	14	20	2	0	0	0	0	0	0	0	0	
692	39	4	6	12	20	0	0	0	0	0	0	0	0	0	
693	43	12	8	14	20	2	0	0	0	0	0	0	0	0	
694	19	6	2	14	20	2	0	0	0	0	0	0	0	0	
695	43	8	12	14	20	2	0	0	0	0	0	0	0	0	
696	39	2	6	12	20	0	0	0	0	0	0	0	0	0	
697	43	6	0	14	20	2	0	0	0	0	0	0	0	0	
698	19	4	2	14	20	2	0	0	0	0	0	0	0	0	
699	43	12	4	14	20	2	0	0	0	0	0	0	0	0	
700	74	10	4	12	20	1	0	0	0	0	0	0	0	0	
701	43	0	2	14	20	2	0	0	0	0	0	0	0	0	
702	19	2	2	14	20	2	0	0	0	0	0	0	0	0	
703	43	2	0	14	20	2	0	0	0	0	0	0	0	0	
704	74	8	4	12	20	1	0	0	0	0	0	0	0	0	
705	32	14	20	-999	-999	2	0	0	0	0	0	0	0	0	
714	714	703	703	563	563	697	697	604	604	606	606	712	712	
714	714	703	703	563	563	697	697	604	604	606	606	712	712	
701	701	702	702	698	698	694	694	690	690	710	710	562	562	
701	701	702	702	698	698	694	694	690	690	710	710	562	562	
564	564	649	649	673	673	668	668	664	664	660	660	699	699	
564	564	649	649	673	673	668	668	664	664	660	660	699	699	
601	601	656	656	652	652	671	671	669	669	667	667	603	603	
601	601	656	656	652	652	671	671	669	669	667	667	603	603	
605	605	NULL	NULL	NULL	NULL	NULL	NULL	NULL	NULL	NULL	NULL	693	693	
605	605	NULL	NULL	NULL	NULL	NULL	NULL	NULL	NULL	NULL	NULL	693	693	
607	607	NULL	NULL	NULL	NULL	NULL	NULL	NULL	NULL	NULL	NULL	609	609	
607	607	NULL	NULL	NULL	NULL	NULL	NULL	NULL	NULL	NULL	NULL	609	609	
691	691	526	526	565	565	602	602	695	695	608	608	706	706	
691	691	526	526	565	565	602	602	695	695	608	608	706	706	
706	43	12	12	14	20	2	0	0	0	0	0	0	0	0	
707	39	10	6	12	20	0	0	0	0	0	0	0	0	0	
708	74	6	4	12	20	1	0	0	0	0	0	0	0	0	
709	39	8	6	12	20	0	0	0	0	0	0	0	0	0	
710	17	10	2	14	20	2	0	0	0	0	0	0	0	0	
711	39	6	6	12	20	0	0	0	0	0	0	0	0	0	
712	43	12	0	14	20	2	0	0	0	0	0	0	0	0	
713	74	4	4	12	20	1	0	0	0	0	0	0	0	0	
714	43	0	0	14	20	2	0	0	0	0	0	0	0	0	
715	39	10	6	14	18	0	0	0	0	0	0	0	0	0	
716	43	8	12	10	22	2	0	0	0	0	0	0	0	0	
717	74	6	4	16	18	1	0	0	0	0	0	0	0	0	
718	43	6	0	12	22	2	0	0	0	0	0	0	0	0	
719	43	2	12	12	22	2	0	0	0	0	0	0	0	0	
720	43	10	0	16	18	2	0	0	0	0	0	0	0	0	
721	43	0	2	12	22	2	0	0	0	0	0	0	0	0	
722	43	12	4	12	22	2	0	0	0	0	0	0	0	0	
723	43	2	0	12	22	2	0	0	0	0	0	0	0	0	
724	39	8	6	16	18	0	0	0	0	0	0	0	0	0	
725	39	2	6	16	18	0	0	0	0	0	0	0	0	0	
726	43	4	12	12	22	2	0	0	0	0	0	0	0	0	
727	42	0	6	16	18	0	0	0	0	0	0	0	0	0	
728	43	8	12	16	18	2	0	0	0	0	0	0	0	0	
729	74	10	4	16	18	1	0	0	0	0	0	0	0	0	
730	43	0	4	12	22	2	0	0	0	0	0	0	0	0	
731	43	4	12	16	18	2	0	0	0	0	0	0	0	0	
732	43	4	0	16	18	2	0	0	0	0	0	0	0	0	
733	43	2	0	16	18	2	0	0	0	0	0	0	0	0	
734	43	4	0	12	22	2	0	0	0	0	0	0	0	0	
735	43	0	12	16	18	2	0	0	0	0	0	0	0	0	
736	43	0	4	18	18	2	0	0	0	0	0	0	0	0	
737	43	0	0	16	18	2	0	0	0	0	0	0	0	0	
738	42	0	6	12	22	0	0	0	0	0	0	0	0	0	
739	43	12	10	16	18	2	0	0	0	0	0	0	0	0	
740	43	12	2	12	22	2	0	0	0	0	0	0	0	0	
741	43	10	12	16	18	2	0	0	0	0	0	0	0	0	
742	32	12	22	-999	-999	2	0	0	0	0	0	0	0	0	
765	765	723	723	734	734	718	718	768	768	752	752	763	763	
765	765	723	723	734	734	718	718	768	768	752	752	763	763	
721	721	778	778	761	761	759	759	776	776	775	775	740	740	
721	721	778	778	761	761	759	759	776	776	775	775	740	740	
730	730	757	757	774	774	755	755	753	753	751	751	722	722	
730	730	757	757	774	774	755	755	753	753	751	751	722	722	
738	738	772	772	766	766	762	762	758	758	754	754	773	773	
738	738	772	772	766	766	762	762	758	758	754	754	773	773	
764	764	NULL	NULL	NULL	NULL	NULL	NULL	NULL	NULL	NULL	NULL	756	756	
764	764	NULL	NULL	NULL	NULL	NULL	NULL	NULL	NULL	NULL	NULL	756	756	
771	771	NULL	NULL	NULL	NULL	NULL	NULL	NULL	NULL	NULL	NULL	767	767	
771	771	NULL	NULL	NULL	NULL	NULL	NULL	NULL	NULL	NULL	NULL	767	767	
745	745	719	719	726	726	749	749	760	760	769	769	777	777	
745	745	719	719	726	726	749	749	760	760	769	769	777	777	
743	43	6	12	16	18	2	0	0	0	0	0	0	0	0	
744	43	2	12	16	18	2	0	0	0	0	0	0	0	0	
745	43	0	12	12	22	2	0	0	0	0	0	0	0	0	
746	43	12	4	16	18	2	0	0	0	0	0	0	0	0	
747	39	10	6	16	18	0	0	0	0	0	0	0	0	0	
748	74	8	4	16	18	1	0	0	0	0	0	0	0	0	
749	43	6	12	12	22	2	0	0	0	0	0	0	0	0	
750	32	10	22	-999	-999	2	0	0	0	0	0	0	0	0	
548	548	770	770	794	794	801	801	807	807	812	812	559	559	
548	548	770	770	794	794	801	801	807	807	812	812	559	559	
779	779	558	558	530	530	553	553	818	818	554	554	798	798	
779	779	558	558	530	530	553	553	818	818	554	554	798	798	
790	790	1066	1066	1073	1073	1074	1074	1059	1059	1089	1089	782	782	
790	790	1066	1066	1073	1073	1074	1074	1059	1059	1089	1089	782	782	
799	799	549	549	544	544	1084	1084	1090	1090	1062	1062	795	795	
799	799	549	549	544	544	1084	1084	1090	1090	1062	1062	795	795	
793	793	NULL	NULL	NULL	NULL	NULL	NULL	NULL	NULL	NULL	NULL	808	808	
793	793	NULL	NULL	NULL	NULL	NULL	NULL	NULL	NULL	NULL	NULL	808	808	
1057	1057	NULL	NULL	NULL	NULL	NULL	NULL	NULL	NULL	NULL	NULL	817	817	
1057	1057	NULL	NULL	NULL	NULL	NULL	NULL	NULL	NULL	NULL	NULL	817	817	
540	540	803	803	786	786	797	797	716	716	541	541	534	534	
540	540	803	803	786	786	797	797	716	716	541	541	534	534	
751	74	10	4	12	22	1	0	0	0	0	0	0	0	0	
752	43	10	0	12	22	2	0	0	0	0	0	0	0	0	
753	74	8	4	12	22	1	0	0	0	0	0	0	0	0	
754	39	10	6	12	22	0	0	0	0	0	0	0	0	0	
755	74	6	4	12	22	1	0	0	0	0	0	0	0	0	
756	43	12	8	12	22	2	0	0	0	0	0	0	0	0	
757	74	2	4	12	22	1	0	0	0	0	0	0	0	0	
758	39	8	6	12	22	0	0	0	0	0	0	0	0	0	
759	18	6	2	12	22	2	0	0	0	0	0	0	0	0	
760	43	8	12	12	22	2	0	0	0	0	0	0	0	0	
761	17	4	2	12	22	2	0	0	0	0	0	0	0	0	
762	39	6	6	12	22	0	0	0	0	0	0	0	0	0	
763	43	12	0	12	22	2	0	0	0	0	0	0	0	0	
764	43	0	8	12	22	2	0	0	0	0	0	0	0	0	
765	43	0	0	12	22	2	0	0	0	0	0	0	0	0	
766	39	4	6	12	22	0	0	0	0	0	0	0	0	0	
767	43	12	10	12	22	2	0	0	0	0	0	0	0	0	
768	43	8	0	12	22	2	0	0	0	0	0	0	0	0	
769	43	10	12	12	22	2	0	0	0	0	0	0	0	0	
770	43	2	0	10	22	2	0	0	0	0	0	0	0	0	
771	43	0	10	12	22	2	0	0	0	0	0	0	0	0	
772	39	2	6	12	22	0	0	0	0	0	0	0	0	0	
773	42	12	6	12	22	0	0	0	0	0	0	0	0	0	
774	74	4	4	12	22	1	0	0	0	0	0	0	0	0	
775	17	10	2	12	22	2	0	0	0	0	0	0	0	0	
776	19	8	2	12	22	2	0	0	0	0	0	0	0	0	
777	43	12	12	12	22	2	0	0	0	0	0	0	0	0	
778	19	2	2	12	22	2	0	0	0	0	0	0	0	0	
779	43	0	2	10	22	2	0	0	0	0	0	0	0	0	
780	40	20	9	-999	-999	2	0	0	0	0	0	0	0	0	
781	40	12	13	-999	-999	2	0	0	0	0	0	0	0	0	
782	43	12	4	10	22	2	0	0	0	0	0	0	0	0	
783	40	10	13	-999	-999	2	0	0	0	0	0	0	0	0	
784	40	18	9	-999	-999	2	0	0	0	0	0	0	0	0	
785	40	8	13	-999	-999	2	0	0	0	0	0	0	0	0	
786	43	4	12	10	22	2	0	0	0	0	0	0	0	0	
787	40	8	9	-999	-999	2	0	0	0	0	0	0	0	0	
788	40	16	9	-999	-999	2	0	0	0	0	0	0	0	0	
789	40	2	9	-999	-999	2	0	0	0	0	0	0	0	0	
790	43	0	4	10	22	2	0	0	0	0	0	0	0	0	
791	40	0	9	-999	-999	2	0	0	0	0	0	0	0	0	
792	40	14	9	-999	-999	2	0	0	0	0	0	0	0	0	
793	43	0	8	10	22	2	0	0	0	0	0	0	0	0	
794	43	4	0	10	22	2	0	0	0	0	0	0	0	0	
795	42	12	6	10	22	0	0	0	0	0	0	0	0	0	
796	40	14	11	-999	-999	2	0	0	0	0	0	0	0	0	
797	43	6	12	10	22	2	0	0	0	0	0	0	0	0	
798	43	12	2	10	22	2	0	0	0	0	0	0	0	0	
799	42	0	6	10	22	0	0	0	0	0	0	0	0	0	
800	40	22	9	-999	-999	2	0	0	0	0	0	0	0	0	
801	43	6	0	10	22	2	0	0	0	0	0	0	0	0	
802	40	14	13	-999	-999	2	0	0	0	0	0	0	0	0	
803	43	2	12	10	22	2	0	0	0	0	0	0	0	0	
804	40	8	11	-999	-999	2	0	0	0	0	0	0	0	0	
805	40	6	9	-999	-999	2	0	0	0	0	0	0	0	0	
806	40	4	9	-999	-999	2	0	0	0	0	0	0	0	0	
807	43	8	0	10	22	2	0	0	0	0	0	0	0	0	
808	43	12	8	10	22	2	0	0	0	0	0	0	0	0	
809	18	10	2	6	22	2	0	0	0	0	0	0	0	0	
810	18	8	2	6	22	2	0	0	0	0	0	0	0	0	
811	17	6	2	6	22	2	0	0	0	0	0	0	0	0	
812	43	10	0	10	22	2	0	0	0	0	0	0	0	0	
813	43	6	12	8	22	2	0	0	0	0	0	0	0	0	
814	39	6	6	6	22	0	0	0	0	0	0	0	0	0	
815	43	4	12	8	22	2	0	0	0	0	0	0	0	0	
816	43	0	0	6	22	2	0	0	0	0	0	0	0	0	
817	43	12	10	10	22	2	0	0	0	0	0	0	0	0	
818	19	8	2	10	22	2	0	0	0	0	0	0	0	0	
819	43	0	2	0	6	2	0	0	0	0	0	0	0	0	
820	4	8	5	0	0	2	1	2	1	0	0	0	0	0	
821	4	8	7	0	6	2	2	2	1	0	0	0	0	0	
822	43	12	4	0	6	2	0	0	0	0	0	0	0	0	
823	0	4	7	0	6	2	4	2	1	0	0	0	0	0	
824	0	4	5	0	0	2	5	2	1	0	0	0	0	0	
825	2	8	5	0	6	2	1	2	1	0	0	0	0	0	
826	43	4	12	0	6	2	0	0	0	0	0	0	0	0	
827	43	0	0	0	6	2	0	0	0	0	0	0	0	0	
828	32	0	0	-999	-999	2	0	0	0	0	0	0	0	0	
849	849	829	829	833	833	837	837	841	841	845	845	851	851	
849	849	829	829	833	833	837	837	841	841	845	845	851	851	
830	830	NULL	NULL	NULL	NULL	NULL	NULL	NULL	NULL	NULL	NULL	832	832	
830	830	NULL	NULL	NULL	NULL	NULL	NULL	NULL	NULL	NULL	NULL	832	832	
834	834	NULL	NULL	NULL	NULL	853	853	NULL	NULL	NULL	NULL	836	836	
834	834	NULL	NULL	824	824	853	853	820	820	NULL	NULL	836	836	
838	838	NULL	NULL	824	824	298	298	820	820	NULL	NULL	840	840	
838	838	NULL	NULL	525	525	298	298	308	308	NULL	NULL	840	840	
842	842	NULL	NULL	525	525	247	247	308	308	NULL	NULL	844	844	
842	842	NULL	NULL	NULL	NULL	247	247	NULL	NULL	NULL	NULL	844	844	
846	846	NULL	NULL	NULL	NULL	NULL	NULL	NULL	NULL	NULL	NULL	848	848	
846	846	NULL	NULL	NULL	NULL	NULL	NULL	NULL	NULL	NULL	NULL	848	848	
850	850	831	831	835	835	839	839	843	843	847	847	852	852	
850	850	831	831	835	835	839	839	843	843	847	847	852	852	
829	43	2	0	0	0	2	0	0	0	0	0	0	0	0	
830	43	0	2	0	0	2	0	0	0	0	0	0	0	0	
831	43	2	12	0	0	2	0	0	0	0	0	0	0	0	
832	43	12	2	0	0	2	0	0	0	0	0	0	0	0	
833	43	4	0	0	0	2	0	0	0	0	0	0	0	0	
834	43	0	4	0	0	2	0	0	0	0	0	0	0	0	
835	43	4	12	0	0	2	0	0	0	0	0	0	0	0	
836	43	12	4	0	0	2	0	0	0	0	0	0	0	0	
837	43	6	0	0	0	2	0	0	0	0	0	0	0	0	
838	43	0	6	0	0	2	0	0	0	0	0	0	0	0	
839	43	6	12	0	0	2	0	0	0	0	0	0	0	0	
840	43	12	6	0	0	2	0	0	0	0	0	0	0	0	
841	43	8	0	0	0	2	0	0	0	0	0	0	0	0	
842	43	0	8	0	0	2	0	0	0	0	0	0	0	0	
843	43	8	12	0	0	2	0	0	0	0	0	0	0	0	
844	43	12	8	0	0	2	0	0	0	0	0	0	0	0	
845	43	10	0	0	0	2	0	0	0	0	0	0	0	0	
846	43	0	10	0	0	2	0	0	0	0	0	0	0	0	
847	43	10	12	0	0	2	0	0	0	0	0	0	0	0	
848	43	12	10	0	0	2	0	0	0	0	0	0	0	0	
849	43	0	0	0	0	2	0	0	0	0	0	0	0	0	
850	43	0	12	0	0	2	0	0	0	0	0	0	0	0	
851	43	12	0	0	0	2	0	0	0	0	0	0	0	0	
852	43	12	12	0	0	2	0	0	0	0	0	0	0	0	
853	2	6	4	0	0	2	0	2	1	0	0	0	0	0	
854	19	10	2	20	22	2	0	0	0	0	0	0	0	0	
855	19	8	2	20	22	2	0	0	0	0	0	0	0	0	
856	17	6	2	20	22	2	0	0	0	0	0	0	0	0	
857	17	4	2	20	22	2	0	0	0	0	0	0	0	0	
858	19	2	2	20	22	2	0	0	0	0	0	0	0	0	
859	32	18	22	-999	-999	2	0	0	0	0	0	0	0	0	
880	880	860	860	864	864	868	868	872	872	876	876	882	882	
880	880	860	860	864	864	868	868	872	872	876	876	882	882	
861	861	898	898	897	897	896	896	895	895	894	894	863	863	
861	861	898	898	897	897	896	896	895	895	894	894	863	863	
865	865	884	884	885	885	886	886	887	887	888	888	867	867	
865	865	884	884	885	885	886	886	887	887	888	888	867	867	
869	869	889	889	890	890	891	891	892	892	893	893	871	871	
869	869	889	889	890	890	891	891	892	892	893	893	871	871	
873	873	NULL	NULL	NULL	NULL	NULL	NULL	NULL	NULL	NULL	NULL	875	875	
873	873	NULL	NULL	NULL	NULL	NULL	NULL	NULL	NULL	NULL	NULL	875	875	
877	877	NULL	NULL	NULL	NULL	NULL	NULL	NULL	NULL	NULL	NULL	879	879	
877	877	NULL	NULL	NULL	NULL	NULL	NULL	NULL	NULL	NULL	NULL	879	879	
881	881	862	862	866	866	870	870	874	874	878	878	883	883	
881	881	862	862	866	866	870	870	874	874	878	878	883	883	
860	43	2	0	18	22	2	0	0	0	0	0	0	0	0	
861	43	0	2	18	22	2	0	0	0	0	0	0	0	0	
862	43	2	12	18	22	2	0	0	0	0	0	0	0	0	
863	43	12	2	18	22	2	0	0	0	0	0	0	0	0	
864	43	4	0	18	22	2	0	0	0	0	0	0	0	0	
865	43	0	4	18	22	2	0	0	0	0	0	0	0	0	
866	43	4	12	18	22	2	0	0	0	0	0	0	0	0	
867	43	12	4	18	22	2	0	0	0	0	0	0	0	0	
868	43	6	0	18	22	2	0	0	0	0	0	0	0	0	
869	42	0	6	18	22	0	0	0	0	0	0	0	0	0	
870	43	6	12	18	22	2	0	0	0	0	0	0	0	0	
871	42	12	6	18	22	0	0	0	0	0	0	0	0	0	
872	43	8	0	18	22	2	0	0	0	0	0	0	0	0	
873	43	0	8	18	22	2	0	0	0	0	0	0	0	0	
874	43	8	12	18	22	2	0	0	0	0	0	0	0	0	
875	43	12	8	18	22	2	0	0	0	0	0	0	0	0	
876	43	10	0	18	22	2	0	0	0	0	0	0	0	0	
877	43	0	10	18	22	2	0	0	0	0	0	0	0	0	
878	43	10	12	18	22	2	0	0	0	0	0	0	0	0	
879	43	12	10	18	22	2	0	0	0	0	0	0	0	0	
880	43	0	0	18	22	2	0	0	0	0	0	0	0	0	
881	43	0	12	18	22	2	0	0	0	0	0	0	0	0	
882	43	12	0	18	22	2	0	0	0	0	0	0	0	0	
883	43	12	12	18	22	2	0	0	0	0	0	0	0	0	
884	74	2	4	18	22	1	0	0	0	0	0	0	0	0	
885	74	4	4	18	22	1	0	0	0	0	0	0	0	0	
886	74	6	4	18	22	1	0	0	0	0	0	0	0	0	
887	74	8	4	18	22	1	0	0	0	0	0	0	0	0	
888	74	10	4	18	22	1	0	0	0	0	0	0	0	0	
889	39	2	6	18	22	0	0	0	0	0	0	0	0	0	
890	39	4	6	18	22	0	0	0	0	0	0	0	0	0	
891	39	6	6	18	22	0	0	0	0	0	0	0	0	0	
892	39	8	6	18	22	0	0	0	0	0	0	0	0	0	
893	39	10	6	18	22	0	0	0	0	0	0	0	0	0	
894	19	10	2	18	22	2	0	0	0	0	0	0	0	0	
895	18	8	2	18	22	2	0	0	0	0	0	0	0	0	
896	18	6	2	18	22	2	0	0	0	0	0	0	0	0	
897	17	4	2	18	22	2	0	0	0	0	0	0	0	0	
898	17	2	2	18	22	2	0	0	0	0	0	0	0	0	
899	32	16	22	-999	-999	2	0	0	0	0	0	0	0	0	
920	920	900	900	904	904	908	908	912	912	916	916	922	922	
920	920	900	900	904	904	908	908	912	912	916	916	922	922	
901	901	NULL	NULL	937	937	936	936	935	935	934	934	903	903	
901	901	NULL	NULL	937	937	936	936	935	935	934	934	903	903	
905	905	NULL	NULL	925	925	926	926	927	927	928	928	907	907	
905	905	NULL	NULL	925	925	926	926	927	927	928	928	907	907	
909	909	929	929	930	930	931	931	932	932	933	933	911	911	
909	909	929	929	930	930	931	931	932	932	933	933	911	911	
913	913	NULL	NULL	NULL	NULL	NULL	NULL	NULL	NULL	NULL	NULL	915	915	
913	913	NULL	NULL	NULL	NULL	NULL	NULL	NULL	NULL	NULL	NULL	915	915	
917	917	NULL	NULL	NULL	NULL	NULL	NULL	NULL	NULL	NULL	NULL	919	919	
917	917	NULL	NULL	NULL	NULL	NULL	NULL	NULL	NULL	NULL	NULL	919	919	
921	921	902	902	906	906	910	910	914	914	918	918	923	923	
921	921	902	902	906	906	910	910	914	914	918	918	923	923	
900	43	2	0	16	22	2	0	0	0	0	0	0	0	0	
901	43	0	2	16	22	2	0	0	0	0	0	0	0	0	
902	43	2	12	16	22	2	0	0	0	0	0	0	0	0	
903	43	12	2	16	22	2	0	0	0	0	0	0	0	0	
904	43	4	0	16	22	2	0	0	0	0	0	0	0	0	
905	43	0	4	16	22	2	0	0	0	0	0	0	0	0	
906	43	4	12	16	22	2	0	0	0	0	0	0	0	0	
907	43	12	4	16	22	2	0	0	0	0	0	0	0	0	
908	43	6	0	16	22	2	0	0	0	0	0	0	0	0	
909	42	0	6	16	22	0	0	0	0	0	0	0	0	0	
910	43	6	12	16	22	2	0	0	0	0	0	0	0	0	
911	42	12	6	16	22	0	0	0	0	0	0	0	0	0	
912	43	8	0	16	22	2	0	0	0	0	0	0	0	0	
913	43	0	8	16	22	2	0	0	0	0	0	0	0	0	
914	43	8	12	16	22	2	0	0	0	0	0	0	0	0	
915	43	12	8	16	22	2	0	0	0	0	0	0	0	0	
916	43	10	0	16	22	2	0	0	0	0	0	0	0	0	
917	43	0	10	16	22	2	0	0	0	0	0	0	0	0	
918	43	10	12	16	22	2	0	0	0	0	0	0	0	0	
919	43	12	10	16	22	2	0	0	0	0	0	0	0	0	
920	43	0	0	16	22	2	0	0	0	0	0	0	0	0	
921	43	0	12	16	22	2	0	0	0	0	0	0	0	0	
922	43	12	0	16	22	2	0	0	0	0	0	0	0	0	
923	43	12	12	16	22	2	0	0	0	0	0	0	0	0	
924	43	12	0	4	20	2	0	0	0	0	0	0	0	0	
925	74	4	4	16	22	1	0	0	0	0	0	0	0	0	
926	74	6	4	16	22	1	0	0	0	0	0	0	0	0	
927	74	8	4	16	22	1	0	0	0	0	0	0	0	0	
928	74	10	4	16	22	1	0	0	0	0	0	0	0	0	
929	39	2	6	16	22	0	0	0	0	0	0	0	0	0	
930	39	4	6	16	22	0	0	0	0	0	0	0	0	0	
931	39	6	6	16	22	0	0	0	0	0	0	0	0	0	
932	39	8	6	16	22	0	0	0	0	0	0	0	0	0	
933	39	10	6	16	22	0	0	0	0	0	0	0	0	0	
934	19	10	2	16	22	2	0	0	0	0	0	0	0	0	
935	18	8	2	16	22	2	0	0	0	0	0	0	0	0	
936	18	6	2	16	22	2	0	0	0	0	0	0	0	0	
937	17	4	2	16	22	2	0	0	0	0	0	0	0	0	
938	43	10	12	8	22	2	0	0	0	0	0	0	0	0	
939	43	12	4	4	20	2	0	0	0	0	0	0	0	0	
940	43	4	0	4	20	2	0	0	0	0	0	0	0	0	
941	42	0	6	4	20	0	0	0	0	0	0	0	0	0	
942	42	12	6	4	20	0	0	0	0	0	0	0	0	0	
943	43	0	10	4	20	2	0	0	0	0	0	0	0	0	
944	43	12	8	4	22	2	0	0	0	0	0	0	0	0	
945	37	2	20	-999	-999	2	0	0	0	0	0	0	0	0	
946	43	6	12	4	20	2	0	0	0	0	0	0	0	0	
947	43	0	12	4	20	2	0	0	0	0	0	0	0	0	
948	43	8	0	4	20	2	0	0	0	0	0	0	0	0	
949	43	4	12	4	20	2	0	0	0	0	0	0	0	0	
950	43	12	10	4	22	2	0	0	0	0	0	0	0	0	
951	43	6	0	4	20	2	0	0	0	0	0	0	0	0	
952	43	2	12	4	20	2	0	0	0	0	0	0	0	0	
953	43	10	0	4	22	2	0	0	0	0	0	0	0	0	
954	43	8	12	4	20	2	0	0	0	0	0	0	0	0	
955	43	0	0	4	22	2	0	0	0	0	0	0	0	0	
956	43	10	12	4	22	2	0	0	0	0	0	0	0	0	
957	17	6	2	4	20	2	0	0	0	0	0	0	0	0	
958	19	8	2	4	20	2	0	0	0	0	0	0	0	0	
959	43	0	4	4	20	2	0	0	0	0	0	0	0	0	
960	43	0	2	4	20	2	0	0	0	0	0	0	0	0	
961	43	12	2	4	20	2	0	0	0	0	0	0	0	0	
962	43	0	0	4	20	2	0	0	0	0	0	0	0	0	
963	43	10	12	4	20	2	0	0	0	0	0	0	0	0	
964	43	12	12	4	22	2	0	0	0	0	0	0	0	0	
965	43	12	8	4	20	2	0	0	0	0	0	0	0	0	
966	32	4	20	-999	-999	2	0	0	0	0	0	0	0	0	
962	962	1054	1054	940	940	951	951	948	948	973	973	924	924	
962	962	1054	1054	940	940	951	951	948	948	973	973	924	924	
960	960	988	988	979	979	957	957	958	958	970	970	961	961	
960	960	988	988	979	979	957	957	958	958	970	970	961	961	
959	959	1006	1006	990	990	985	985	991	991	1003	1003	939	939	
959	959	1006	1006	990	990	985	985	991	991	1003	1003	939	939	
941	941	980	980	1007	1007	1002	1002	999	999	1052	1052	942	942	
941	941	980	980	1007	1007	1002	1002	999	999	1052	1052	942	942	
1053	1053	NULL	NULL	NULL	NULL	NULL	NULL	NULL	NULL	NULL	NULL	965	965	
1053	1053	NULL	NULL	NULL	NULL	NULL	NULL	NULL	NULL	NULL	NULL	965	965	
943	943	NULL	NULL	NULL	NULL	NULL	NULL	NULL	NULL	NULL	NULL	1055	1055	
943	943	NULL	NULL	NULL	NULL	NULL	NULL	NULL	NULL	NULL	NULL	1055	1055	
947	947	952	952	949	949	946	946	954	954	963	963	969	969	
947	947	952	952	949	949	946	946	954	954	963	963	969	969	
967	39	6	6	4	22	0	0	0	0	0	0	0	0	0	
968	43	0	10	4	22	2	0	0	0	0	0	0	0	0	
969	43	12	12	4	20	2	0	0	0	0	0	0	0	0	
970	19	10	2	4	20	2	0	0	0	0	0	0	0	0	
971	43	0	12	4	22	2	0	0	0	0	0	0	0	0	
972	37	2	22	-999	-999	2	0	0	0	0	0	0	0	0	
973	43	10	0	4	20	2	0	0	0	0	0	0	0	0	
974	43	12	4	6	20	2	0	0	0	0	0	0	0	0	
975	43	4	0	6	20	2	0	0	0	0	0	0	0	0	
976	42	0	6	6	20	0	0	0	0	0	0	0	0	0	
977	42	12	6	6	20	0	0	0	0	0	0	0	0	0	
978	43	0	10	6	20	2	0	0	0	0	0	0	0	0	
979	19	4	2	4	20	2	0	0	0	0	0	0	0	0	
980	39	2	6	4	20	0	0	0	0	0	0	0	0	0	
981	43	6	12	6	20	2	0	0	0	0	0	0	0	0	
982	43	0	12	6	20	2	0	0	0	0	0	0	0	0	
983	43	8	0	6	20	2	0	0	0	0	0	0	0	0	
984	43	4	12	6	20	2	0	0	0	0	0	0	0	0	
985	74	6	4	4	20	1	0	0	0	0	0	0	0	0	
986	43	6	0	6	20	2	0	0	0	0	0	0	0	0	
987	43	2	12	6	20	2	0	0	0	0	0	0	0	0	
988	17	2	2	4	20	2	0	0	0	0	0	0	0	0	
989	43	8	12	6	20	2	0	0	0	0	0	0	0	0	
990	74	4	4	4	20	1	0	0	0	0	0	0	0	0	
991	74	8	4	4	20	1	0	0	0	0	0	0	0	0	
992	19	6	2	6	20	2	0	0	0	0	0	0	0	0	
993	17	8	2	6	20	2	0	0	0	0	0	0	0	0	
994	43	0	4	6	20	2	0	0	0	0	0	0	0	0	
995	43	0	2	6	20	2	0	0	0	0	0	0	0	0	
996	43	12	2	6	20	2	0	0	0	0	0	0	0	0	
997	43	0	0	6	20	2	0	0	0	0	0	0	0	0	
998	43	10	12	6	20	2	0	0	0	0	0	0	0	0	
999	39	8	6	4	20	0	0	0	0	0	0	0	0	0	
1000	43	12	8	6	20	2	0	0	0	0	0	0	0	0	
1001	32	6	20	-999	-999	2	0	0	0	0	0	0	0	0	
997	997	1049	1049	975	975	986	986	983	983	1008	1008	1051	1051	
997	997	1049	1049	975	975	986	986	983	983	1008	1008	1051	1051	
995	995	1023	1023	1014	1014	992	992	993	993	1005	1005	996	996	
995	995	1023	1023	1014	1014	992	992	993	993	1005	1005	996	996	
994	994	1041	1041	1025	1025	1020	1020	1026	1026	1038	1038	974	974	
994	994	1041	1041	1025	1025	1020	1020	1026	1026	1038	1038	974	974	
976	976	1015	1015	1042	1042	1037	1037	1034	1034	1047	1047	977	977	
976	976	1015	1015	1042	1042	1037	1037	1034	1034	1047	1047	977	977	
1048	1048	NULL	NULL	NULL	NULL	NULL	NULL	NULL	NULL	NULL	NULL	1000	1000	
1048	1048	NULL	NULL	NULL	NULL	NULL	NULL	NULL	NULL	NULL	NULL	1000	1000	
978	978	NULL	NULL	NULL	NULL	NULL	NULL	NULL	NULL	NULL	NULL	1050	1050	
978	978	NULL	NULL	NULL	NULL	NULL	NULL	NULL	NULL	NULL	NULL	1050	1050	
982	982	987	987	984	984	981	981	989	989	998	998	1004	1004	
982	982	987	987	984	984	981	981	989	989	998	998	1004	1004	
1002	39	6	6	4	20	0	0	0	0	0	0	0	0	0	
1003	74	10	4	4	20	1	0	0	0	0	0	0	0	0	
1004	43	12	12	6	20	2	0	0	0	0	0	0	0	0	
1005	17	10	2	6	20	2	0	0	0	0	0	0	0	0	
1006	74	2	4	4	20	1	0	0	0	0	0	0	0	0	
1007	39	4	6	4	20	0	0	0	0	0	0	0	0	0	
1008	43	10	0	6	20	2	0	0	0	0	0	0	0	0	
1009	43	12	4	8	20	2	0	0	0	0	0	0	0	0	
1010	42	0	6	8	20	0	0	0	0	0	0	0	0	0	
1011	43	6	12	8	20	2	0	0	0	0	0	0	0	0	
1012	43	6	0	8	20	2	0	0	0	0	0	0	0	0	
1013	43	12	10	8	20	2	0	0	0	0	0	0	0	0	
1014	19	4	2	6	20	2	0	0	0	0	0	0	0	0	
1015	39	2	6	6	20	0	0	0	0	0	0	0	0	0	
1016	42	12	6	8	20	0	0	0	0	0	0	0	0	0	
1017	43	12	12	8	20	2	0	0	0	0	0	0	0	0	
1018	43	0	2	8	20	2	0	0	0	0	0	0	0	0	
1019	39	2	6	4	22	0	0	0	0	0	0	0	0	0	
1020	74	6	4	6	20	1	0	0	0	0	0	0	0	0	
1021	43	0	4	8	20	2	0	0	0	0	0	0	0	0	
1022	43	2	0	8	20	2	0	0	0	0	0	0	0	0	
1023	19	2	2	6	20	2	0	0	0	0	0	0	0	0	
1024	43	8	12	8	20	2	0	0	0	0	0	0	0	0	
1025	74	4	4	6	20	1	0	0	0	0	0	0	0	0	
1026	74	8	4	6	20	1	0	0	0	0	0	0	0	0	
1027	17	6	2	8	20	2	0	0	0	0	0	0	0	0	
1028	43	0	12	8	20	2	0	0	0	0	0	0	0	0	
1029	43	8	0	8	20	2	0	0	0	0	0	0	0	0	
1030	43	10	12	8	20	2	0	0	0	0	0	0	0	0	
1031	43	10	0	8	20	2	0	0	0	0	0	0	0	0	
1032	43	12	0	8	20	2	0	0	0	0	0	0	0	0	
1033	43	12	2	8	20	2	0	0	0	0	0	0	0	0	
1034	39	8	6	6	20	0	0	0	0	0	0	0	0	0	
1035	43	4	0	8	20	2	0	0	0	0	0	0	0	0	
1036	32	8	20	-999	-999	2	0	0	0	0	0	0	0	0	
1040	1040	1022	1022	1035	1035	1012	1012	1029	1029	1031	1031	1032	1032	
1040	1040	1022	1022	1035	1035	1012	1012	1029	1029	1031	1031	1032	1032	
1018	1018	1152	1152	1180	1180	1027	1027	NULL	NULL	NULL	NULL	1033	1033	
1018	1018	1152	1152	1180	1180	1027	1027	NULL	NULL	NULL	NULL	1033	1033	
1021	1021	1181	1181	1160	1160	1143	1143	NULL	NULL	NULL	NULL	1009	1009	
1021	1021	1181	1181	1160	1160	1143	1143	NULL	NULL	NULL	NULL	1009	1009	
1010	1010	1147	1147	1139	1139	1156	1156	1203	1203	1199	1199	1016	1016	
1010	1010	1147	1147	1139	1139	1156	1156	1203	1203	1199	1199	1016	1016	
1045	1045	NULL	NULL	NULL	NULL	NULL	NULL	NULL	NULL	NULL	NULL	1043	1043	
1045	1045	NULL	NULL	NULL	NULL	NULL	NULL	NULL	NULL	NULL	NULL	1043	1043	
1039	1039	NULL	NULL	NULL	NULL	NULL	NULL	NULL	NULL	NULL	NULL	1013	1013	
1039	1039	NULL	NULL	NULL	NULL	NULL	NULL	NULL	NULL	NULL	NULL	1013	1013	
1028	1028	1046	1046	1044	1044	1011	1011	1024	1024	1030	1030	1017	1017	
1028	1028	1046	1046	1044	1044	1011	1011	1024	1024	1030	1030	1017	1017	
1037	39	6	6	6	20	0	0	0	0	0	0	0	0	0	
1038	74	10	4	6	20	1	0	0	0	0	0	0	0	0	
1039	43	0	10	8	20	2	0	0	0	0	0	0	0	0	
1040	43	0	0	8	20	2	0	0	0	0	0	0	0	0	
1041	74	2	4	6	20	1	0	0	0	0	0	0	0	0	
1042	39	4	6	6	20	0	0	0	0	0	0	0	0	0	
1043	43	12	8	8	20	2	0	0	0	0	0	0	0	0	
1044	43	4	12	8	20	2	0	0	0	0	0	0	0	0	
1045	43	0	8	8	20	2	0	0	0	0	0	0	0	0	
1046	43	2	12	8	20	2	0	0	0	0	0	0	0	0	
1047	39	10	6	6	20	0	0	0	0	0	0	0	0	0	
1048	43	0	8	6	20	2	0	0	0	0	0	0	0	0	
1049	43	2	0	6	20	2	0	0	0	0	0	0	0	0	
1050	43	12	10	6	20	2	0	0	0	0	0	0	0	0	
1051	43	12	0	6	20	2	0	0	0	0	0	0	0	0	
1052	39	10	6	4	20	0	0	0	0	0	0	0	0	0	
1053	43	0	8	4	20	2	0	0	0	0	0	0	0	0	
1054	43	2	0	4	20	2	0	0	0	0	0	0	0	0	
1055	43	12	10	4	20	2	0	0	0	0	0	0	0	0	
1056	43	12	0	4	22	2	0	0	0	0	0	0	0	0	
1057	43	0	10	10	22	2	0	0	0	0	0	0	0	0	
1058	43	6	12	6	22	2	0	0	0	0	0	0	0	0	
1059	74	8	4	10	22	1	0	0	0	0	0	0	0	0	
1060	43	4	12	4	22	2	0	0	0	0	0	0	0	0	
1061	43	2	12	4	22	2	0	0	0	0	0	0	0	0	
1062	39	10	6	10	22	0	0	0	0	0	0	0	0	0	
1063	32	4	22	-999	-999	2	0	0	0	0	0	0	0	0	
955	955	1072	1072	1093	1093	1095	1095	1079	1079	953	953	1056	1056	
955	955	1072	1072	1093	1093	1095	1095	1079	1079	953	953	1056	1056	
1071	1071	NULL	NULL	NULL	NULL	NULL	NULL	NULL	NULL	1077	1077	1092	1092	
1071	1071	NULL	NULL	NULL	NULL	NULL	NULL	NULL	NULL	1077	1077	1092	1092	
1068	1068	NULL	NULL	NULL	NULL	NULL	NULL	NULL	NULL	1150	1150	1065	1065	
1068	1068	NULL	NULL	NULL	NULL	NULL	NULL	NULL	NULL	1150	1150	1065	1065	
1070	1070	1019	1019	527	527	967	967	639	639	1094	1094	1067	1067	
1070	1070	1019	1019	527	527	967	967	639	639	1094	1094	1067	1067	
1082	1082	NULL	NULL	NULL	NULL	NULL	NULL	NULL	NULL	NULL	NULL	944	944	
1082	1082	NULL	NULL	NULL	NULL	NULL	NULL	NULL	NULL	NULL	NULL	944	944	
968	968	NULL	NULL	NULL	NULL	NULL	NULL	NULL	NULL	NULL	NULL	950	950	
968	968	NULL	NULL	NULL	NULL	NULL	NULL	NULL	NULL	NULL	NULL	950	950	
971	971	1061	1061	1060	1060	1078	1078	1080	1080	956	956	964	964	
971	971	1061	1061	1060	1060	1078	1078	1080	1080	956	956	964	964	
1064	32	6	22	-999	-999	2	0	0	0	0	0	0	0	0	
816	816	1075	1075	1069	1069	569	569	571	571	589	589	577	577	
816	816	1075	1075	1069	1069	569	569	571	571	589	589	577	577	
1088	1088	NULL	NULL	600	600	811	811	810	810	809	809	1091	1091	
1088	1088	NULL	NULL	600	600	811	811	810	810	809	809	1091	1091	
580	580	NULL	NULL	539	539	576	576	572	572	529	529	561	561	
580	580	NULL	NULL	539	539	576	576	572	572	529	529	561	561	
1081	1081	560	560	537	537	814	814	551	551	587	587	566	566	
1081	1081	560	560	537	537	814	814	551	551	587	587	566	566	
543	543	NULL	NULL	NULL	NULL	NULL	NULL	NULL	NULL	NULL	NULL	588	588	
543	543	NULL	NULL	NULL	NULL	NULL	NULL	NULL	NULL	NULL	NULL	588	588	
593	593	NULL	NULL	NULL	NULL	NULL	NULL	NULL	NULL	NULL	NULL	528	528	
593	593	NULL	NULL	NULL	NULL	NULL	NULL	NULL	NULL	NULL	NULL	528	528	
567	567	1086	1086	596	596	1058	1058	538	538	583	583	598	598	
567	567	1086	1086	596	596	1058	1058	538	538	583	583	598	598	
1065	43	12	4	4	22	2	0	0	0	0	0	0	0	0	
1066	74	2	4	10	22	1	0	0	0	0	0	0	0	0	
1067	42	12	6	4	22	0	0	0	0	0	0	0	0	0	
1068	43	0	4	4	22	2	0	0	0	0	0	0	0	0	
1069	43	4	0	6	22	2	0	0	0	0	0	0	0	0	
1070	42	0	6	4	22	0	0	0	0	0	0	0	0	0	
1071	43	0	2	4	22	2	0	0	0	0	0	0	0	0	
1072	43	2	0	4	22	2	0	0	0	0	0	0	0	0	
1073	74	4	4	10	22	1	0	0	0	0	0	0	0	0	
1074	74	6	4	10	22	1	0	0	0	0	0	0	0	0	
1075	43	2	0	6	22	2	0	0	0	0	0	0	0	0	
1076	43	12	2	8	22	2	0	0	0	0	0	0	0	0	
1077	18	10	2	4	22	2	0	0	0	0	0	0	0	0	
1078	43	6	12	4	22	2	0	0	0	0	0	0	0	0	
1079	43	8	0	4	22	2	0	0	0	0	0	0	0	0	
1080	43	8	12	4	22	2	0	0	0	0	0	0	0	0	
1081	42	0	6	6	22	0	0	0	0	0	0	0	0	0	
1082	43	0	8	4	22	2	0	0	0	0	0	0	0	0	
1083	43	2	12	8	22	2	0	0	0	0	0	0	0	0	
1084	39	6	6	10	22	0	0	0	0	0	0	0	0	0	
1085	39	10	6	8	22	0	0	0	0	0	0	0	0	0	
1086	43	2	12	6	22	2	0	0	0	0	0	0	0	0	
1087	43	0	2	8	22	2	0	0	0	0	0	0	0	0	
1088	43	0	2	6	22	2	0	0	0	0	0	0	0	0	
1089	74	10	4	10	22	1	0	0	0	0	0	0	0	0	
1090	39	8	6	10	22	0	0	0	0	0	0	0	0	0	
1091	43	12	2	6	22	2	0	0	0	0	0	0	0	0	
1092	43	12	2	4	22	2	0	0	0	0	0	0	0	0	
1093	43	4	0	4	22	2	0	0	0	0	0	0	0	0	
1094	39	10	6	4	22	0	0	0	0	0	0	0	0	0	
1095	43	6	0	4	22	2	0	0	0	0	0	0	0	0	
1096	32	14	22	-999	-999	2	0	0	0	0	0	0	0	0	
1117	1117	1097	1097	1101	1101	1105	1105	1109	1109	1113	1113	1119	1119	
1117	1117	1097	1097	1101	1101	1105	1105	1109	1109	1113	1113	1119	1119	
1098	1098	1135	1135	1134	1134	1133	1133	1132	1132	1131	1131	1100	1100	
1098	1098	1135	1135	1134	1134	1133	1133	1132	1132	1131	1131	1100	1100	
1102	1102	1121	1121	1122	1122	1123	1123	1124	1124	1125	1125	1104	1104	
1102	1102	1121	1121	1122	1122	1123	1123	1124	1124	1125	1125	1104	1104	
1106	1106	1126	1126	1127	1127	1128	1128	1129	1129	1130	1130	1108	1108	
1106	1106	1126	1126	1127	1127	1128	1128	1129	1129	1130	1130	1108	1108	
1110	1110	NULL	NULL	NULL	NULL	NULL	NULL	NULL	NULL	NULL	NULL	1112	1112	
1110	1110	NULL	NULL	NULL	NULL	NULL	NULL	NULL	NULL	NULL	NULL	1112	1112	
1114	1114	NULL	NULL	NULL	NULL	NULL	NULL	NULL	NULL	NULL	NULL	1116	1116	
1114	1114	NULL	NULL	NULL	NULL	NULL	NULL	NULL	NULL	NULL	NULL	1116	1116	
1118	1118	1099	1099	1103	1103	1107	1107	1111	1111	1115	1115	1120	1120	
1118	1118	1099	1099	1103	1103	1107	1107	1111	1111	1115	1115	1120	1120	
1097	43	2	0	14	22	2	0	0	0	0	0	0	0	0	
1098	43	0	2	14	22	2	0	0	0	0	0	0	0	0	
1099	43	2	12	14	22	2	0	0	0	0	0	0	0	0	
1100	43	12	2	14	22	2	0	0	0	0	0	0	0	0	
1101	43	4	0	14	22	2	0	0	0	0	0	0	0	0	
1102	43	0	4	14	22	2	0	0	0	0	0	0	0	0	
1103	43	4	12	14	22	2	0	0	0	0	0	0	0	0	
1104	43	12	4	14	22	2	0	0	0	0	0	0	0	0	
1105	43	6	0	14	22	2	0	0	0	0	0	0	0	0	
1106	42	0	6	14	22	0	0	0	0	0	0	0	0	0	
1107	43	6	12	14	22	2	0	0	0	0	0	0	0	0	
1108	42	12	6	14	22	0	0	0	0	0	0	0	0	0	
1109	43	8	0	14	22	2	0	0	0	0	0	0	0	0	
1110	43	0	8	14	22	2	0	0	0	0	0	0	0	0	
1111	43	8	12	14	22	2	0	0	0	0	0	0	0	0	
1112	43	12	8	14	22	2	0	0	0	0	0	0	0	0	
1113	43	10	0	14	22	2	0	0	0	0	0	0	0	0	
1114	43	0	10	14	22	2	0	0	0	0	0	0	0	0	
1115	43	10	12	14	22	2	0	0	0	0	0	0	0	0	
1116	43	12	10	14	22	2	0	0	0	0	0	0	0	0	
1117	43	0	0	14	22	2	0	0	0	0	0	0	0	0	
1118	43	0	12	14	22	2	0	0	0	0	0	0	0	0	
1119	43	12	0	14	22	2	0	0	0	0	0	0	0	0	
1120	43	12	12	14	22	2	0	0	0	0	0	0	0	0	
1121	74	2	4	14	22	1	0	0	0	0	0	0	0	0	
1122	74	4	4	14	22	1	0	0	0	0	0	0	0	0	
1123	74	6	4	14	22	1	0	0	0	0	0	0	0	0	
1124	74	8	4	14	22	1	0	0	0	0	0	0	0	0	
1125	74	10	4	14	22	1	0	0	0	0	0	0	0	0	
1126	39	2	6	14	22	0	0	0	0	0	0	0	0	0	
1127	39	4	6	14	22	0	0	0	0	0	0	0	0	0	
1128	39	6	6	14	22	0	0	0	0	0	0	0	0	0	
1129	39	8	6	14	22	0	0	0	0	0	0	0	0	0	
1130	39	10	6	14	22	0	0	0	0	0	0	0	0	0	
1131	18	10	2	14	22	2	0	0	0	0	0	0	0	0	
1132	18	8	2	14	22	2	0	0	0	0	0	0	0	0	
1133	18	6	2	14	22	2	0	0	0	0	0	0	0	0	
1134	18	4	2	14	22	2	0	0	0	0	0	0	0	0	
1135	18	2	2	14	22	2	0	0	0	0	0	0	0	0	
1136	43	2	0	10	20	2	0	0	0	0	0	0	0	0	
1137	43	0	10	10	20	2	0	0	0	0	0	0	0	0	
1138	43	12	10	12	20	2	0	0	0	0	0	0	0	0	
1139	39	4	6	8	20	0	0	0	0	0	0	0	0	0	
1140	17	6	2	18	18	2	0	0	0	0	0	0	0	0	
1141	43	10	0	10	20	2	0	0	0	0	0	0	0	0	
1142	74	4	4	16	18	1	0	0	0	0	0	0	0	0	
1143	74	6	4	8	20	1	0	0	0	0	0	0	0	0	
1144	43	12	2	10	20	2	0	0	0	0	0	0	0	0	
1145	43	12	8	10	20	2	0	0	0	0	0	0	0	0	
1146	43	4	0	10	20	2	0	0	0	0	0	0	0	0	
1147	39	2	6	8	20	0	0	0	0	0	0	0	0	0	
1148	43	8	0	10	20	2	0	0	0	0	0	0	0	0	
1149	43	12	0	12	20	2	0	0	0	0	0	0	0	0	
1150	74	10	4	4	22	1	0	0	0	0	0	0	0	0	
1151	43	0	12	10	20	2	0	0	0	0	0	0	0	0	
1152	19	2	2	8	20	2	0	0	0	0	0	0	0	0	
1153	43	0	12	12	20	2	0	0	0	0	0	0	0	0	
1154	43	0	0	10	20	2	0	0	0	0	0	0	0	0	
1155	32	10	20	-999	-999	2	0	0	0	0	0	0	0	0	
1154	1154	1136	1136	1146	1146	1193	1193	1148	1148	1141	1141	1197	1197	
1154	1154	1136	1136	1146	1146	1193	1193	1148	1148	1141	1141	1197	1197	
1177	1177	1215	1215	1213	1213	1241	1241	NULL	NULL	NULL	NULL	1144	1144	
1177	1177	1215	1215	1213	1213	1241	1241	NULL	NULL	NULL	NULL	1144	1144	
1171	1171	1201	1201	1205	1205	1158	1158	NULL	NULL	NULL	NULL	1185	1185	
1171	1171	1201	1201	1205	1205	1158	1158	NULL	NULL	NULL	NULL	1185	1185	
1173	1173	1192	1192	1179	1179	1195	1195	1217	1217	1233	1233	1175	1175	
1173	1173	1192	1192	1179	1179	1195	1195	1217	1217	1233	1233	1175	1175	
1178	1178	NULL	NULL	NULL	NULL	NULL	NULL	NULL	NULL	NULL	NULL	1145	1145	
1178	1178	NULL	NULL	NULL	NULL	NULL	NULL	NULL	NULL	NULL	NULL	1145	1145	
1137	1137	NULL	NULL	NULL	NULL	NULL	NULL	NULL	NULL	NULL	NULL	1204	1204	
1137	1137	NULL	NULL	NULL	NULL	NULL	NULL	NULL	NULL	NULL	NULL	1204	1204	
1151	1151	1170	1170	1172	1172	1174	1174	1202	1202	1157	1157	1189	1189	
1151	1151	1170	1170	1172	1172	1174	1174	1202	1202	1157	1157	1189	1189	
1156	39	6	6	8	20	0	0	0	0	0	0	0	0	0	
1157	43	10	12	10	20	2	0	0	0	0	0	0	0	0	
1158	74	6	4	10	20	1	0	0	0	0	0	0	0	0	
1159	43	0	0	12	20	2	0	0	0	0	0	0	0	0	
1160	74	4	4	8	20	1	0	0	0	0	0	0	0	0	
1161	43	10	12	12	20	2	0	0	0	0	0	0	0	0	
1162	74	4	4	18	18	1	0	0	0	0	0	0	0	0	
1163	74	2	4	18	18	1	0	0	0	0	0	0	0	0	
1164	17	10	2	18	18	2	0	0	0	0	0	0	0	0	
1165	19	8	2	18	18	2	0	0	0	0	0	0	0	0	
1166	74	2	4	16	18	1	0	0	0	0	0	0	0	0	
1167	19	10	2	16	18	2	0	0	0	0	0	0	0	0	
1168	19	8	2	16	18	2	0	0	0	0	0	0	0	0	
1169	19	6	2	16	18	2	0	0	0	0	0	0	0	0	
1170	43	2	12	10	20	2	0	0	0	0	0	0	0	0	
1171	43	0	4	10	20	2	0	0	0	0	0	0	0	0	
1172	43	4	12	10	20	2	0	0	0	0	0	0	0	0	
1173	42	0	6	10	20	0	0	0	0	0	0	0	0	0	
1174	43	6	12	10	20	2	0	0	0	0	0	0	0	0	
1175	42	12	6	10	20	0	0	0	0	0	0	0	0	0	
1176	19	8	2	12	20	2	0	0	0	0	0	0	0	0	
1177	43	0	2	10	20	2	0	0	0	0	0	0	0	0	
1178	43	0	8	10	20	2	0	0	0	0	0	0	0	0	
1179	39	4	6	10	20	0	0	0	0	0	0	0	0	0	
1180	17	4	2	8	20	2	0	0	0	0	0	0	0	0	
1181	74	2	4	8	20	1	0	0	0	0	0	0	0	0	
1182	43	4	0	12	20	2	0	0	0	0	0	0	0	0	
1183	43	2	12	12	20	2	0	0	0	0	0	0	0	0	
1184	43	8	0	12	20	2	0	0	0	0	0	0	0	0	
1185	43	12	4	10	20	2	0	0	0	0	0	0	0	0	
1186	43	0	8	12	20	2	0	0	0	0	0	0	0	0	
1187	17	6	2	12	20	2	0	0	0	0	0	0	0	0	
1188	37	20	18	-999	-999	2	0	0	0	0	0	0	0	0	
1189	43	12	12	10	20	2	0	0	0	0	0	0	0	0	
1190	32	12	20	-999	-999	2	0	0	0	0	0	0	0	0	
1159	1159	1194	1194	1182	1182	1209	1209	1184	1184	1221	1221	1149	1149	
1159	1159	1194	1194	1182	1182	1209	1209	1184	1184	1221	1221	1149	1149	
1198	1198	1214	1214	1196	1196	1187	1187	1176	1176	1225	1225	1191	1191	
1198	1198	1214	1214	1196	1196	1187	1187	1176	1176	1225	1225	1191	1191	
1206	1206	689	689	713	713	708	708	704	704	700	700	1208	1208	
1206	1206	689	689	713	713	708	708	704	704	700	700	1208	1208	
1200	1200	696	696	692	692	711	711	709	709	707	707	1210	1210	
1200	1200	696	696	692	692	711	711	709	709	707	707	1210	1210	
1186	1186	NULL	NULL	NULL	NULL	NULL	NULL	NULL	NULL	NULL	NULL	1212	1212	
1186	1186	NULL	NULL	NULL	NULL	NULL	NULL	NULL	NULL	NULL	NULL	1212	1212	
1229	1229	NULL	NULL	NULL	NULL	NULL	NULL	NULL	NULL	NULL	NULL	1138	1138	
1229	1229	NULL	NULL	NULL	NULL	NULL	NULL	NULL	NULL	NULL	NULL	1138	1138	
1153	1153	1183	1183	1207	1207	1237	1237	1211	1211	1161	1161	1239	1239	
1153	1153	1183	1183	1207	1207	1237	1237	1211	1211	1161	1161	1239	1239	
1191	43	12	2	12	20	2	0	0	0	0	0	0	0	0	
1192	39	2	6	10	20	0	0	0	0	0	0	0	0	0	
1193	43	6	0	10	20	2	0	0	0	0	0	0	0	0	
1194	43	2	0	12	20	2	0	0	0	0	0	0	0	0	
1195	39	6	6	10	20	0	0	0	0	0	0	0	0	0	
1196	19	4	2	12	20	2	0	0	0	0	0	0	0	0	
1197	43	12	0	10	20	2	0	0	0	0	0	0	0	0	
1198	43	0	2	12	20	2	0	0	0	0	0	0	0	0	
1199	39	10	6	8	20	0	0	0	0	0	0	0	0	0	
1200	42	0	6	12	20	0	0	0	0	0	0	0	0	0	
1201	74	2	4	10	20	1	0	0	0	0	0	0	0	0	
1202	43	8	12	10	20	2	0	0	0	0	0	0	0	0	
1203	39	8	6	8	20	0	0	0	0	0	0	0	0	0	
1204	43	12	10	10	20	2	0	0	0	0	0	0	0	0	
1205	74	4	4	10	20	1	0	0	0	0	0	0	0	0	
1206	43	0	4	12	20	2	0	0	0	0	0	0	0	0	
1207	43	4	12	12	20	2	0	0	0	0	0	0	0	0	
1208	43	12	4	12	20	2	0	0	0	0	0	0	0	0	
1209	43	6	0	12	20	2	0	0	0	0	0	0	0	0	
1210	42	12	6	12	20	0	0	0	0	0	0	0	0	0	
1211	43	8	12	12	20	2	0	0	0	0	0	0	0	0	
1212	43	12	8	12	20	2	0	0	0	0	0	0	0	0	
1213	18	4	2	10	20	2	0	0	0	0	0	0	0	0	
1214	17	2	2	12	20	2	0	0	0	0	0	0	0	0	
1215	18	2	2	10	20	2	0	0	0	0	0	0	0	0	
1216	19	4	2	18	18	2	0	0	0	0	0	0	0	0	
1217	39	8	6	10	20	0	0	0	0	0	0	0	0	0	
1218	37	20	20	-999	-999	2	0	0	0	0	0	0	0	0	
1219	43	0	10	18	18	2	0	0	0	0	0	0	0	0	
1220	43	10	0	18	18	2	0	0	0	0	0	0	0	0	
1221	43	10	0	12	20	2	0	0	0	0	0	0	0	0	
1222	43	12	10	18	18	2	0	0	0	0	0	0	0	0	
1223	39	4	6	18	18	0	0	0	0	0	0	0	0	0	
1224	74	8	4	18	18	1	0	0	0	0	0	0	0	0	
1225	19	10	2	12	20	2	0	0	0	0	0	0	0	0	
1226	43	4	12	18	18	2	0	0	0	0	0	0	0	0	
1227	43	10	12	18	18	2	0	0	0	0	0	0	0	0	
1228	42	0	6	18	18	0	0	0	0	0	0	0	0	0	
1229	43	0	10	12	20	2	0	0	0	0	0	0	0	0	
1230	43	2	12	18	18	2	0	0	0	0	0	0	0	0	
1231	43	4	0	18	18	2	0	0	0	0	0	0	0	0	
1232	43	6	12	18	18	2	0	0	0	0	0	0	0	0	
1233	39	10	6	10	20	0	0	0	0	0	0	0	0	0	
1234	39	2	6	18	18	0	0	0	0	0	0	0	0	0	
1235	19	2	2	18	18	2	0	0	0	0	0	0	0	0	
1236	42	12	6	18	18	0	0	0	0	0	0	0	0	0	
1237	43	6	12	12	20	2	0	0	0	0	0	0	0	0	
1238	43	12	2	18	18	2	0	0	0	0	0	0	0	0	
1239	43	12	12	12	20	2	0	0	0	0	0	0	0	0	
1240	39	6	6	18	18	0	0	0	0	0	0	0	0	0	
1241	18	6	2	10	20	2	0	0	0	0	0	0	0	0	
1242	43	8	0	18	18	2	0	0	0	0	0	0	0	0	
1243	43	0	8	18	18	2	0	0	0	0	0	0	0	0	
1244	43	8	12	18	18	2	0	0	0	0	0	0	0	0	
1245	43	12	8	18	18	2	0	0	0	0	0	0	0	0	
1246	43	0	0	18	18	2	0	0	0	0	0	0	0	0	
1247	43	0	12	18	18	2	0	0	0	0	0	0	0	0	
1248	43	12	0	18	18	2	0	0	0	0	0	0	0	0	
1249	43	12	12	18	18	2	0	0	0	0	0	0	0	0	
1250	43	2	0	18	18	2	0	0	0	0	0	0	0	0	
1251	39	10	6	18	18	0	0	0	0	0	0	0	0	0	
1252	43	12	4	18	18	2	0	0	0	0	0	0	0	0	
1253	43	0	2	18	18	2	0	0	0	0	0	0	0	0	
1254	43	6	0	18	18	2	0	0	0	0	0	0	0	0	
1255	74	10	4	18	18	1	0	0	0	0	0	0	0	0	
1256	32	16	18	-999	-999	2	0	0	0	0	0	0	0	0	
737	737	733	733	732	732	1266	1266	1269	1269	720	720	1260	1260	
737	737	733	733	732	732	1266	1266	1269	1269	720	720	1260	1260	
1264	1264	1259	1259	1267	1267	1169	1169	1168	1168	1167	1167	1270	1270	
1264	1264	1259	1259	1267	1267	1169	1169	1168	1168	1167	1167	1270	1270	
1271	1271	1166	1166	1142	1142	717	717	748	748	729	729	746	746	
1271	1271	1166	1166	1142	1142	717	717	748	748	729	729	746	746	
727	727	725	725	1274	1274	1263	1263	724	724	747	747	1268	1268	
727	727	725	725	1274	1274	1263	1263	724	724	747	747	1268	1268	
1273	1273	NULL	NULL	NULL	NULL	NULL	NULL	NULL	NULL	NULL	NULL	1258	1258	
1273	1273	NULL	NULL	NULL	NULL	NULL	NULL	NULL	NULL	NULL	NULL	1258	1258	
1272	1272	NULL	NULL	NULL	NULL	NULL	NULL	NULL	NULL	NULL	NULL	739	739	
1272	1272	NULL	NULL	NULL	NULL	NULL	NULL	NULL	NULL	NULL	NULL	739	739	
735	735	744	744	731	731	743	743	728	728	741	741	1262	1262	
735	735	744	744	731	731	743	743	728	728	741	741	1262	1262	
1257	74	6	4	18	18	1	0	0	0	0	0	0	0	0	
1258	43	12	8	16	18	2	0	0	0	0	0	0	0	0	
1259	17	2	2	16	18	2	0	0	0	0	0	0	0	0	
1260	43	12	0	16	18	2	0	0	0	0	0	0	0	0	
1261	39	8	6	18	18	0	0	0	0	0	0	0	0	0	
1262	43	12	12	16	18	2	0	0	0	0	0	0	0	0	
1263	39	6	6	16	18	0	0	0	0	0	0	0	0	0	
1264	43	0	2	16	18	2	0	0	0	0	0	0	0	0	
1265	32	18	18	-999	-999	2	0	0	0	0	0	0	0	0	
1246	1246	1250	1250	1231	1231	1254	1254	1242	1242	1220	1220	1248	1248	
1246	1246	1250	1250	1231	1231	1254	1254	1242	1242	1220	1220	1248	1248	
1253	1253	1235	1235	1216	1216	1140	1140	1165	1165	1164	1164	1238	1238	
1253	1253	1235	1235	1216	1216	1140	1140	1165	1165	1164	1164	1238	1238	
736	736	1163	1163	1162	1162	1257	1257	1224	1224	1255	1255	1252	1252	
736	736	1163	1163	1162	1162	1257	1257	1224	1224	1255	1255	1252	1252	
1228	1228	1234	1234	1223	1223	1240	1240	1261	1261	1251	1251	1236	1236	
1228	1228	1234	1234	1223	1223	1240	1240	1261	1261	1251	1251	1236	1236	
1243	1243	NULL	NULL	NULL	NULL	NULL	NULL	NULL	NULL	NULL	NULL	1245	1245	
1243	1243	NULL	NULL	NULL	NULL	NULL	NULL	NULL	NULL	NULL	NULL	1245	1245	
1219	1219	NULL	NULL	NULL	NULL	NULL	NULL	NULL	NULL	NULL	NULL	1222	1222	
1219	1219	NULL	NULL	NULL	NULL	NULL	NULL	NULL	NULL	NULL	NULL	1222	1222	
1247	1247	1230	1230	1226	1226	1232	1232	1244	1244	1227	1227	1249	1249	
1247	1247	1230	1230	1226	1226	1232	1232	1244	1244	1227	1227	1249	1249	
1266	43	6	0	16	18	2	0	0	0	0	0	0	0	0	
1267	17	4	2	16	18	2	0	0	0	0	0	0	0	0	
1268	42	12	6	16	18	0	0	0	0	0	0	0	0	0	
1269	43	8	0	16	18	2	0	0	0	0	0	0	0	0	
1270	43	12	2	16	18	2	0	0	0	0	0	0	0	0	
1271	43	0	4	16	18	2	0	0	0	0	0	0	0	0	
1272	43	0	10	16	18	2	0	0	0	0	0	0	0	0	
1273	43	0	8	16	18	2	0	0	0	0	0	0	0	0	
1274	39	4	6	16	18	0	0	0	0	0	0	0	0	0	
1275	40	0	15	-999	-999	2	0	0	0	0	0	0	0	0	
1276	40	0	13	-999	-999	2	0	0	0	0	0	0	0	0	
1277	40	0	11	-999	-999	2	0	0	0	0	0	0	0	0	
1278	40	2	11	-999	-999	2	0	0	0	0	0	0	0	0	
1279	40	2	13	-999	-999	2	0	0	0	0	0	0	0	0	
1280	40	2	15	-999	-999	2	0	0	0	0	0	0	0	0	
1281	40	4	15	-999	-999	2	0	0	0	0	0	0	0	0	
1282	40	4	13	-999	-999	2	0	0	0	0	0	0	0	0	
1283	40	4	11	-999	-999	2	0	0	0	0	0	0	0	0	
1284	40	6	11	-999	-999	2	0	0	0	0	0	0	0	0	
1285	40	6	13	-999	-999	2	0	0	0	0	0	0	0	0	
1286	40	6	15	-999	-999	2	0	0	0	0	0	0	0	0	
1287	40	8	15	-999	-999	2	0	0	0	0	0	0	0	0	
1288	40	10	15	-999	-999	2	0	0	0	0	0	0	0	0	
1289	40	12	15	-999	-999	2	0	0	0	0	0	0	0	0	
1290	40	14	15	-999	-999	2	0	0	0	0	0	0	0	0	
1291	40	16	15	-999	-999	2	0	0	0	0	0	0	0	0	
1292	40	16	13	-999	-999	2	0	0	0	0	0	0	0	0	
1293	40	16	11	-999	-999	2	0	0	0	0	0	0	0	0	
1294	40	18	11	-999	-999	2	0	0	0	0	0	0	0	0	
1295	40	18	13	-999	-999	2	0	0	0	0	0	0	0	0	
1296	40	18	15	-999	-999	2	0	0	0	0	0	0	0	0	
1297	40	20	15	-999	-999	2	0	0	0	0	0	0	0	0	
1298	40	22	15	-999	-999	2	0	0	0	0	0	0	0	0	
1299	40	22	13	-999	-999	2	0	0	0	0	0	0	0	0	
1300	40	20	13	-999	-999	2	0	0	0	0	0	0	0	0	
1301	40	20	11	-999	-999	2	0	0	0	0	0	0	0	0	
1302	40	22	11	-999	-999	2	0	0	0	0	0	0	0	0	
828	828	102	102	406	406	221	221	208	208	219	219	212	212	211	211	363	363	209	209	210	210	21	21	
828	828	102	102	406	406	221	221	208	208	219	219	212	212	211	211	363	363	209	209	210	210	21	21	
NULL	NULL	NULL	NULL	NULL	NULL	NULL	NULL	NULL	NULL	NULL	NULL	NULL	NULL	NULL	NULL	NULL	NULL	NULL	NULL	NULL	NULL	NULL	NULL	
235	235	136	136	233	233	225	225	232	232	222	222	204	204	217	217	364	364	231	231	205	205	34	34	
235	235	136	136	233	233	225	225	232	232	222	222	204	204	217	217	364	364	231	231	205	205	34	34	
NULL	NULL	NULL	NULL	NULL	NULL	NULL	NULL	NULL	NULL	NULL	NULL	NULL	NULL	NULL	NULL	NULL	NULL	NULL	NULL	NULL	NULL	NULL	NULL	
328	328	170	170	359	359	226	226	223	223	207	207	215	215	216	216	206	206	214	214	431	431	68	68	
328	328	170	170	359	359	226	226	223	223	207	207	215	215	216	216	206	206	214	214	431	431	68	68	
NULL	NULL	NULL	NULL	NULL	NULL	NULL	NULL	NULL	NULL	NULL	NULL	NULL	NULL	NULL	NULL	NULL	NULL	NULL	NULL	NULL	NULL	NULL	NULL	
791	791	789	789	806	806	805	805	787	787	432	432	330	330	792	792	788	788	784	784	780	780	800	800	
791	791	789	789	806	806	805	805	787	787	432	432	330	330	792	792	788	788	784	784	780	780	800	800	
1277	1277	1278	1278	1283	1283	1284	1284	804	804	445	445	352	352	796	796	1293	1293	1294	1294	1301	1301	1302	1302	
1277	1277	1278	1278	1283	1283	1284	1284	804	804	445	445	352	352	796	796	1293	1293	1294	1294	1301	1301	1302	1302	
1276	1276	1279	1279	1282	1282	1285	1285	785	785	783	783	781	781	802	802	1292	1292	1295	1295	1300	1300	1299	1299	
1276	1276	1279	1279	1282	1282	1285	1285	785	785	783	783	781	781	802	802	1292	1292	1295	1295	1300	1300	1299	1299	
1275	1275	1280	1280	1281	1281	1286	1286	1287	1287	1288	1288	1289	1289	1290	1290	1291	1291	1296	1296	1297	1297	1298	1298	
1275	1275	1280	1280	1281	1281	1286	1286	1287	1287	1288	1288	1289	1289	1290	1290	1291	1291	1296	1296	1297	1297	1298	1298	
NULL	NULL	NULL	NULL	NULL	NULL	NULL	NULL	NULL	NULL	NULL	NULL	NULL	NULL	NULL	NULL	NULL	NULL	NULL	NULL	NULL	NULL	NULL	NULL	
NULL	NULL	NULL	NULL	NULL	NULL	NULL	NULL	NULL	NULL	NULL	NULL	NULL	NULL	241	241	1256	1256	1265	1265	1188	1188	NULL	NULL	
NULL	NULL	NULL	NULL	NULL	NULL	NULL	NULL	NULL	NULL	NULL	NULL	NULL	NULL	241	241	1256	1256	1265	1265	1188	1188	NULL	NULL	
NULL	NULL	945	945	966	966	1001	1001	1036	1036	1155	1155	1190	1190	705	705	665	665	613	613	1218	1218	NULL	NULL	
NULL	NULL	945	945	966	966	1001	1001	1036	1036	1155	1155	1190	1190	705	705	665	665	613	613	1218	1218	NULL	NULL	
NULL	NULL	972	972	1063	1063	1064	1064	536	536	750	750	742	742	1096	1096	899	899	859	859	491	491	369	369	
NULL	NULL	972	972	1063	1063	1064	1064	536	536	750	750	742	742	1096	1096	899	899	859	859	491	491	369	369	
