535
0	43	2	12	22	0	2	0	0	0	0	0	0	0	0	
1	37	2	6	22	0	2	0	0	0	0	0	0	0	0	
2	43	0	2	22	0	2	0	0	0	0	0	0	0	0	
3	43	12	12	22	0	2	0	0	0	0	0	0	0	0	
4	53	2	4	22	3	4	0	0	0	0	0	0	0	0	
5	43	2	0	22	0	2	0	0	0	0	0	0	0	0	
6	43	6	12	22	0	2	0	0	0	0	0	0	0	0	
7	20	6	2	22	0	3	0	0	0	0	0	0	0	0	
8	43	12	10	22	0	2	0	0	0	0	0	0	0	0	
9	43	0	8	22	0	2	0	0	0	0	0	0	0	0	
10	43	8	12	22	0	2	0	0	0	0	0	0	0	0	
11	37	4	3	22	0	4	0	0	0	0	0	0	0	0	
12	17	6	10	22	0	3	0	0	0	0	0	0	0	0	
13	42	0	6	22	0	2	0	0	0	0	0	0	0	0	
14	43	6	0	22	0	2	0	0	0	0	0	0	0	0	
15	43	12	4	22	0	2	0	0	0	0	0	0	0	0	
16	31	6	4	22	0	2	0	0	0	0	0	0	0	0	
17	37	4	9	22	0	4	0	0	0	0	0	0	0	0	
18	43	4	12	22	0	2	0	0	0	0	0	0	0	0	
19	43	8	0	22	0	2	0	0	0	0	0	0	0	0	
20	43	10	0	22	0	2	0	0	0	0	0	0	0	0	
21	32	22	0	-999	-999	2	0	0	0	0	0	0	0	0	
27	27	5	5	28	28	14	14	19	19	20	20	23	23	
27	27	5	5	28	28	14	14	19	19	20	20	23	23	
2	2	NULL	NULL	NULL	NULL	7	7	NULL	NULL	NULL	NULL	32	32	
2	2	NULL	NULL	11	11	7	7	NULL	NULL	NULL	NULL	32	32	
24	24	382	382	11	11	16	16	NULL	NULL	NULL	NULL	15	15	
24	24	382	382	NULL	NULL	16	16	NULL	NULL	NULL	NULL	15	15	
13	13	1	1	NULL	NULL	NULL	NULL	NULL	NULL	NULL	NULL	30	30	
13	13	1	1	NULL	NULL	NULL	NULL	NULL	NULL	NULL	NULL	30	30	
9	9	481	481	NULL	NULL	22	22	NULL	NULL	NULL	NULL	33	33	
9	9	481	481	17	17	22	22	NULL	NULL	NULL	NULL	33	33	
31	31	NULL	NULL	17	17	12	12	NULL	NULL	NULL	NULL	8	8	
31	31	NULL	NULL	NULL	NULL	12	12	NULL	NULL	NULL	NULL	8	8	
25	25	0	0	18	18	6	6	10	10	29	29	3	3	
25	25	0	0	18	18	6	6	10	10	29	29	3	3	
22	29	6	8	22	0	2	0	0	0	0	0	0	0	0	
23	43	12	0	22	0	2	0	0	0	0	0	0	0	0	
24	43	0	4	22	0	2	0	0	0	0	0	0	0	0	
25	43	0	12	22	0	2	0	0	0	0	0	0	0	0	
26	53	10	4	2	3	4	0	0	0	0	0	0	0	0	
27	43	0	0	22	0	2	0	0	0	0	0	0	0	0	
28	43	4	0	22	0	2	0	0	0	0	0	0	0	0	
29	43	10	12	22	0	2	0	0	0	0	0	0	0	0	
30	43	12	6	22	0	2	0	0	0	0	0	0	0	0	
31	43	0	10	22	0	2	0	0	0	0	0	0	0	0	
32	43	12	2	22	0	2	0	0	0	0	0	0	0	0	
33	43	12	8	22	0	2	0	0	0	0	0	0	0	0	
34	32	22	3	-999	-999	2	0	0	0	0	0	0	0	0	
55	55	35	35	39	39	43	43	47	47	51	51	57	57	
55	55	35	35	39	39	43	43	47	47	51	51	57	57	
36	36	NULL	NULL	NULL	NULL	59	59	NULL	NULL	NULL	NULL	38	38	
36	36	NULL	NULL	60	60	59	59	NULL	NULL	NULL	NULL	38	38	
40	40	4	4	60	60	62	62	NULL	NULL	NULL	NULL	42	42	
40	40	4	4	NULL	NULL	62	62	NULL	NULL	NULL	NULL	42	42	
44	44	63	63	NULL	NULL	NULL	NULL	NULL	NULL	NULL	NULL	46	46	
44	44	63	63	NULL	NULL	NULL	NULL	NULL	NULL	NULL	NULL	46	46	
48	48	371	371	NULL	NULL	65	65	NULL	NULL	NULL	NULL	50	50	
48	48	371	371	66	66	65	65	NULL	NULL	NULL	NULL	50	50	
52	52	NULL	NULL	66	66	67	67	NULL	NULL	NULL	NULL	54	54	
52	52	NULL	NULL	NULL	NULL	67	67	NULL	NULL	NULL	NULL	54	54	
56	56	37	37	41	41	45	45	49	49	53	53	58	58	
56	56	37	37	41	41	45	45	49	49	53	53	58	58	
35	43	2	0	22	3	2	0	0	0	0	0	0	0	0	
36	43	0	2	22	3	2	0	0	0	0	0	0	0	0	
37	43	2	12	22	3	2	0	0	0	0	0	0	0	0	
38	43	12	2	22	3	2	0	0	0	0	0	0	0	0	
39	43	4	0	22	3	2	0	0	0	0	0	0	0	0	
40	43	0	4	22	3	2	0	0	0	0	0	0	0	0	
41	43	4	12	22	3	2	0	0	0	0	0	0	0	0	
42	43	12	4	22	3	2	0	0	0	0	0	0	0	0	
43	43	6	0	22	3	2	0	0	0	0	0	0	0	0	
44	42	0	6	22	3	2	0	0	0	0	0	0	0	0	
45	43	6	12	22	3	2	0	0	0	0	0	0	0	0	
46	43	12	6	22	3	2	0	0	0	0	0	0	0	0	
47	43	8	0	22	3	2	0	0	0	0	0	0	0	0	
48	43	0	8	22	3	2	0	0	0	0	0	0	0	0	
49	43	8	12	22	3	2	0	0	0	0	0	0	0	0	
50	43	12	8	22	3	2	0	0	0	0	0	0	0	0	
51	43	10	0	22	3	2	0	0	0	0	0	0	0	0	
52	43	0	10	22	3	2	0	0	0	0	0	0	0	0	
53	43	10	12	22	3	2	0	0	0	0	0	0	0	0	
54	43	12	10	22	3	2	0	0	0	0	0	0	0	0	
55	43	0	0	22	3	2	0	0	0	0	0	0	0	0	
56	43	0	12	22	3	2	0	0	0	0	0	0	0	0	
57	43	12	0	22	3	2	0	0	0	0	0	0	0	0	
58	43	12	12	22	3	2	0	0	0	0	0	0	0	0	
59	20	6	2	22	3	3	0	0	0	0	0	0	0	0	
60	37	4	3	22	3	4	0	0	0	0	0	0	0	0	
61	58	10	8	2	6	4	0	0	0	0	0	0	0	0	
62	31	6	4	22	3	2	0	0	0	0	0	0	0	0	
63	37	2	6	22	3	2	0	0	0	0	0	0	0	0	
64	53	2	4	22	6	4	0	0	0	0	0	0	0	0	
65	27	6	8	22	3	2	0	0	0	0	0	0	0	0	
66	37	4	9	22	3	4	0	0	0	0	0	0	0	0	
67	18	6	10	22	3	3	0	0	0	0	0	0	0	0	
68	32	22	6	-999	-999	2	0	0	0	0	0	0	0	0	
89	89	69	69	73	73	77	77	81	81	85	85	91	91	
89	89	69	69	73	73	77	77	81	81	85	85	91	91	
70	70	NULL	NULL	NULL	NULL	93	93	NULL	NULL	NULL	NULL	72	72	
70	70	NULL	NULL	94	94	93	93	NULL	NULL	NULL	NULL	72	72	
74	74	64	64	94	94	96	96	NULL	NULL	NULL	NULL	76	76	
74	74	64	64	NULL	NULL	96	96	NULL	NULL	NULL	NULL	76	76	
78	78	97	97	NULL	NULL	NULL	NULL	NULL	NULL	NULL	NULL	80	80	
78	78	97	97	NULL	NULL	NULL	NULL	NULL	NULL	NULL	NULL	80	80	
82	82	490	490	NULL	NULL	99	99	NULL	NULL	NULL	NULL	84	84	
82	82	490	490	100	100	99	99	NULL	NULL	NULL	NULL	84	84	
86	86	NULL	NULL	100	100	101	101	NULL	NULL	NULL	NULL	88	88	
86	86	NULL	NULL	NULL	NULL	101	101	NULL	NULL	NULL	NULL	88	88	
90	90	71	71	75	75	79	79	83	83	87	87	92	92	
90	90	71	71	75	75	79	79	83	83	87	87	92	92	
69	43	2	0	22	6	2	0	0	0	0	0	0	0	0	
70	43	0	2	22	6	2	0	0	0	0	0	0	0	0	
71	43	2	12	22	6	2	0	0	0	0	0	0	0	0	
72	43	12	2	22	6	2	0	0	0	0	0	0	0	0	
73	43	4	0	22	6	2	0	0	0	0	0	0	0	0	
74	43	0	4	22	6	2	0	0	0	0	0	0	0	0	
75	43	4	12	22	6	2	0	0	0	0	0	0	0	0	
76	43	12	4	22	6	2	0	0	0	0	0	0	0	0	
77	43	6	0	22	6	2	0	0	0	0	0	0	0	0	
78	42	0	6	22	6	2	0	0	0	0	0	0	0	0	
79	43	6	12	22	6	2	0	0	0	0	0	0	0	0	
80	43	12	6	22	6	2	0	0	0	0	0	0	0	0	
81	43	8	0	22	6	2	0	0	0	0	0	0	0	0	
82	43	0	8	22	6	2	0	0	0	0	0	0	0	0	
83	43	8	12	22	6	2	0	0	0	0	0	0	0	0	
84	43	12	8	22	6	2	0	0	0	0	0	0	0	0	
85	43	10	0	22	6	2	0	0	0	0	0	0	0	0	
86	43	0	10	22	6	2	0	0	0	0	0	0	0	0	
87	43	10	12	22	6	2	0	0	0	0	0	0	0	0	
88	43	12	10	22	6	2	0	0	0	0	0	0	0	0	
89	43	0	0	22	6	2	0	0	0	0	0	0	0	0	
90	43	0	12	22	6	2	0	0	0	0	0	0	0	0	
91	43	12	0	22	6	2	0	0	0	0	0	0	0	0	
92	43	12	12	22	6	2	0	0	0	0	0	0	0	0	
93	20	6	2	22	6	3	0	0	0	0	0	0	0	0	
94	37	4	3	22	6	4	0	0	0	0	0	0	0	0	
95	58	10	8	2	3	4	0	0	0	0	0	0	0	0	
96	31	6	4	22	6	2	0	0	0	0	0	0	0	0	
97	37	2	6	22	6	2	0	0	0	0	0	0	0	0	
98	53	10	4	2	6	4	0	0	0	0	0	0	0	0	
99	28	6	8	22	6	2	0	0	0	0	0	0	0	0	
100	37	4	9	22	6	4	0	0	0	0	0	0	0	0	
101	19	6	10	22	6	3	0	0	0	0	0	0	0	0	
102	32	2	0	-999	-999	2	0	0	0	0	0	0	0	0	
135	135	124	124	117	117	127	127	132	132	131	131	128	128	
135	135	124	124	117	117	127	127	132	132	131	131	128	128	
105	105	NULL	NULL	NULL	NULL	134	134	NULL	NULL	NULL	NULL	113	113	
105	105	NULL	NULL	NULL	NULL	134	134	106	106	NULL	NULL	113	113	
121	121	NULL	NULL	NULL	NULL	123	123	106	106	153	153	120	120	
121	121	NULL	NULL	NULL	NULL	123	123	NULL	NULL	153	153	120	120	
122	122	NULL	NULL	NULL	NULL	NULL	NULL	NULL	NULL	107	107	116	116	
122	122	NULL	NULL	NULL	NULL	NULL	NULL	NULL	NULL	107	107	116	116	
133	133	NULL	NULL	NULL	NULL	111	111	NULL	NULL	175	175	112	112	
133	133	NULL	NULL	NULL	NULL	111	111	119	119	175	175	112	112	
114	114	NULL	NULL	NULL	NULL	125	125	119	119	NULL	NULL	129	129	
114	114	NULL	NULL	NULL	NULL	125	125	NULL	NULL	NULL	NULL	129	129	
110	110	109	109	126	126	130	130	118	118	108	108	104	104	
110	110	109	109	126	126	130	130	118	118	108	108	104	104	
103	60	6	8	10	11	2	0	0	0	0	0	0	0	0	
104	43	12	12	2	0	2	0	0	0	0	0	0	0	0	
105	43	0	2	2	0	2	0	0	0	0	0	0	0	0	
106	37	8	3	2	0	4	0	0	0	0	0	0	0	0	
107	37	10	6	2	0	2	0	0	0	0	0	0	0	0	
108	43	10	12	2	0	2	0	0	0	0	0	0	0	0	
109	43	2	12	2	0	2	0	0	0	0	0	0	0	0	
110	43	0	12	2	0	2	0	0	0	0	0	0	0	0	
111	29	6	8	2	0	2	0	0	0	0	0	0	0	0	
112	43	12	8	2	0	2	0	0	0	0	0	0	0	0	
113	43	12	2	2	0	2	0	0	0	0	0	0	0	0	
114	43	0	10	2	0	2	0	0	0	0	0	0	0	0	
115	61	6	10	10	11	2	0	0	0	0	0	0	0	0	
116	42	12	6	2	0	2	0	0	0	0	0	0	0	0	
117	43	4	0	2	0	2	0	0	0	0	0	0	0	0	
118	43	8	12	2	0	2	0	0	0	0	0	0	0	0	
119	37	8	9	2	0	4	0	0	0	0	0	0	0	0	
120	43	12	4	2	0	2	0	0	0	0	0	0	0	0	
121	43	0	4	2	0	2	0	0	0	0	0	0	0	0	
122	43	0	6	2	0	2	0	0	0	0	0	0	0	0	
123	21	6	4	2	0	3	0	0	0	0	0	0	0	0	
124	43	2	0	2	0	2	0	0	0	0	0	0	0	0	
125	17	6	10	2	0	3	0	0	0	0	0	0	0	0	
126	43	4	12	2	0	2	0	0	0	0	0	0	0	0	
127	43	6	0	2	0	2	0	0	0	0	0	0	0	0	
128	43	12	0	2	0	2	0	0	0	0	0	0	0	0	
129	43	12	10	2	0	2	0	0	0	0	0	0	0	0	
130	43	6	12	2	0	2	0	0	0	0	0	0	0	0	
131	43	10	0	2	0	2	0	0	0	0	0	0	0	0	
132	43	8	0	2	0	2	0	0	0	0	0	0	0	0	
133	43	0	8	2	0	2	0	0	0	0	0	0	0	0	
134	30	6	2	2	0	2	0	0	0	0	0	0	0	0	
135	43	0	0	2	0	2	0	0	0	0	0	0	0	0	
136	32	2	3	-999	-999	2	0	0	0	0	0	0	0	0	
163	163	160	160	143	143	169	169	167	167	165	165	162	162	
163	163	160	160	143	143	169	169	167	167	165	165	162	162	
155	155	NULL	NULL	NULL	NULL	161	161	NULL	NULL	NULL	NULL	147	147	
155	155	NULL	NULL	NULL	NULL	161	161	138	138	NULL	NULL	147	147	
139	139	NULL	NULL	NULL	NULL	159	159	138	138	26	26	156	156	
139	139	NULL	NULL	NULL	NULL	159	159	NULL	NULL	26	26	156	156	
154	154	NULL	NULL	NULL	NULL	NULL	NULL	NULL	NULL	149	149	152	152	
154	154	NULL	NULL	NULL	NULL	NULL	NULL	NULL	NULL	149	149	152	152	
166	166	NULL	NULL	NULL	NULL	145	145	NULL	NULL	95	95	148	148	
166	166	NULL	NULL	NULL	NULL	145	145	137	137	95	95	148	148	
146	146	NULL	NULL	NULL	NULL	157	157	137	137	NULL	NULL	164	164	
146	146	NULL	NULL	NULL	NULL	157	157	NULL	NULL	NULL	NULL	164	164	
142	142	151	151	158	158	168	168	150	150	144	144	140	140	
142	142	151	151	158	158	168	168	150	150	144	144	140	140	
137	37	8	9	2	3	4	0	0	0	0	0	0	0	0	
138	37	8	3	2	3	4	0	0	0	0	0	0	0	0	
139	43	0	4	2	3	2	0	0	0	0	0	0	0	0	
140	43	12	12	2	3	2	0	0	0	0	0	0	0	0	
141	37	8	8	10	11	2	0	0	0	0	0	0	0	0	
142	43	0	12	2	3	2	0	0	0	0	0	0	0	0	
143	43	4	0	2	3	2	0	0	0	0	0	0	0	0	
144	43	10	12	2	3	2	0	0	0	0	0	0	0	0	
145	27	6	8	2	3	2	0	0	0	0	0	0	0	0	
146	43	0	10	2	3	2	0	0	0	0	0	0	0	0	
147	43	12	2	2	3	2	0	0	0	0	0	0	0	0	
148	43	12	8	2	3	2	0	0	0	0	0	0	0	0	
149	37	10	6	2	3	2	0	0	0	0	0	0	0	0	
150	43	8	12	2	3	2	0	0	0	0	0	0	0	0	
151	43	2	12	2	3	2	0	0	0	0	0	0	0	0	
152	42	12	6	2	3	2	0	0	0	0	0	0	0	0	
153	53	10	4	2	0	4	0	0	0	0	0	0	0	0	
154	43	0	6	2	3	2	0	0	0	0	0	0	0	0	
155	43	0	2	2	3	2	0	0	0	0	0	0	0	0	
156	43	12	4	2	3	2	0	0	0	0	0	0	0	0	
157	18	6	10	2	3	3	0	0	0	0	0	0	0	0	
158	43	4	12	2	3	2	0	0	0	0	0	0	0	0	
159	21	6	4	2	3	3	0	0	0	0	0	0	0	0	
160	43	2	0	2	3	2	0	0	0	0	0	0	0	0	
161	30	6	2	2	3	2	0	0	0	0	0	0	0	0	
162	43	12	0	2	3	2	0	0	0	0	0	0	0	0	
163	43	0	0	2	3	2	0	0	0	0	0	0	0	0	
164	43	12	10	2	3	2	0	0	0	0	0	0	0	0	
165	43	10	0	2	3	2	0	0	0	0	0	0	0	0	
166	43	0	8	2	3	2	0	0	0	0	0	0	0	0	
167	43	8	0	2	3	2	0	0	0	0	0	0	0	0	
168	43	6	12	2	3	2	0	0	0	0	0	0	0	0	
169	43	6	0	2	3	2	0	0	0	0	0	0	0	0	
170	32	2	6	-999	-999	2	0	0	0	0	0	0	0	0	
197	197	194	194	177	177	203	203	201	201	199	199	196	196	
197	197	194	194	177	177	203	203	201	201	199	199	196	196	
189	189	NULL	NULL	NULL	NULL	195	195	NULL	NULL	NULL	NULL	181	181	
189	189	NULL	NULL	NULL	NULL	195	195	172	172	NULL	NULL	181	181	
173	173	NULL	NULL	NULL	NULL	193	193	172	172	98	98	190	190	
173	173	NULL	NULL	NULL	NULL	193	193	NULL	NULL	98	98	190	190	
188	188	NULL	NULL	NULL	NULL	NULL	NULL	NULL	NULL	183	183	186	186	
188	188	NULL	NULL	NULL	NULL	NULL	NULL	NULL	NULL	183	183	186	186	
200	200	NULL	NULL	NULL	NULL	179	179	NULL	NULL	61	61	182	182	
200	200	NULL	NULL	NULL	NULL	179	179	171	171	61	61	182	182	
180	180	NULL	NULL	NULL	NULL	191	191	171	171	NULL	NULL	198	198	
180	180	NULL	NULL	NULL	NULL	191	191	NULL	NULL	NULL	NULL	198	198	
176	176	185	185	192	192	202	202	184	184	178	178	174	174	
176	176	185	185	192	192	202	202	184	184	178	178	174	174	
171	37	8	9	2	6	4	0	0	0	0	0	0	0	0	
172	37	8	3	2	6	4	0	0	0	0	0	0	0	0	
173	43	0	4	2	6	2	0	0	0	0	0	0	0	0	
174	43	12	12	2	6	2	0	0	0	0	0	0	0	0	
175	58	10	8	2	0	4	0	0	0	0	0	0	0	0	
176	43	0	12	2	6	2	0	0	0	0	0	0	0	0	
177	43	4	0	2	6	2	0	0	0	0	0	0	0	0	
178	43	10	12	2	6	2	0	0	0	0	0	0	0	0	
179	28	6	8	2	6	2	0	0	0	0	0	0	0	0	
180	43	0	10	2	6	2	0	0	0	0	0	0	0	0	
181	43	12	2	2	6	2	0	0	0	0	0	0	0	0	
182	43	12	8	2	6	2	0	0	0	0	0	0	0	0	
183	37	10	6	2	6	2	0	0	0	0	0	0	0	0	
184	43	8	12	2	6	2	0	0	0	0	0	0	0	0	
185	43	2	12	2	6	2	0	0	0	0	0	0	0	0	
186	42	12	6	2	6	2	0	0	0	0	0	0	0	0	
187	37	4	10	10	11	2	0	0	0	0	0	0	0	0	
188	43	0	6	2	6	2	0	0	0	0	0	0	0	0	
189	43	0	2	2	6	2	0	0	0	0	0	0	0	0	
190	43	12	4	2	6	2	0	0	0	0	0	0	0	0	
191	19	6	10	2	6	3	0	0	0	0	0	0	0	0	
192	43	4	12	2	6	2	0	0	0	0	0	0	0	0	
193	21	6	4	2	6	3	0	0	0	0	0	0	0	0	
194	43	2	0	2	6	2	0	0	0	0	0	0	0	0	
195	30	6	2	2	6	2	0	0	0	0	0	0	0	0	
196	43	12	0	2	6	2	0	0	0	0	0	0	0	0	
197	43	0	0	2	6	2	0	0	0	0	0	0	0	0	
198	43	12	10	2	6	2	0	0	0	0	0	0	0	0	
199	43	10	0	2	6	2	0	0	0	0	0	0	0	0	
200	43	0	8	2	6	2	0	0	0	0	0	0	0	0	
201	43	8	0	2	6	2	0	0	0	0	0	0	0	0	
202	43	6	12	2	6	2	0	0	0	0	0	0	0	0	
203	43	6	0	2	6	2	0	0	0	0	0	0	0	0	
204	16	12	3	-999	-999	2	100000	0	0	0	0	0	0	0	
205	55	20	3	-999	-999	2	0	0	0	0	0	0	0	0	
206	76	16	6	-999	-999	2	0	0	0	0	0	0	0	0	
207	14	10	6	-999	-999	2	100000	0	0	0	0	0	0	0	
208	12	8	0	-999	-999	2	100000	0	0	0	0	0	0	0	
209	12	18	0	-999	-999	2	100000	0	0	0	0	0	0	0	
210	55	20	0	-999	-999	2	0	0	0	0	0	0	0	0	
211	12	14	0	-999	-999	2	100000	0	0	0	0	0	0	0	
212	12	12	0	-999	-999	2	100000	0	0	0	0	0	0	0	
213	43	12	0	12	11	2	0	0	0	0	0	0	0	0	
214	14	18	6	-999	-999	2	100000	0	0	0	0	0	0	0	
215	14	12	6	-999	-999	2	100000	0	0	0	0	0	0	0	
216	14	14	6	-999	-999	2	100000	0	0	0	0	0	0	0	
217	16	14	3	-999	-999	2	100000	0	0	0	0	0	0	0	
218	35	4	8	12	9	2	0	0	0	0	0	0	0	0	
219	12	10	0	-999	-999	2	100000	0	0	0	0	0	0	0	
220	43	0	12	12	11	2	0	0	0	0	0	0	0	0	
221	12	6	0	-999	-999	2	100000	0	0	0	0	0	0	0	
222	16	10	3	-999	-999	2	100000	0	0	0	0	0	0	0	
223	14	8	6	-999	-999	2	100000	0	0	0	0	0	0	0	
224	78	2	7	10	11	2	0	0	0	0	0	0	0	0	
225	16	6	3	-999	-999	2	100000	0	0	0	0	0	0	0	
226	14	6	6	-999	-999	2	100000	0	0	0	0	0	0	0	
227	60	6	2	12	11	2	0	0	0	0	0	0	0	0	
228	35	10	6	10	9	2	0	0	0	0	0	0	0	0	
229	43	12	12	12	9	2	0	0	0	0	0	0	0	0	
230	35	6	5	12	9	2	0	0	0	0	0	0	0	0	
231	16	18	3	-999	-999	2	100000	0	0	0	0	0	0	0	
232	16	8	3	-999	-999	2	100000	0	0	0	0	0	0	0	
233	54	4	3	-999	-999	2	0	0	0	0	0	0	0	0	
234	43	12	0	0	3	2	0	0	0	0	0	0	0	0	
235	32	0	3	-999	-999	2	0	0	0	0	0	0	0	0	
254	254	265	265	243	243	242	242	244	244	261	261	234	234	
254	254	265	265	243	243	242	242	244	244	261	261	234	234	
256	256	NULL	NULL	NULL	NULL	NULL	NULL	NULL	NULL	NULL	NULL	305	305	
256	256	NULL	NULL	NULL	NULL	NULL	NULL	NULL	NULL	NULL	NULL	305	305	
239	239	NULL	NULL	NULL	NULL	316	316	NULL	NULL	NULL	NULL	259	259	
239	239	NULL	NULL	250	250	316	316	255	255	NULL	NULL	259	259	
249	249	NULL	NULL	250	250	329	329	255	255	NULL	NULL	264	264	
249	249	NULL	NULL	240	240	329	329	246	246	NULL	NULL	264	264	
238	238	NULL	NULL	240	240	323	323	246	246	NULL	NULL	263	263	
238	238	NULL	NULL	NULL	NULL	323	323	NULL	NULL	NULL	NULL	263	263	
245	245	NULL	NULL	NULL	NULL	NULL	NULL	NULL	NULL	NULL	NULL	257	257	
245	245	NULL	NULL	NULL	NULL	NULL	NULL	NULL	NULL	NULL	NULL	257	257	
251	251	236	236	262	262	252	252	253	253	237	237	322	322	
251	251	236	236	262	262	252	252	253	253	237	237	322	322	
236	43	2	12	0	3	2	0	0	0	0	0	0	0	0	
237	43	10	12	0	3	2	0	0	0	0	0	0	0	0	
238	43	0	8	0	3	2	0	0	0	0	0	0	0	0	
239	43	0	4	0	3	2	0	0	0	0	0	0	0	0	
240	2	4	7	0	3	2	4	2	1	0	0	0	0	0	
241	40	22	9	-999	-999	2	0	0	0	0	0	0	0	0	
242	43	6	0	0	3	2	0	0	0	0	0	0	0	0	
243	43	4	0	0	3	2	0	0	0	0	0	0	0	0	
244	43	8	0	0	3	2	0	0	0	0	0	0	0	0	
245	43	0	10	0	3	2	0	0	0	0	0	0	0	0	
246	4	8	7	0	3	2	2	2	1	0	0	0	0	0	
247	0	6	8	0	0	2	3	2	1	0	0	0	0	0	
248	43	2	0	0	6	2	0	0	0	0	0	0	0	0	
249	43	0	6	0	3	2	0	0	0	0	0	0	0	0	
250	4	4	5	0	3	2	5	2	1	0	0	0	0	0	
251	43	0	12	0	3	2	0	0	0	0	0	0	0	0	
252	43	6	12	0	3	2	0	0	0	0	0	0	0	0	
253	43	8	12	0	3	2	0	0	0	0	0	0	0	0	
254	43	0	0	0	3	2	0	0	0	0	0	0	0	0	
255	0	8	5	0	3	2	1	2	1	0	0	0	0	0	
256	43	0	2	0	3	2	0	0	0	0	0	0	0	0	
257	43	12	10	0	3	2	0	0	0	0	0	0	0	0	
258	0	4	7	0	6	2	4	2	1	0	0	0	0	0	
259	43	12	4	0	3	2	0	0	0	0	0	0	0	0	
260	40	6	9	-999	-999	2	0	0	0	0	0	0	0	0	
261	43	10	0	0	3	2	0	0	0	0	0	0	0	0	
262	43	4	12	0	3	2	0	0	0	0	0	0	0	0	
263	43	12	8	0	3	2	0	0	0	0	0	0	0	0	
264	43	12	6	0	3	2	0	0	0	0	0	0	0	0	
265	43	2	0	0	3	2	0	0	0	0	0	0	0	0	
266	43	2	0	0	0	2	0	0	0	0	0	0	0	0	
267	43	12	4	0	0	2	0	0	0	0	0	0	0	0	
268	43	0	10	0	0	2	0	0	0	0	0	0	0	0	
269	4	8	5	0	0	2	1	2	1	0	0	0	0	0	
270	43	12	10	0	0	2	0	0	0	0	0	0	0	0	
271	43	2	12	0	0	2	0	0	0	0	0	0	0	0	
272	43	0	2	0	6	2	0	0	0	0	0	0	0	0	
273	43	4	0	0	0	2	0	0	0	0	0	0	0	0	
274	40	18	9	-999	-999	2	0	0	0	0	0	0	0	0	
275	40	2	9	-999	-999	2	0	0	0	0	0	0	0	0	
276	43	0	0	0	6	2	0	0	0	0	0	0	0	0	
277	40	14	13	-999	-999	2	0	0	0	0	0	0	0	0	
278	40	4	9	-999	-999	2	0	0	0	0	0	0	0	0	
279	43	8	12	0	0	2	0	0	0	0	0	0	0	0	
280	4	8	7	0	6	2	2	2	1	0	0	0	0	0	
281	40	8	11	-999	-999	2	0	0	0	0	0	0	0	0	
282	40	0	9	-999	-999	2	0	0	0	0	0	0	0	0	
283	40	12	13	-999	-999	2	0	0	0	0	0	0	0	0	
284	40	14	9	-999	-999	2	0	0	0	0	0	0	0	0	
285	43	0	12	0	0	2	0	0	0	0	0	0	0	0	
286	43	12	4	0	6	2	0	0	0	0	0	0	0	0	
287	43	4	12	0	6	2	0	0	0	0	0	0	0	0	
288	43	12	2	0	0	2	0	0	0	0	0	0	0	0	
289	40	20	9	-999	-999	2	0	0	0	0	0	0	0	0	
290	40	8	9	-999	-999	2	0	0	0	0	0	0	0	0	
291	43	8	0	0	0	2	0	0	0	0	0	0	0	0	
292	43	0	4	0	0	2	0	0	0	0	0	0	0	0	
293	43	6	12	0	0	2	0	0	0	0	0	0	0	0	
294	43	12	12	0	0	2	0	0	0	0	0	0	0	0	
295	43	10	0	0	0	2	0	0	0	0	0	0	0	0	
296	0	4	5	0	0	2	5	2	1	0	0	0	0	0	
297	32	0	0	-999	-999	2	0	0	0	0	0	0	0	0	
504	504	266	266	273	273	494	494	291	291	295	295	496	496	
504	504	266	266	273	273	494	494	291	291	295	295	496	496	
492	492	NULL	NULL	NULL	NULL	NULL	NULL	NULL	NULL	NULL	NULL	288	288	
492	492	NULL	NULL	NULL	NULL	NULL	NULL	NULL	NULL	NULL	NULL	288	288	
292	292	NULL	NULL	NULL	NULL	495	495	NULL	NULL	NULL	NULL	267	267	
292	292	NULL	NULL	296	296	495	495	269	269	NULL	NULL	267	267	
327	327	NULL	NULL	296	296	298	298	269	269	NULL	NULL	505	505	
327	327	NULL	NULL	491	491	298	298	308	308	NULL	NULL	505	505	
501	501	NULL	NULL	491	491	247	247	308	308	NULL	NULL	502	502	
501	501	NULL	NULL	NULL	NULL	247	247	NULL	NULL	NULL	NULL	502	502	
268	268	NULL	NULL	NULL	NULL	NULL	NULL	NULL	NULL	NULL	NULL	270	270	
268	268	NULL	NULL	NULL	NULL	NULL	NULL	NULL	NULL	NULL	NULL	270	270	
285	285	271	271	503	503	293	293	279	279	500	500	294	294	
285	285	271	271	503	503	293	293	279	279	500	500	294	294	
298	20	6	6	0	0	2	0	0	0	0	0	0	0	0	
299	43	6	0	0	6	2	0	0	0	0	0	0	0	0	
300	43	12	10	0	6	2	0	0	0	0	0	0	0	0	
301	43	0	10	0	6	2	0	0	0	0	0	0	0	0	
302	43	8	12	0	6	2	0	0	0	0	0	0	0	0	
303	2	6	8	0	6	2	3	2	1	0	0	0	0	0	
304	43	12	6	0	6	2	0	0	0	0	0	0	0	0	
305	43	12	2	0	3	2	0	0	0	0	0	0	0	0	
306	20	6	6	0	6	2	0	0	0	0	0	0	0	0	
307	4	4	5	0	6	2	5	2	1	0	0	0	0	0	
308	2	8	7	0	0	2	2	2	1	0	0	0	0	0	
309	43	10	0	0	6	2	0	0	0	0	0	0	0	0	
310	43	0	8	0	6	2	0	0	0	0	0	0	0	0	
311	43	12	12	0	6	2	0	0	0	0	0	0	0	0	
312	43	2	12	0	6	2	0	0	0	0	0	0	0	0	
313	43	4	0	0	6	2	0	0	0	0	0	0	0	0	
314	2	6	4	0	6	2	0	2	1	0	0	0	0	0	
315	43	12	0	0	6	2	0	0	0	0	0	0	0	0	
316	0	6	4	0	3	2	0	2	1	0	0	0	0	0	
317	43	12	8	0	6	2	0	0	0	0	0	0	0	0	
318	43	0	12	0	6	2	0	0	0	0	0	0	0	0	
319	43	0	6	0	6	2	0	0	0	0	0	0	0	0	
320	43	8	0	0	6	2	0	0	0	0	0	0	0	0	
321	43	10	12	0	6	2	0	0	0	0	0	0	0	0	
322	43	12	12	0	3	2	0	0	0	0	0	0	0	0	
323	0	6	8	0	3	2	3	2	1	0	0	0	0	0	
324	43	0	4	0	6	2	0	0	0	0	0	0	0	0	
325	43	6	12	0	6	2	0	0	0	0	0	0	0	0	
326	43	12	2	0	6	2	0	0	0	0	0	0	0	0	
327	43	0	6	0	0	2	0	0	0	0	0	0	0	0	
328	32	0	6	-999	-999	2	0	0	0	0	0	0	0	0	
276	276	248	248	313	313	299	299	320	320	309	309	315	315	
276	276	248	248	313	313	299	299	320	320	309	309	315	315	
272	272	NULL	NULL	NULL	NULL	NULL	NULL	NULL	NULL	NULL	NULL	326	326	
272	272	NULL	NULL	NULL	NULL	NULL	NULL	NULL	NULL	NULL	NULL	326	326	
324	324	NULL	NULL	NULL	NULL	314	314	NULL	NULL	NULL	NULL	286	286	
324	324	NULL	NULL	307	307	314	314	493	493	NULL	NULL	286	286	
319	319	NULL	NULL	307	307	306	306	493	493	NULL	NULL	304	304	
319	319	NULL	NULL	258	258	306	306	280	280	NULL	NULL	304	304	
310	310	NULL	NULL	258	258	303	303	280	280	NULL	NULL	317	317	
310	310	NULL	NULL	NULL	NULL	303	303	NULL	NULL	NULL	NULL	317	317	
301	301	NULL	NULL	NULL	NULL	NULL	NULL	NULL	NULL	NULL	NULL	300	300	
301	301	NULL	NULL	NULL	NULL	NULL	NULL	NULL	NULL	NULL	NULL	300	300	
318	318	312	312	287	287	325	325	302	302	321	321	311	311	
318	318	312	312	287	287	325	325	302	302	321	321	311	311	
329	20	6	6	0	3	2	0	0	0	0	0	0	0	0	
330	32	12	9	-999	-999	2	0	0	0	0	0	0	0	0	
344	344	341	341	365	365	397	397	354	354	337	337	336	336	
344	344	341	341	365	365	397	397	354	354	337	337	336	336	
347	347	349	349	345	345	370	370	360	360	358	358	351	351	
347	347	349	349	345	345	370	370	360	360	358	358	351	351	
342	342	NULL	NULL	NULL	NULL	NULL	NULL	NULL	NULL	357	357	353	353	
342	342	356	356	355	355	230	230	333	333	357	357	353	353	
392	392	356	356	355	355	230	230	333	333	NULL	NULL	338	338	
392	392	339	339	NULL	NULL	NULL	NULL	NULL	NULL	NULL	NULL	338	338	
343	343	339	339	218	218	362	362	NULL	NULL	NULL	NULL	335	335	
343	343	NULL	NULL	218	218	362	362	NULL	NULL	NULL	NULL	335	335	
331	331	NULL	NULL	NULL	NULL	NULL	NULL	NULL	NULL	NULL	NULL	348	348	
331	331	NULL	NULL	NULL	NULL	NULL	NULL	NULL	NULL	NULL	NULL	348	348	
361	361	366	366	332	332	372	372	346	346	340	340	229	229	
361	361	366	366	332	332	372	372	346	346	340	340	229	229	
331	43	0	10	12	9	2	0	0	0	0	0	0	0	0	
332	43	4	12	12	9	2	0	0	0	0	0	0	0	0	
333	35	8	5	12	9	2	0	0	0	0	0	0	0	0	
334	43	2	0	12	11	2	0	0	0	0	0	0	0	0	
335	43	12	8	12	9	2	0	0	0	0	0	0	0	0	
336	43	12	0	12	9	2	0	0	0	0	0	0	0	0	
337	43	10	0	12	9	2	0	0	0	0	0	0	0	0	
338	43	12	6	12	9	2	0	0	0	0	0	0	0	0	
339	37	2	7	12	9	2	0	0	0	0	0	0	0	0	
340	43	10	12	12	9	2	0	0	0	0	0	0	0	0	
341	43	2	0	12	9	2	0	0	0	0	0	0	0	0	
342	43	0	4	12	9	2	0	0	0	0	0	0	0	0	
343	43	0	8	12	9	2	0	0	0	0	0	0	0	0	
344	43	0	0	12	9	2	0	0	0	0	0	0	0	0	
345	35	4	2	12	9	2	0	0	0	0	0	0	0	0	
346	43	8	12	12	9	2	0	0	0	0	0	0	0	0	
347	43	0	2	12	9	2	0	0	0	0	0	0	0	0	
348	43	12	10	12	9	2	0	0	0	0	0	0	0	0	
349	0	2	2	12	9	2	0	2	1	0	0	0	0	0	
350	43	0	2	12	11	2	0	0	0	0	0	0	0	0	
351	43	12	2	12	9	2	0	0	0	0	0	0	0	0	
352	32	12	11	-999	-999	2	0	0	0	0	0	0	0	0	
385	385	334	334	389	389	388	388	373	373	394	394	213	213	
385	385	334	334	389	389	388	388	373	373	394	394	213	213	
350	350	380	380	378	378	227	227	405	405	375	375	401	401	
350	350	380	380	378	378	227	227	405	405	375	375	401	401	
381	381	383	383	NULL	NULL	NULL	NULL	NULL	NULL	NULL	NULL	396	396	
381	381	383	383	395	395	374	374	376	376	387	387	396	396	
368	368	NULL	NULL	395	395	374	374	376	376	387	387	391	391	
368	368	NULL	NULL	NULL	NULL	NULL	NULL	NULL	NULL	402	402	391	391	
404	404	485	485	480	480	NULL	NULL	NULL	NULL	402	402	384	384	
404	404	485	485	480	480	483	483	482	482	NULL	NULL	384	384	
390	390	484	484	479	479	483	483	482	482	478	478	393	393	
390	390	484	484	479	479	NULL	NULL	NULL	NULL	478	478	393	393	
220	220	386	386	399	399	367	367	403	403	398	398	379	379	
220	220	386	386	399	399	367	367	403	403	398	398	379	379	
353	43	12	4	12	9	2	0	0	0	0	0	0	0	0	
354	43	8	0	12	9	2	0	0	0	0	0	0	0	0	
355	35	4	5	12	9	2	0	0	0	0	0	0	0	0	
356	35	2	5	12	9	2	0	0	0	0	0	0	0	0	
357	62	10	4	12	9	2	0	0	0	0	0	0	0	0	
358	35	10	2	12	9	2	0	0	0	0	0	0	0	0	
359	76	4	6	-999	-999	2	0	0	0	0	0	0	0	0	
360	35	8	2	12	9	2	0	0	0	0	0	0	0	0	
361	43	0	12	12	9	2	0	0	0	0	0	0	0	0	
362	64	6	8	12	9	2	0	0	0	0	0	0	0	0	
363	52	16	0	-999	-999	2	0	0	0	0	0	0	0	0	
364	52	16	3	-999	-999	2	0	0	0	0	0	0	0	0	
365	43	4	0	12	9	2	0	0	0	0	0	0	0	0	
366	43	2	12	12	9	2	0	0	0	0	0	0	0	0	
367	43	6	12	12	11	2	0	0	0	0	0	0	0	0	
368	43	0	6	12	11	2	0	0	0	0	0	0	0	0	
369	1	22	22	-999	-999	2	10	3	1000	0	0	0	0	0	
370	35	6	2	12	9	2	0	0	0	0	0	0	0	0	
371	58	2	8	22	3	4	0	0	0	0	0	0	0	0	
372	43	6	12	12	9	2	0	0	0	0	0	0	0	0	
373	43	8	0	12	11	2	0	0	0	0	0	0	0	0	
374	37	6	5	12	11	2	0	0	0	0	0	0	0	0	
375	28	10	2	12	11	2	0	0	0	0	0	0	0	0	
376	64	8	5	12	11	2	0	0	0	0	0	0	0	0	
377	78	4	5	10	11	2	0	0	0	0	0	0	0	0	
378	62	4	2	12	11	2	0	0	0	0	0	0	0	0	
379	43	12	12	12	11	2	0	0	0	0	0	0	0	0	
380	62	2	2	12	11	2	0	0	0	0	0	0	0	0	
381	43	0	4	12	11	2	0	0	0	0	0	0	0	0	
382	53	2	4	22	0	4	0	0	0	0	0	0	0	0	
383	35	2	4	12	11	2	0	0	0	0	0	0	0	0	
384	43	12	8	12	11	2	0	0	0	0	0	0	0	0	
385	43	0	0	12	11	2	0	0	0	0	0	0	0	0	
386	43	2	12	12	11	2	0	0	0	0	0	0	0	0	
387	35	10	5	12	11	2	0	0	0	0	0	0	0	0	
388	43	6	0	12	11	2	0	0	0	0	0	0	0	0	
389	43	4	0	12	11	2	0	0	0	0	0	0	0	0	
390	42	0	10	12	11	2	0	0	0	0	0	0	0	0	
391	43	12	6	12	11	2	0	0	0	0	0	0	0	0	
392	43	0	6	12	9	2	0	0	0	0	0	0	0	0	
393	43	12	10	12	11	2	0	0	0	0	0	0	0	0	
394	43	10	0	12	11	2	0	0	0	0	0	0	0	0	
395	37	4	5	12	11	2	0	0	0	0	0	0	0	0	
396	43	12	4	12	11	2	0	0	0	0	0	0	0	0	
397	43	6	0	12	9	2	0	0	0	0	0	0	0	0	
398	43	10	12	12	11	2	0	0	0	0	0	0	0	0	
399	43	4	12	12	11	2	0	0	0	0	0	0	0	0	
400	35	2	5	10	11	2	0	0	0	0	0	0	0	0	
401	43	12	2	12	11	2	0	0	0	0	0	0	0	0	
402	64	10	7	12	11	2	0	0	0	0	0	0	0	0	
403	43	8	12	12	11	2	0	0	0	0	0	0	0	0	
404	42	0	8	12	11	2	0	0	0	0	0	0	0	0	
405	60	8	2	12	11	2	0	0	0	0	0	0	0	0	
406	54	4	0	-999	-999	2	0	0	0	0	0	0	0	0	
407	43	8	0	10	9	2	0	0	0	0	0	0	0	0	
408	43	0	12	10	9	2	0	0	0	0	0	0	0	0	
409	43	8	12	10	9	2	0	0	0	0	0	0	0	0	
410	43	12	8	10	9	2	0	0	0	0	0	0	0	0	
411	35	4	2	10	9	3	0	0	0	0	0	0	0	0	
412	43	0	10	10	9	2	0	0	0	0	0	0	0	0	
413	43	10	12	10	9	2	0	0	0	0	0	0	0	0	
414	43	12	10	10	9	2	0	0	0	0	0	0	0	0	
415	43	10	0	10	9	2	0	0	0	0	0	0	0	0	
416	43	0	8	10	9	2	0	0	0	0	0	0	0	0	
417	43	0	0	10	9	2	0	0	0	0	0	0	0	0	
418	43	12	0	10	9	2	0	0	0	0	0	0	0	0	
419	0	2	2	10	9	2	0	2	1	0	0	0	0	0	
420	35	6	2	10	9	2	0	0	0	0	0	0	0	0	
421	35	10	2	10	9	2	0	0	0	0	0	0	0	0	
422	35	8	2	10	9	2	0	0	0	0	0	0	0	0	
423	35	7	9	10	9	2	0	0	0	0	0	0	0	0	
424	78	10	4	10	9	2	0	0	0	0	0	0	0	0	
425	78	2	5	10	9	2	0	0	0	0	0	0	0	0	
426	35	9	8	10	9	2	0	0	0	0	0	0	0	0	
427	43	12	12	10	9	2	0	0	0	0	0	0	0	0	
428	37	2	7	10	9	2	0	0	0	0	0	0	0	0	
429	35	3	9	10	9	2	0	0	0	0	0	0	0	0	
430	35	5	9	10	9	2	0	0	0	0	0	0	0	0	
431	56	20	6	-999	-999	2	0	0	0	0	0	0	0	0	
432	32	10	9	-999	-999	2	0	0	0	0	0	0	0	0	
417	417	433	433	437	437	441	441	407	407	415	415	418	418	
417	417	433	433	437	437	441	441	407	407	415	415	418	418	
434	434	419	419	411	411	420	420	422	422	421	421	436	436	
434	434	419	419	411	411	420	420	422	422	421	421	436	436	
438	438	NULL	NULL	NULL	NULL	NULL	NULL	NULL	NULL	424	424	440	440	
438	438	425	425	NULL	NULL	NULL	NULL	NULL	NULL	424	424	440	440	
442	442	425	425	NULL	NULL	NULL	NULL	NULL	NULL	228	228	444	444	
442	442	428	428	NULL	NULL	NULL	NULL	NULL	NULL	228	228	444	444	
416	416	428	428	NULL	NULL	NULL	NULL	NULL	426	426	NULL	410	410	
416	416	NULL	429	429	430	430	423	423	426	426	NULL	410	410	
412	412	NULL	429	429	430	430	423	423	NULL	NULL	NULL	414	414	
412	412	NULL	NULL	NULL	NULL	NULL	NULL	NULL	NULL	NULL	NULL	414	414	
408	408	435	435	439	439	443	443	409	409	413	413	427	427	
408	408	435	435	439	439	443	443	409	409	413	413	427	427	
433	43	2	0	10	9	2	0	0	0	0	0	0	0	0	
434	43	0	2	10	9	2	0	0	0	0	0	0	0	0	
435	43	2	12	10	9	2	0	0	0	0	0	0	0	0	
436	43	12	2	10	9	2	0	0	0	0	0	0	0	0	
437	43	4	0	10	9	2	0	0	0	0	0	0	0	0	
438	43	0	4	10	9	2	0	0	0	0	0	0	0	0	
439	43	4	12	10	9	2	0	0	0	0	0	0	0	0	
440	43	12	4	10	9	2	0	0	0	0	0	0	0	0	
441	43	6	0	10	9	2	0	0	0	0	0	0	0	0	
442	43	0	6	10	9	2	0	0	0	0	0	0	0	0	
443	43	6	12	10	9	2	0	0	0	0	0	0	0	0	
444	43	12	6	10	9	2	0	0	0	0	0	0	0	0	
445	32	10	11	-999	-999	2	0	0	0	0	0	0	0	0	
468	468	462	462	458	458	454	454	450	450	446	446	466	466	
468	468	462	462	458	458	454	454	450	450	446	446	466	466	
449	449	474	474	473	473	472	472	471	471	470	470	447	447	
449	449	474	474	473	473	472	472	471	471	470	470	447	447	
453	453	NULL	NULL	NULL	NULL	NULL	NULL	NULL	NULL	475	475	451	451	
453	453	400	400	377	377	477	477	476	476	475	475	451	451	
457	457	400	400	377	377	477	477	476	476	NULL	NULL	455	455	
457	457	224	224	NULL	NULL	NULL	NULL	NULL	NULL	NULL	NULL	455	455	
461	461	224	224	NULL	NULL	103	103	141	141	486	486	459	459	
461	461	NULL	NULL	NULL	NULL	103	103	141	141	486	486	459	459	
465	465	488	488	187	187	115	115	489	489	487	487	463	463	
465	465	488	488	187	187	115	115	489	489	487	487	463	463	
469	469	464	464	460	460	456	456	452	452	448	448	467	467	
469	469	464	464	460	460	456	456	452	452	448	448	467	467	
446	43	10	0	10	11	2	0	0	0	0	0	0	0	0	
447	43	12	2	10	11	2	0	0	0	0	0	0	0	0	
448	43	10	12	10	11	2	0	0	0	0	0	0	0	0	
449	43	0	2	10	11	2	0	0	0	0	0	0	0	0	
450	43	8	0	10	11	2	0	0	0	0	0	0	0	0	
451	43	12	4	10	11	2	0	0	0	0	0	0	0	0	
452	43	8	12	10	11	2	0	0	0	0	0	0	0	0	
453	43	0	4	10	11	2	0	0	0	0	0	0	0	0	
454	43	6	0	10	11	2	0	0	0	0	0	0	0	0	
455	43	12	6	10	11	2	0	0	0	0	0	0	0	0	
456	43	6	12	10	11	2	0	0	0	0	0	0	0	0	
457	43	0	6	10	11	2	0	0	0	0	0	0	0	0	
458	43	4	0	10	11	2	0	0	0	0	0	0	0	0	
459	42	12	8	10	11	2	0	0	0	0	0	0	0	0	
460	43	4	12	10	11	2	0	0	0	0	0	0	0	0	
461	43	0	8	10	11	2	0	0	0	0	0	0	0	0	
462	43	2	0	10	11	2	0	0	0	0	0	0	0	0	
463	42	12	10	10	11	2	0	0	0	0	0	0	0	0	
464	43	2	12	10	11	2	0	0	0	0	0	0	0	0	
465	43	0	10	10	11	2	0	0	0	0	0	0	0	0	
466	43	12	0	10	11	2	0	0	0	0	0	0	0	0	
467	43	12	12	10	11	2	0	0	0	0	0	0	0	0	
468	43	0	0	10	11	2	0	0	0	0	0	0	0	0	
469	43	0	12	10	11	2	0	0	0	0	0	0	0	0	
470	78	10	2	10	11	2	0	0	0	0	0	0	0	0	
471	78	8	2	10	11	2	0	0	0	0	0	0	0	0	
472	61	6	2	10	11	2	0	0	0	0	0	0	0	0	
473	61	4	2	10	11	2	0	0	0	0	0	0	0	0	
474	29	2	2	10	11	2	0	0	0	0	0	0	0	0	
475	35	10	4	10	11	2	0	0	0	0	0	0	0	0	
476	37	8	5	10	11	2	0	0	0	0	0	0	0	0	
477	37	6	5	10	11	2	0	0	0	0	0	0	0	0	
478	27	10	10	12	11	2	0	0	0	0	0	0	0	0	
479	61	4	10	12	11	2	0	0	0	0	0	0	0	0	
480	60	4	8	12	11	2	0	0	0	0	0	0	0	0	
481	58	2	8	22	0	4	0	0	0	0	0	0	0	0	
482	63	8	9	12	11	2	0	0	0	0	0	0	0	0	
483	5	6	9	12	11	2	0	0	0	0	0	0	0	0	
484	35	2	10	12	11	2	0	0	0	0	0	0	0	0	
485	35	2	8	12	11	2	0	0	0	0	0	0	0	0	
486	35	10	8	10	11	2	0	0	0	0	0	0	0	0	
487	35	10	10	10	11	2	0	0	0	0	0	0	0	0	
488	63	2	10	10	11	2	0	0	0	0	0	0	0	0	
489	37	8	10	10	11	2	0	0	0	0	0	0	0	0	
490	58	2	8	22	6	4	0	0	0	0	0	0	0	0	
491	4	4	7	0	0	2	4	2	1	0	0	0	0	0	
492	43	0	2	0	0	2	0	0	0	0	0	0	0	0	
493	2	8	5	0	6	2	1	2	1	0	0	0	0	0	
494	43	6	0	0	0	2	0	0	0	0	0	0	0	0	
495	2	6	4	0	0	2	0	2	1	0	0	0	0	0	
496	43	12	0	0	0	2	0	0	0	0	0	0	0	0	
497	40	16	9	-999	-999	2	0	0	0	0	0	0	0	0	
498	40	14	11	-999	-999	2	0	0	0	0	0	0	0	0	
499	40	10	13	-999	-999	2	0	0	0	0	0	0	0	0	
500	43	10	12	0	0	2	0	0	0	0	0	0	0	0	
501	43	0	8	0	0	2	0	0	0	0	0	0	0	0	
502	43	12	8	0	0	2	0	0	0	0	0	0	0	0	
503	43	4	12	0	0	2	0	0	0	0	0	0	0	0	
504	43	0	0	0	0	2	0	0	0	0	0	0	0	0	
505	43	12	6	0	0	2	0	0	0	0	0	0	0	0	
506	40	8	13	-999	-999	2	0	0	0	0	0	0	0	0	
507	40	20	15	-999	-999	2	0	0	0	0	0	0	0	0	
508	40	22	11	-999	-999	2	0	0	0	0	0	0	0	0	
509	40	20	11	-999	-999	2	0	0	0	0	0	0	0	0	
510	40	0	15	-999	-999	2	0	0	0	0	0	0	0	0	
511	40	16	13	-999	-999	2	0	0	0	0	0	0	0	0	
512	40	18	13	-999	-999	2	0	0	0	0	0	0	0	0	
513	40	20	13	-999	-999	2	0	0	0	0	0	0	0	0	
514	40	22	13	-999	-999	2	0	0	0	0	0	0	0	0	
515	40	22	15	-999	-999	2	0	0	0	0	0	0	0	0	
516	40	6	13	-999	-999	2	0	0	0	0	0	0	0	0	
517	40	4	13	-999	-999	2	0	0	0	0	0	0	0	0	
518	40	2	13	-999	-999	2	0	0	0	0	0	0	0	0	
519	40	0	13	-999	-999	2	0	0	0	0	0	0	0	0	
520	40	4	15	-999	-999	2	0	0	0	0	0	0	0	0	
521	40	18	11	-999	-999	2	0	0	0	0	0	0	0	0	
522	40	16	11	-999	-999	2	0	0	0	0	0	0	0	0	
523	40	6	11	-999	-999	2	0	0	0	0	0	0	0	0	
524	40	4	11	-999	-999	2	0	0	0	0	0	0	0	0	
525	40	2	11	-999	-999	2	0	0	0	0	0	0	0	0	
526	40	0	11	-999	-999	2	0	0	0	0	0	0	0	0	
527	40	2	15	-999	-999	2	0	0	0	0	0	0	0	0	
528	40	6	15	-999	-999	2	0	0	0	0	0	0	0	0	
529	40	8	15	-999	-999	2	0	0	0	0	0	0	0	0	
530	40	10	15	-999	-999	2	0	0	0	0	0	0	0	0	
531	40	12	15	-999	-999	2	0	0	0	0	0	0	0	0	
532	40	14	15	-999	-999	2	0	0	0	0	0	0	0	0	
533	40	16	15	-999	-999	2	0	0	0	0	0	0	0	0	
534	40	18	15	-999	-999	2	0	0	0	0	0	0	0	0	
297	297	102	102	406	406	221	221	208	208	219	219	212	212	211	211	363	363	209	209	210	210	21	21	
297	297	102	102	406	406	221	221	208	208	219	219	212	212	211	211	363	363	209	209	210	210	21	21	
NULL	NULL	NULL	NULL	NULL	NULL	NULL	NULL	NULL	NULL	NULL	NULL	NULL	NULL	NULL	NULL	NULL	NULL	NULL	NULL	NULL	NULL	NULL	NULL	
235	235	136	136	233	233	225	225	232	232	222	222	204	204	217	217	364	364	231	231	205	205	34	34	
235	235	136	136	233	233	225	225	232	232	222	222	204	204	217	217	364	364	231	231	205	205	34	34	
NULL	NULL	NULL	NULL	NULL	NULL	NULL	NULL	NULL	NULL	NULL	NULL	NULL	NULL	NULL	NULL	NULL	NULL	NULL	NULL	NULL	NULL	NULL	NULL	
328	328	170	170	359	359	226	226	223	223	207	207	215	215	216	216	206	206	214	214	431	431	68	68	
328	328	170	170	359	359	226	226	223	223	207	207	215	215	216	216	206	206	214	214	431	431	68	68	
NULL	NULL	NULL	NULL	NULL	NULL	NULL	NULL	NULL	NULL	NULL	NULL	NULL	NULL	NULL	NULL	NULL	NULL	NULL	NULL	NULL	NULL	NULL	NULL	
282	282	275	275	278	278	260	260	290	290	432	432	330	330	284	284	497	497	274	274	289	289	241	241	
282	282	275	275	278	278	260	260	290	290	432	432	330	330	284	284	497	497	274	274	289	289	241	241	
526	526	525	525	524	524	523	523	281	281	445	445	352	352	498	498	522	522	521	521	509	509	508	508	
526	526	525	525	524	524	523	523	281	281	445	445	352	352	498	498	522	522	521	521	509	509	508	508	
519	519	518	518	517	517	516	516	506	506	499	499	283	283	277	277	511	511	512	512	513	513	514	514	
519	519	518	518	517	517	516	516	506	506	499	499	283	283	277	277	511	511	512	512	513	513	514	514	
510	510	527	527	520	520	528	528	529	529	530	530	531	531	532	532	533	533	534	534	507	507	515	515	
510	510	527	527	520	520	528	528	529	529	530	530	531	531	532	532	533	533	534	534	507	507	515	515	
NULL	NULL	NULL	NULL	NULL	NULL	NULL	NULL	NULL	NULL	NULL	NULL	NULL	NULL	NULL	NULL	NULL	NULL	NULL	NULL	NULL	NULL	NULL	NULL	
NULL	NULL	NULL	NULL	NULL	NULL	NULL	NULL	NULL	NULL	NULL	NULL	NULL	NULL	NULL	NULL	NULL	NULL	NULL	NULL	NULL	NULL	NULL	NULL	
NULL	NULL	NULL	NULL	NULL	NULL	NULL	NULL	NULL	NULL	NULL	NULL	NULL	NULL	NULL	NULL	NULL	NULL	NULL	NULL	NULL	NULL	NULL	NULL	
NULL	NULL	NULL	NULL	NULL	NULL	NULL	NULL	NULL	NULL	NULL	NULL	NULL	NULL	NULL	NULL	NULL	NULL	NULL	NULL	NULL	NULL	NULL	NULL	
NULL	NULL	NULL	NULL	NULL	NULL	NULL	NULL	NULL	NULL	NULL	NULL	NULL	NULL	NULL	NULL	NULL	NULL	NULL	NULL	NULL	NULL	NULL	NULL	
NULL	NULL	NULL	NULL	NULL	NULL	NULL	NULL	NULL	NULL	NULL	NULL	NULL	NULL	NULL	NULL	NULL	NULL	NULL	NULL	NULL	NULL	369	369	
NULL	NULL	NULL	NULL	NULL	NULL	NULL	NULL	NULL	NULL	NULL	NULL	NULL	NULL	NULL	NULL	NULL	NULL	NULL	NULL	NULL	NULL	369	369	
