630
0	40	3	9	-999	-999	2	0	0	0	0	0	0	0	0	
1	40	19	19	-999	-999	2	0	0	0	0	0	0	0	0	
2	40	11	17	-999	-999	2	0	0	0	0	0	0	0	0	
3	40	5	7	-999	-999	2	0	0	0	0	0	0	0	0	
4	40	7	17	-999	-999	2	0	0	0	0	0	0	0	0	
5	40	17	19	-999	-999	2	0	0	0	0	0	0	0	0	
6	40	5	15	-999	-999	2	0	0	0	0	0	0	0	0	
7	40	5	5	-999	-999	2	0	0	0	0	0	0	0	0	
8	40	5	19	-999	-999	2	0	0	0	0	0	0	0	0	
9	40	15	19	-999	-999	2	0	0	0	0	0	0	0	0	
10	40	3	13	-999	-999	2	0	0	0	0	0	0	0	0	
11	40	5	3	-999	-999	2	0	0	0	0	0	0	0	0	
12	40	19	3	-999	-999	2	0	0	0	0	0	0	0	0	
13	40	13	17	-999	-999	2	0	0	0	0	0	0	0	0	
14	40	17	3	-999	-999	2	0	0	0	0	0	0	0	0	
15	40	3	3	-999	-999	2	0	0	0	0	0	0	0	0	
16	40	13	3	-999	-999	2	0	0	0	0	0	0	0	0	
17	40	13	19	-999	-999	2	0	0	0	0	0	0	0	0	
18	40	11	3	-999	-999	2	0	0	0	0	0	0	0	0	
19	40	3	5	-999	-999	2	0	0	0	0	0	0	0	0	
20	40	7	5	-999	-999	2	0	0	0	0	0	0	0	0	
21	40	19	17	-999	-999	2	0	0	0	0	0	0	0	0	
22	40	7	7	-999	-999	2	0	0	0	0	0	0	0	0	
23	40	11	19	-999	-999	2	0	0	0	0	0	0	0	0	
24	40	3	7	-999	-999	2	0	0	0	0	0	0	0	0	
25	32	11	9	-999	-999	2	0	0	0	0	0	0	0	0	
46	46	26	26	30	30	34	34	38	38	42	42	48	48	
46	46	26	26	30	30	34	34	38	38	42	42	48	48	
27	27	NULL	NULL	NULL	NULL	531	531	NULL	NULL	NULL	NULL	29	29	
27	27	NULL	NULL	NULL	NULL	531	531	NULL	NULL	NULL	NULL	29	29	
31	31	NULL	NULL	NULL	NULL	565	565	NULL	NULL	NULL	NULL	33	33	
31	31	NULL	NULL	NULL	NULL	565	565	NULL	NULL	NULL	NULL	33	33	
35	35	521	521	NULL	NULL	545	545	NULL	NULL	526	526	37	37	
35	35	521	521	NULL	NULL	545	545	NULL	NULL	526	526	37	37	
39	39	522	522	NULL	NULL	553	553	NULL	NULL	525	525	41	41	
39	39	522	522	NULL	NULL	553	553	NULL	NULL	525	525	41	41	
43	43	523	523	NULL	NULL	546	546	NULL	NULL	524	524	45	45	
43	43	523	523	NULL	NULL	546	546	NULL	NULL	524	524	45	45	
47	47	28	28	32	32	36	36	40	40	44	44	49	49	
47	47	28	28	32	32	36	36	40	40	44	44	49	49	
26	43	2	0	11	9	2	0	0	0	0	0	0	0	0	
27	43	0	2	11	9	2	0	0	0	0	0	0	0	0	
28	42	2	12	11	9	2	0	0	0	0	0	0	0	0	
29	43	12	2	11	9	2	0	0	0	0	0	0	0	0	
30	43	4	0	11	9	2	0	0	0	0	0	0	0	0	
31	43	0	4	11	9	2	0	0	0	0	0	0	0	0	
32	43	4	12	11	9	2	0	0	0	0	0	0	0	0	
33	43	12	4	11	9	2	0	0	0	0	0	0	0	0	
34	43	6	0	11	9	2	0	0	0	0	0	0	0	0	
35	42	0	6	11	9	2	0	0	0	0	0	0	0	0	
36	42	6	12	11	9	2	0	0	0	0	0	0	0	0	
37	42	12	6	11	9	2	0	0	0	0	0	0	0	0	
38	43	8	0	11	9	2	0	0	0	0	0	0	0	0	
39	43	0	8	11	9	2	0	0	0	0	0	0	0	0	
40	43	8	12	11	9	2	0	0	0	0	0	0	0	0	
41	43	12	8	11	9	2	0	0	0	0	0	0	0	0	
42	43	10	0	11	9	2	0	0	0	0	0	0	0	0	
43	43	0	10	11	9	2	0	0	0	0	0	0	0	0	
44	42	10	12	11	9	2	0	0	0	0	0	0	0	0	
45	43	12	10	11	9	2	0	0	0	0	0	0	0	0	
46	43	0	0	11	9	2	0	0	0	0	0	0	0	0	
47	43	0	12	11	9	2	0	0	0	0	0	0	0	0	
48	43	12	0	11	9	2	0	0	0	0	0	0	0	0	
49	43	12	12	11	9	2	0	0	0	0	0	0	0	0	
50	32	9	9	-999	-999	2	0	0	0	0	0	0	0	0	
71	71	51	51	55	55	59	59	63	63	67	67	73	73	
71	71	51	51	55	55	59	59	63	63	67	67	73	73	
52	52	NULL	NULL	NULL	351	351	357	357	NULL	NULL	NULL	54	54	
52	52	NULL	NULL	NULL	351	351	357	357	NULL	NULL	NULL	54	54	
56	56	NULL	NULL	NULL	NULL	328	328	314	314	NULL	NULL	58	58	
56	56	NULL	NULL	NULL	NULL	328	328	314	314	349	349	58	58	
60	60	NULL	NULL	NULL	NULL	300	300	NULL	NULL	349	349	62	62	
60	60	NULL	NULL	NULL	NULL	300	300	NULL	NULL	NULL	NULL	62	62	
64	64	NULL	NULL	299	299	116	116	353	353	NULL	NULL	66	66	
64	64	NULL	NULL	299	299	116	116	353	353	NULL	NULL	66	66	
68	68	346	346	118	118	520	520	324	324	309	309	70	70	
68	68	346	346	118	118	520	520	324	324	309	309	70	70	
72	72	53	53	57	57	61	61	65	65	69	69	74	74	
72	72	53	53	57	57	61	61	65	65	69	69	74	74	
51	43	2	0	9	9	2	0	0	0	0	0	0	0	0	
52	43	0	2	9	9	2	0	0	0	0	0	0	0	0	
53	43	2	12	9	9	2	0	0	0	0	0	0	0	0	
54	43	12	2	9	9	2	0	0	0	0	0	0	0	0	
55	43	4	0	9	9	2	0	0	0	0	0	0	0	0	
56	43	0	4	9	9	2	0	0	0	0	0	0	0	0	
57	43	4	12	9	9	2	0	0	0	0	0	0	0	0	
58	43	12	4	9	9	2	0	0	0	0	0	0	0	0	
59	43	6	0	9	9	2	0	0	0	0	0	0	0	0	
60	43	0	6	9	9	2	0	0	0	0	0	0	0	0	
61	42	6	12	9	9	1	0	0	0	0	0	0	0	0	
62	42	12	6	9	9	2	0	0	0	0	0	0	0	0	
63	43	8	0	9	9	2	0	0	0	0	0	0	0	0	
64	43	0	8	9	9	2	0	0	0	0	0	0	0	0	
65	43	8	12	9	9	2	0	0	0	0	0	0	0	0	
66	43	12	8	9	9	2	0	0	0	0	0	0	0	0	
67	43	10	0	9	9	2	0	0	0	0	0	0	0	0	
68	43	0	10	9	9	2	0	0	0	0	0	0	0	0	
69	43	10	12	9	9	2	0	0	0	0	0	0	0	0	
70	43	12	10	9	9	2	0	0	0	0	0	0	0	0	
71	43	0	0	9	9	2	0	0	0	0	0	0	0	0	
72	43	0	12	9	9	2	0	0	0	0	0	0	0	0	
73	43	12	0	9	9	2	0	0	0	0	0	0	0	0	
74	43	12	12	9	9	2	0	0	0	0	0	0	0	0	
75	32	9	11	-999	-999	2	0	0	0	0	0	0	0	0	
96	96	76	76	80	80	84	84	88	88	92	92	98	98	
96	96	76	76	80	80	84	84	88	88	92	92	98	98	
77	77	NULL	NULL	NULL	NULL	515	515	NULL	NULL	NULL	NULL	79	79	
77	77	NULL	NULL	NULL	NULL	515	515	NULL	NULL	NULL	NULL	79	79	
81	81	NULL	NULL	NULL	NULL	514	514	NULL	NULL	NULL	NULL	83	83	
81	81	NULL	NULL	NULL	NULL	514	514	512	512	NULL	NULL	83	83	
85	85	517	517	518	518	511	511	512	512	NULL	NULL	87	87	
85	85	517	517	518	518	511	511	513	513	NULL	NULL	87	87	
89	89	NULL	NULL	NULL	NULL	516	516	513	513	NULL	NULL	91	91	
89	89	NULL	NULL	NULL	NULL	516	516	NULL	NULL	NULL	NULL	91	91	
93	93	NULL	NULL	NULL	NULL	519	519	NULL	NULL	NULL	NULL	95	95	
93	93	NULL	NULL	NULL	NULL	519	519	NULL	NULL	NULL	NULL	95	95	
97	97	78	78	82	82	86	86	90	90	94	94	99	99	
97	97	78	78	82	82	86	86	90	90	94	94	99	99	
76	43	2	0	9	11	2	0	0	0	0	0	0	0	0	
77	43	0	2	9	11	2	0	0	0	0	0	0	0	0	
78	43	2	12	9	11	2	0	0	0	0	0	0	0	0	
79	43	12	2	9	11	2	0	0	0	0	0	0	0	0	
80	43	4	0	9	11	2	0	0	0	0	0	0	0	0	
81	43	0	4	9	11	2	0	0	0	0	0	0	0	0	
82	43	4	12	9	11	2	0	0	0	0	0	0	0	0	
83	43	12	4	9	11	2	0	0	0	0	0	0	0	0	
84	42	6	0	9	11	2	0	0	0	0	0	0	0	0	
85	42	0	6	9	11	2	0	0	0	0	0	0	0	0	
86	42	6	12	9	11	2	0	0	0	0	0	0	0	0	
87	43	12	6	9	11	2	0	0	0	0	0	0	0	0	
88	43	8	0	9	11	2	0	0	0	0	0	0	0	0	
89	43	0	8	9	11	2	0	0	0	0	0	0	0	0	
90	43	8	12	9	11	2	0	0	0	0	0	0	0	0	
91	43	12	8	9	11	2	0	0	0	0	0	0	0	0	
92	43	10	0	9	11	2	0	0	0	0	0	0	0	0	
93	43	0	10	9	11	2	0	0	0	0	0	0	0	0	
94	43	10	12	9	11	2	0	0	0	0	0	0	0	0	
95	43	12	10	9	11	2	0	0	0	0	0	0	0	0	
96	43	0	0	9	11	2	0	0	0	0	0	0	0	0	
97	43	0	12	9	11	2	0	0	0	0	0	0	0	0	
98	43	12	0	9	11	2	0	0	0	0	0	0	0	0	
99	43	12	12	9	11	2	0	0	0	0	0	0	0	0	
100	21	8	2	9	13	2	0	0	0	0	0	0	0	0	
101	37	10	6	13	9	2	0	0	0	0	0	0	0	0	
102	30	2	4	15	13	2	0	0	0	0	0	0	0	0	
103	37	2	8	15	7	2	0	0	0	0	0	0	0	0	
104	37	2	2	15	9	2	0	0	0	0	0	0	0	0	
105	37	10	8	13	9	2	0	0	0	0	0	0	0	0	
106	37	4	4	13	9	2	0	0	0	0	0	0	0	0	
107	37	10	6	9	13	2	0	0	0	0	0	0	0	0	
108	35	2	8	13	9	2	0	0	0	0	0	0	0	0	
109	37	10	10	13	9	2	0	0	0	0	0	0	0	0	
110	6	4	8	13	9	4	0	0	0	0	0	0	0	0	
111	37	8	6	9	13	2	0	0	0	0	0	0	0	0	
112	5	4	6	13	9	2	0	0	0	0	0	0	0	0	
113	43	8	0	9	13	2	0	0	0	0	0	0	0	0	
114	5	2	6	13	9	2	0	0	0	0	0	0	0	0	
115	37	6	6	9	13	2	0	0	0	0	0	0	0	0	
116	5	6	8	9	9	2	0	0	0	0	0	0	0	0	
117	43	6	12	9	13	2	0	0	0	0	0	0	0	0	
118	6	4	10	9	9	3	0	0	0	0	0	0	0	0	
119	37	6	2	9	13	2	0	0	0	0	0	0	0	0	
120	37	10	2	13	9	2	0	0	0	0	0	0	0	0	
121	20	3	10	13	9	3	0	0	0	0	0	0	0	0	
122	37	2	10	15	7	2	0	0	0	0	0	0	0	0	
123	43	12	4	9	13	2	0	0	0	0	0	0	0	0	
124	74	6	4	9	13	3	0	0	0	0	0	0	0	0	
125	43	12	0	11	13	2	0	0	0	0	0	0	0	0	
126	5	2	6	11	13	2	0	0	0	0	0	0	0	0	
127	43	0	0	11	13	2	0	0	0	0	0	0	0	0	
128	18	2	10	11	13	2	0	0	0	0	0	0	0	0	
129	43	10	12	11	13	2	0	0	0	0	0	0	0	0	
130	6	2	4	11	13	1	0	0	0	0	0	0	0	0	
131	43	8	0	11	13	2	0	0	0	0	0	0	0	0	
132	37	6	6	11	13	1	0	0	0	0	0	0	0	0	
133	43	0	4	11	13	2	0	0	0	0	0	0	0	0	
134	28	2	2	11	13	2	0	0	0	0	0	0	0	0	
135	43	8	12	11	13	2	0	0	0	0	0	0	0	0	
136	5	4	6	11	13	2	0	0	0	0	0	0	0	0	
137	42	0	6	11	13	1	0	0	0	0	0	0	0	0	
138	36	4	8	11	13	2	0	0	0	0	0	0	0	0	
139	43	6	12	11	13	2	0	0	0	0	0	0	0	0	
140	43	2	12	11	13	2	0	0	0	0	0	0	0	0	
141	36	4	4	11	13	2	0	0	0	0	0	0	0	0	
142	43	0	12	11	13	2	0	0	0	0	0	0	0	0	
143	43	0	10	11	13	2	0	0	0	0	0	0	0	0	
144	43	10	0	11	13	2	0	0	0	0	0	0	0	0	
145	37	10	5	11	13	2	0	0	0	0	0	0	0	0	
146	6	2	8	11	13	3	0	0	0	0	0	0	0	0	
147	43	12	8	11	13	2	0	0	0	0	0	0	0	0	
148	43	12	12	11	13	2	0	0	0	0	0	0	0	0	
149	37	7	2	11	13	3	0	0	0	0	0	0	0	0	
150	32	13	13	-999	-999	2	0	0	0	0	0	0	0	0	
171	171	151	151	155	155	159	159	163	163	167	167	173	173	
171	171	151	151	155	155	159	159	163	163	167	167	173	173	
152	152	NULL	NULL	NULL	NULL	564	564	527	527	NULL	NULL	154	154	
152	152	NULL	NULL	NULL	NULL	564	564	527	527	NULL	NULL	154	154	
156	156	NULL	NULL	NULL	NULL	NULL	556	556	530	530	NULL	158	158	
156	156	NULL	NULL	NULL	NULL	NULL	556	556	530	530	NULL	158	158	
160	160	562	562	554	554	555	555	NULL	NULL	NULL	NULL	162	162	
160	160	562	562	554	554	555	555	NULL	NULL	NULL	NULL	162	162	
164	164	561	561	NULL	NULL	NULL	557	557	NULL	NULL	NULL	166	166	
164	164	561	561	NULL	NULL	NULL	557	557	NULL	NULL	NULL	166	166	
168	168	560	560	NULL	NULL	529	529	528	528	NULL	NULL	170	170	
168	168	560	560	NULL	NULL	529	529	528	528	NULL	NULL	170	170	
172	172	153	153	157	157	161	161	165	165	169	169	174	174	
172	172	153	153	157	157	161	161	165	165	169	169	174	174	
151	43	2	0	13	13	2	0	0	0	0	0	0	0	0	
152	43	0	2	13	13	2	0	0	0	0	0	0	0	0	
153	43	2	12	13	13	2	0	0	0	0	0	0	0	0	
154	43	12	2	13	13	2	0	0	0	0	0	0	0	0	
155	43	4	0	13	13	2	0	0	0	0	0	0	0	0	
156	43	0	4	13	13	2	0	0	0	0	0	0	0	0	
157	43	4	12	13	13	2	0	0	0	0	0	0	0	0	
158	43	12	4	13	13	2	0	0	0	0	0	0	0	0	
159	43	6	0	13	13	2	0	0	0	0	0	0	0	0	
160	43	0	6	13	13	2	0	0	0	0	0	0	0	0	
161	43	6	12	13	13	2	0	0	0	0	0	0	0	0	
162	43	12	6	13	13	2	0	0	0	0	0	0	0	0	
163	43	8	0	13	13	2	0	0	0	0	0	0	0	0	
164	43	0	8	13	13	2	0	0	0	0	0	0	0	0	
165	43	8	12	13	13	2	0	0	0	0	0	0	0	0	
166	43	12	8	13	13	2	0	0	0	0	0	0	0	0	
167	43	10	0	13	13	2	0	0	0	0	0	0	0	0	
168	42	0	10	13	13	2	0	0	0	0	0	0	0	0	
169	43	10	12	13	13	2	0	0	0	0	0	0	0	0	
170	43	12	10	13	13	2	0	0	0	0	0	0	0	0	
171	43	0	0	13	13	2	0	0	0	0	0	0	0	0	
172	43	0	12	13	13	2	0	0	0	0	0	0	0	0	
173	43	12	0	13	13	2	0	0	0	0	0	0	0	0	
174	43	12	12	13	13	2	0	0	0	0	0	0	0	0	
175	32	13	11	-999	-999	2	0	0	0	0	0	0	0	0	
196	196	176	176	180	180	184	184	188	188	192	192	198	198	
196	196	176	176	180	180	184	184	188	188	192	192	198	198	
177	177	NULL	NULL	NULL	NULL	NULL	NULL	NULL	NULL	539	539	179	179	
177	177	NULL	NULL	NULL	NULL	NULL	NULL	540	540	539	539	179	179	
181	181	543	543	542	542	541	541	540	540	NULL	NULL	183	183	
181	181	543	543	542	542	541	541	NULL	NULL	NULL	NULL	183	183	
185	185	NULL	NULL	NULL	NULL	NULL	NULL	NULL	NULL	535	535	187	187	
185	185	NULL	NULL	NULL	NULL	NULL	NULL	536	536	535	535	187	187	
189	189	534	534	538	538	537	537	536	536	NULL	NULL	191	191	
189	189	534	534	538	538	537	537	NULL	NULL	NULL	NULL	191	191	
193	193	NULL	NULL	NULL	NULL	NULL	NULL	NULL	NULL	NULL	NULL	195	195	
193	193	NULL	NULL	NULL	NULL	NULL	NULL	NULL	NULL	NULL	NULL	195	195	
197	197	178	178	182	182	186	186	190	190	194	194	199	199	
197	197	178	178	182	182	186	186	190	190	194	194	199	199	
176	43	2	0	13	11	2	0	0	0	0	0	0	0	0	
177	43	0	2	13	11	2	0	0	0	0	0	0	0	0	
178	43	2	12	13	11	2	0	0	0	0	0	0	0	0	
179	43	12	2	13	11	2	0	0	0	0	0	0	0	0	
180	43	4	0	13	11	2	0	0	0	0	0	0	0	0	
181	42	0	4	13	11	2	0	0	0	0	0	0	0	0	
182	43	4	12	13	11	2	0	0	0	0	0	0	0	0	
183	43	12	4	13	11	2	0	0	0	0	0	0	0	0	
184	43	6	0	13	11	2	0	0	0	0	0	0	0	0	
185	43	0	6	13	11	2	0	0	0	0	0	0	0	0	
186	43	6	12	13	11	2	0	0	0	0	0	0	0	0	
187	42	12	6	13	11	2	0	0	0	0	0	0	0	0	
188	43	8	0	13	11	2	0	0	0	0	0	0	0	0	
189	42	0	8	13	11	2	0	0	0	0	0	0	0	0	
190	43	8	12	13	11	2	0	0	0	0	0	0	0	0	
191	43	12	8	13	11	2	0	0	0	0	0	0	0	0	
192	42	10	0	13	11	2	0	0	0	0	0	0	0	0	
193	43	0	10	13	11	2	0	0	0	0	0	0	0	0	
194	43	10	12	13	11	2	0	0	0	0	0	0	0	0	
195	43	12	10	13	11	2	0	0	0	0	0	0	0	0	
196	43	0	0	13	11	2	0	0	0	0	0	0	0	0	
197	43	0	12	13	11	2	0	0	0	0	0	0	0	0	
198	43	12	0	13	11	2	0	0	0	0	0	0	0	0	
199	43	12	12	13	11	2	0	0	0	0	0	0	0	0	
200	32	13	9	-999	-999	2	0	0	0	0	0	0	0	0	
221	221	201	201	205	205	209	209	213	213	217	217	223	223	
221	221	201	201	205	205	209	209	213	213	217	217	223	223	
202	202	NULL	NULL	NULL	NULL	NULL	NULL	315	315	120	120	204	204	
202	202	NULL	NULL	NULL	NULL	343	343	315	315	120	120	204	204	
206	206	NULL	NULL	106	106	343	343	NULL	NULL	NULL	NULL	208	208	
206	206	NULL	NULL	106	106	NULL	NULL	NULL	NULL	NULL	NULL	208	208	
210	210	114	114	112	112	NULL	NULL	NULL	NULL	101	101	212	212	
210	210	114	114	112	112	NULL	NULL	NULL	NULL	101	101	212	212	
214	214	108	108	110	110	NULL	NULL	NULL	NULL	105	105	216	216	
214	214	108	108	110	110	NULL	NULL	NULL	NULL	105	105	216	216	
218	218	NULL	121	121	NULL	NULL	NULL	NULL	NULL	109	109	220	220	
218	218	NULL	121	121	NULL	NULL	NULL	NULL	NULL	109	109	220	220	
222	222	203	203	207	207	211	211	215	215	219	219	224	224	
222	222	203	203	207	207	211	211	215	215	219	219	224	224	
201	43	2	0	13	9	2	0	0	0	0	0	0	0	0	
202	43	0	2	13	9	2	0	0	0	0	0	0	0	0	
203	43	2	12	13	9	2	0	0	0	0	0	0	0	0	
204	42	12	2	13	9	2	0	0	0	0	0	0	0	0	
205	43	4	0	13	9	2	0	0	0	0	0	0	0	0	
206	43	0	4	13	9	2	0	0	0	0	0	0	0	0	
207	43	4	12	13	9	2	0	0	0	0	0	0	0	0	
208	43	12	4	13	9	2	0	0	0	0	0	0	0	0	
209	43	6	0	13	9	2	0	0	0	0	0	0	0	0	
210	42	0	6	13	9	2	0	0	0	0	0	0	0	0	
211	43	6	12	13	9	2	0	0	0	0	0	0	0	0	
212	42	12	6	13	9	2	0	0	0	0	0	0	0	0	
213	43	8	0	13	9	2	0	0	0	0	0	0	0	0	
214	43	0	8	13	9	2	0	0	0	0	0	0	0	0	
215	43	8	12	13	9	2	0	0	0	0	0	0	0	0	
216	43	12	8	13	9	2	0	0	0	0	0	0	0	0	
217	43	10	0	13	9	2	0	0	0	0	0	0	0	0	
218	43	0	10	13	9	2	0	0	0	0	0	0	0	0	
219	42	10	12	13	9	2	0	0	0	0	0	0	0	0	
220	43	12	10	13	9	2	0	0	0	0	0	0	0	0	
221	43	0	0	13	9	2	0	0	0	0	0	0	0	0	
222	43	0	12	13	9	2	0	0	0	0	0	0	0	0	
223	43	12	0	13	9	2	0	0	0	0	0	0	0	0	
224	43	12	12	13	9	2	0	0	0	0	0	0	0	0	
225	0	5	11	-999	-999	2	0	1	1000	0	0	0	0	0	
226	32	7	11	-999	-999	2	0	0	0	0	0	0	0	0	
247	247	227	227	231	231	235	235	239	239	243	243	249	249	
247	247	227	227	231	231	235	235	239	239	243	243	249	249	
228	228	NULL	NULL	NULL	NULL	NULL	NULL	257	257	NULL	NULL	230	230	
228	228	262	262	NULL	NULL	NULL	NULL	257	257	NULL	NULL	230	230	
232	232	262	262	261	261	NULL	NULL	253	253	255	255	234	234	
232	232	260	260	261	261	NULL	NULL	253	253	255	255	234	234	
236	236	260	260	263	263	259	259	251	251	252	252	238	238	
236	236	NULL	NULL	263	263	259	259	251	251	252	252	238	238	
240	240	NULL	NULL	NULL	NULL	NULL	NULL	254	254	256	256	242	242	
240	240	NULL	NULL	NULL	NULL	NULL	NULL	254	254	256	256	242	242	
244	244	NULL	NULL	NULL	NULL	NULL	NULL	264	264	NULL	NULL	246	246	
244	244	NULL	NULL	NULL	NULL	NULL	NULL	264	264	NULL	NULL	246	246	
248	248	229	229	233	233	237	237	241	241	245	245	250	250	
248	248	229	229	233	233	237	237	241	241	245	245	250	250	
227	43	2	0	7	11	2	0	0	0	0	0	0	0	0	
228	43	0	2	7	11	2	0	0	0	0	0	0	0	0	
229	43	2	12	7	11	2	0	0	0	0	0	0	0	0	
230	43	12	2	7	11	2	0	0	0	0	0	0	0	0	
231	43	4	0	7	11	2	0	0	0	0	0	0	0	0	
232	43	0	4	7	11	2	0	0	0	0	0	0	0	0	
233	43	4	12	7	11	2	0	0	0	0	0	0	0	0	
234	43	12	4	7	11	2	0	0	0	0	0	0	0	0	
235	43	6	0	7	11	2	0	0	0	0	0	0	0	0	
236	42	0	6	7	11	2	0	0	0	0	0	0	0	0	
237	43	6	12	7	11	2	0	0	0	0	0	0	0	0	
238	42	12	6	7	11	2	0	0	0	0	0	0	0	0	
239	43	8	0	7	11	2	0	0	0	0	0	0	0	0	
240	43	0	8	7	11	2	0	0	0	0	0	0	0	0	
241	43	8	12	7	11	2	0	0	0	0	0	0	0	0	
242	43	12	8	7	11	2	0	0	0	0	0	0	0	0	
243	43	10	0	7	11	2	0	0	0	0	0	0	0	0	
244	43	0	10	7	11	2	0	0	0	0	0	0	0	0	
245	43	10	12	7	11	2	0	0	0	0	0	0	0	0	
246	43	12	10	7	11	2	0	0	0	0	0	0	0	0	
247	43	0	0	7	11	2	0	0	0	0	0	0	0	0	
248	43	0	12	7	11	2	0	0	0	0	0	0	0	0	
249	43	12	0	7	11	2	0	0	0	0	0	0	0	0	
250	43	12	12	7	11	2	0	0	0	0	0	0	0	0	
251	5	8	6	7	11	2	0	0	0	0	0	0	0	0	
252	5	10	6	7	11	2	0	0	0	0	0	0	0	0	
253	6	8	4	7	11	3	0	0	0	0	0	0	0	0	
254	6	8	8	7	11	1	0	0	0	0	0	0	0	0	
255	36	10	4	7	11	2	0	0	0	0	0	0	0	0	
256	36	10	8	7	11	2	0	0	0	0	0	0	0	0	
257	17	8	2	7	11	2	0	0	0	0	0	0	0	0	
258	40	9	5	-999	-999	2	0	0	0	0	0	0	0	0	
259	74	6	6	7	11	4	0	0	0	0	0	0	0	0	
260	6	2	5	7	11	2	0	0	0	0	0	0	0	0	
261	37	4	4	7	11	2	0	0	0	0	0	0	0	0	
262	37	2	3	7	11	2	0	0	0	0	0	0	0	0	
263	26	4	6	7	11	4	0	0	0	0	0	0	0	0	
264	29	8	10	7	11	2	0	0	0	0	0	0	0	0	
265	40	11	5	-999	-999	2	0	0	0	0	0	0	0	0	
266	68	17	7	-999	-999	2	8	60	1	0	0	0	0	0	
267	69	17	9	-999	-999	2	16	60	2	0	0	0	0	0	
268	70	17	11	-999	-999	2	24	60	3	0	0	0	0	0	
269	71	17	13	-999	-999	2	32	60	4	0	0	0	0	0	
270	72	17	15	-999	-999	2	40	60	5	0	0	0	0	0	
271	32	15	7	-999	-999	2	0	0	0	0	0	0	0	0	
293	293	274	274	278	278	282	282	286	286	290	290	295	295	
293	293	274	274	278	278	282	282	286	286	290	290	295	295	
289	289	340	340	345	345	321	321	NULL	NULL	NULL	NULL	291	291	
289	289	340	340	345	345	321	321	NULL	NULL	NULL	NULL	291	291	
285	285	336	336	NULL	NULL	317	317	NULL	NULL	NULL	NULL	287	287	
285	285	336	336	NULL	NULL	317	317	NULL	NULL	NULL	NULL	287	287	
281	281	332	332	NULL	NULL	297	297	NULL	NULL	358	358	283	283	
281	281	332	332	NULL	NULL	297	297	NULL	NULL	358	358	283	283	
277	277	103	103	NULL	NULL	301	301	NULL	NULL	356	356	279	279	
277	277	103	103	NULL	NULL	301	301	NULL	NULL	356	356	279	279	
273	273	122	122	NULL	NULL	305	305	352	352	354	354	275	275	
273	273	122	122	NULL	NULL	305	305	352	352	354	354	275	275	
292	292	272	272	276	276	280	280	284	284	288	288	294	294	
292	292	272	272	276	276	280	280	284	284	288	288	294	294	
272	42	2	12	15	7	2	0	0	0	0	0	0	0	0	
273	43	0	10	15	7	2	0	0	0	0	0	0	0	0	
274	43	2	0	15	7	2	0	0	0	0	0	0	0	0	
275	43	12	10	15	7	2	0	0	0	0	0	0	0	0	
276	43	4	12	15	7	2	0	0	0	0	0	0	0	0	
277	43	0	8	15	7	2	0	0	0	0	0	0	0	0	
278	43	4	0	15	7	2	0	0	0	0	0	0	0	0	
279	43	12	8	15	7	2	0	0	0	0	0	0	0	0	
280	43	6	12	15	7	2	0	0	0	0	0	0	0	0	
281	43	0	6	15	7	2	0	0	0	0	0	0	0	0	
282	43	6	0	15	7	2	0	0	0	0	0	0	0	0	
283	42	12	6	15	7	2	0	0	0	0	0	0	0	0	
284	43	8	12	15	7	2	0	0	0	0	0	0	0	0	
285	43	0	4	15	7	2	0	0	0	0	0	0	0	0	
286	43	8	0	15	7	2	0	0	0	0	0	0	0	0	
287	43	12	4	15	7	2	0	0	0	0	0	0	0	0	
288	43	10	12	15	7	2	0	0	0	0	0	0	0	0	
289	43	0	2	15	7	2	0	0	0	0	0	0	0	0	
290	43	10	0	15	7	2	0	0	0	0	0	0	0	0	
291	43	12	2	15	7	2	0	0	0	0	0	0	0	0	
292	43	0	12	15	7	2	0	0	0	0	0	0	0	0	
293	43	0	0	15	7	2	0	0	0	0	0	0	0	0	
294	43	12	12	15	7	2	0	0	0	0	0	0	0	0	
295	43	12	0	15	7	2	0	0	0	0	0	0	0	0	
296	43	2	0	9	13	2	0	0	0	0	0	0	0	0	
297	34	6	6	15	7	2	0	0	0	0	0	0	0	0	
298	43	12	6	11	13	2	0	0	0	0	0	0	0	0	
299	36	4	8	9	9	2	0	0	0	0	0	0	0	0	
300	37	6	6	9	9	1	0	0	0	0	0	0	0	0	
301	34	6	8	15	7	2	0	0	0	0	0	0	0	0	
302	37	10	7	11	13	2	0	0	0	0	0	0	0	0	
303	32	9	13	-999	-999	2	0	0	0	0	0	0	0	0	
322	322	296	296	339	339	342	342	113	113	333	333	327	327	
322	322	296	296	339	339	342	342	113	113	333	333	327	327	
330	330	NULL	NULL	NULL	NULL	119	119	100	100	NULL	NULL	331	331	
330	330	NULL	NULL	NULL	NULL	119	119	100	100	NULL	NULL	331	331	
311	311	NULL	NULL	NULL	NULL	124	124	NULL	NULL	NULL	NULL	123	123	
311	311	NULL	NULL	NULL	NULL	124	124	NULL	NULL	NULL	NULL	123	123	
326	326	NULL	NULL	NULL	NULL	115	115	111	111	107	107	334	334	
326	326	NULL	NULL	NULL	NULL	115	115	111	111	107	107	334	334	
344	344	NULL	NULL	NULL	NULL	NULL	NULL	NULL	NULL	NULL	NULL	329	329	
344	344	NULL	NULL	NULL	NULL	NULL	NULL	NULL	NULL	NULL	NULL	329	329	
337	337	NULL	NULL	NULL	NULL	NULL	NULL	NULL	NULL	NULL	NULL	307	307	
337	337	NULL	NULL	NULL	NULL	NULL	NULL	NULL	NULL	NULL	NULL	307	307	
338	338	323	323	320	320	117	117	325	325	341	341	335	335	
338	338	323	323	320	320	117	117	325	325	341	341	335	335	
304	6	8	6	11	13	2	0	0	0	0	0	0	0	0	
305	34	6	10	15	7	2	0	0	0	0	0	0	0	0	
306	43	4	0	11	13	2	0	0	0	0	0	0	0	0	
307	43	12	10	9	13	2	0	0	0	0	0	0	0	0	
308	43	0	8	11	13	2	0	0	0	0	0	0	0	0	
309	28	10	10	9	9	2	0	0	0	0	0	0	0	0	
310	43	0	2	11	13	2	0	0	0	0	0	0	0	0	
311	43	0	4	9	13	2	0	0	0	0	0	0	0	0	
312	43	12	4	11	13	2	0	0	0	0	0	0	0	0	
313	43	4	12	11	13	2	0	0	0	0	0	0	0	0	
314	26	8	4	9	9	4	0	0	0	0	0	0	0	0	
315	37	8	2	13	9	2	0	0	0	0	0	0	0	0	
316	26	8	4	11	13	4	0	0	0	0	0	0	0	0	
317	34	6	4	15	7	2	0	0	0	0	0	0	0	0	
318	42	12	10	11	13	2	0	0	0	0	0	0	0	0	
319	43	12	2	11	13	2	0	0	0	0	0	0	0	0	
320	43	4	12	9	13	2	0	0	0	0	0	0	0	0	
321	34	6	2	15	7	2	0	0	0	0	0	0	0	0	
322	43	0	0	9	13	2	0	0	0	0	0	0	0	0	
323	43	2	12	9	13	2	0	0	0	0	0	0	0	0	
324	6	8	10	9	9	1	0	0	0	0	0	0	0	0	
325	43	8	12	9	13	2	0	0	0	0	0	0	0	0	
326	43	0	6	9	13	2	0	0	0	0	0	0	0	0	
327	43	12	0	9	13	2	0	0	0	0	0	0	0	0	
328	6	6	4	9	9	2	0	0	0	0	0	0	0	0	
329	43	12	8	9	13	2	0	0	0	0	0	0	0	0	
330	43	0	2	9	13	2	0	0	0	0	0	0	0	0	
331	43	12	2	9	13	2	0	0	0	0	0	0	0	0	
332	34	2	6	15	7	2	0	0	0	0	0	0	0	0	
333	43	10	0	9	13	2	0	0	0	0	0	0	0	0	
334	42	12	6	9	13	2	0	0	0	0	0	0	0	0	
335	43	12	12	9	13	2	0	0	0	0	0	0	0	0	
336	34	2	4	15	7	2	0	0	0	0	0	0	0	0	
337	43	0	10	9	13	2	0	0	0	0	0	0	0	0	
338	43	0	12	9	13	2	0	0	0	0	0	0	0	0	
339	43	4	0	9	13	2	0	0	0	0	0	0	0	0	
340	34	2	2	15	7	2	0	0	0	0	0	0	0	0	
341	43	10	12	9	13	2	0	0	0	0	0	0	0	0	
342	42	6	0	9	13	2	0	0	0	0	0	0	0	0	
343	37	6	3	13	9	2	0	0	0	0	0	0	0	0	
344	43	0	8	9	13	2	0	0	0	0	0	0	0	0	
345	34	4	2	15	7	2	0	0	0	0	0	0	0	0	
346	18	2	10	9	9	2	0	0	0	0	0	0	0	0	
347	42	6	0	11	13	2	0	0	0	0	0	0	0	0	
348	43	2	0	11	13	2	0	0	0	0	0	0	0	0	
349	37	10	5	9	9	3	0	0	0	0	0	0	0	0	
350	32	11	13	-999	-999	2	0	0	0	0	0	0	0	0	
127	127	348	348	306	306	347	347	131	131	144	144	125	125	
127	127	348	348	306	306	347	347	131	131	144	144	125	125	
310	310	134	134	NULL	NULL	NULL	149	149	NULL	NULL	NULL	319	319	
310	310	134	134	NULL	NULL	NULL	149	149	NULL	NULL	NULL	319	319	
133	133	130	130	141	141	NULL	NULL	316	316	NULL	NULL	312	312	
133	133	130	130	141	141	NULL	NULL	316	316	145	145	312	312	
137	137	126	126	136	136	132	132	304	304	145	145	298	298	
137	137	126	126	136	136	132	132	304	304	302	302	298	298	
308	308	146	146	138	138	NULL	NULL	563	563	302	302	147	147	
308	308	146	146	138	138	NULL	NULL	563	563	NULL	NULL	147	147	
143	143	128	128	NULL	NULL	NULL	NULL	558	558	559	559	318	318	
143	143	128	128	NULL	NULL	NULL	NULL	558	558	559	559	318	318	
142	142	140	140	313	313	139	139	135	135	129	129	148	148	
142	142	140	140	313	313	139	139	135	135	129	129	148	148	
351	37	5	2	9	9	2	0	0	0	0	0	0	0	0	
352	34	8	10	15	7	2	0	0	0	0	0	0	0	0	
353	36	8	8	9	9	2	0	0	0	0	0	0	0	0	
354	34	10	10	15	7	2	0	0	0	0	0	0	0	0	
355	31	2	4	15	15	2	0	0	0	0	0	0	0	0	
356	34	10	8	15	7	2	0	0	0	0	0	0	0	0	
357	37	7	2	9	9	2	0	0	0	0	0	0	0	0	
358	55	10	6	15	7	2	0	0	0	0	0	0	0	0	
359	32	15	9	-999	-999	2	0	0	0	0	0	0	0	0	
380	380	360	360	364	364	368	368	372	372	376	376	382	382	
380	380	360	360	364	364	368	368	372	372	376	376	382	382	
361	361	104	104	NULL	NULL	384	384	385	385	386	386	363	363	
361	361	104	104	NULL	NULL	384	384	385	385	386	386	363	363	
365	365	NULL	NULL	NULL	NULL	387	387	NULL	NULL	388	388	367	367	
365	365	NULL	NULL	NULL	NULL	387	387	NULL	NULL	388	388	367	367	
369	369	389	389	NULL	NULL	390	390	NULL	NULL	391	391	371	371	
369	369	389	389	NULL	NULL	390	390	NULL	NULL	391	391	371	371	
373	373	392	392	NULL	NULL	393	393	NULL	NULL	NULL	NULL	375	375	
373	373	392	392	NULL	NULL	393	393	NULL	NULL	NULL	NULL	375	375	
377	377	394	394	395	395	396	396	NULL	NULL	NULL	NULL	379	379	
377	377	394	394	395	395	396	396	NULL	NULL	NULL	NULL	379	379	
381	381	362	362	366	366	370	370	374	374	378	378	383	383	
381	381	362	362	366	366	370	370	374	374	378	378	383	383	
360	42	2	0	15	9	2	0	0	0	0	0	0	0	0	
361	42	0	2	15	9	2	0	0	0	0	0	0	0	0	
362	43	2	12	15	9	2	0	0	0	0	0	0	0	0	
363	43	12	2	15	9	2	0	0	0	0	0	0	0	0	
364	43	4	0	15	9	2	0	0	0	0	0	0	0	0	
365	43	0	4	15	9	2	0	0	0	0	0	0	0	0	
366	43	4	12	15	9	2	0	0	0	0	0	0	0	0	
367	43	12	4	15	9	2	0	0	0	0	0	0	0	0	
368	43	6	0	15	9	2	0	0	0	0	0	0	0	0	
369	42	0	6	15	9	2	0	0	0	0	0	0	0	0	
370	43	6	12	15	9	2	0	0	0	0	0	0	0	0	
371	42	12	6	15	9	2	0	0	0	0	0	0	0	0	
372	43	8	0	15	9	2	0	0	0	0	0	0	0	0	
373	43	0	8	15	9	2	0	0	0	0	0	0	0	0	
374	43	8	12	15	9	2	0	0	0	0	0	0	0	0	
375	43	12	8	15	9	2	0	0	0	0	0	0	0	0	
376	43	10	0	15	9	2	0	0	0	0	0	0	0	0	
377	43	0	10	15	9	2	0	0	0	0	0	0	0	0	
378	43	10	12	15	9	2	0	0	0	0	0	0	0	0	
379	43	12	10	15	9	2	0	0	0	0	0	0	0	0	
380	43	0	0	15	9	2	0	0	0	0	0	0	0	0	
381	43	0	12	15	9	2	0	0	0	0	0	0	0	0	
382	43	12	0	15	9	2	0	0	0	0	0	0	0	0	
383	43	12	12	15	9	2	0	0	0	0	0	0	0	0	
384	34	6	2	15	9	2	0	0	0	0	0	0	0	0	
385	34	8	2	15	9	2	0	0	0	0	0	0	0	0	
386	34	10	2	15	9	2	0	0	0	0	0	0	0	0	
387	34	6	4	15	9	2	0	0	0	0	0	0	0	0	
388	34	10	4	15	9	2	0	0	0	0	0	0	0	0	
389	34	2	6	15	9	2	0	0	0	0	0	0	0	0	
390	34	6	6	15	9	2	0	0	0	0	0	0	0	0	
391	56	10	6	15	9	2	0	0	0	0	0	0	0	0	
392	34	2	8	15	9	2	0	0	0	0	0	0	0	0	
393	34	6	8	15	9	2	0	0	0	0	0	0	0	0	
394	34	2	10	15	9	2	0	0	0	0	0	0	0	0	
395	34	4	10	15	9	2	0	0	0	0	0	0	0	0	
396	34	6	10	15	9	2	0	0	0	0	0	0	0	0	
397	32	15	11	-999	-999	2	0	0	0	0	0	0	0	0	
418	418	398	398	402	402	406	406	410	410	414	414	420	420	
418	418	398	398	402	402	406	406	410	410	414	414	420	420	
399	399	NULL	NULL	NULL	NULL	422	422	423	423	424	424	401	401	
399	399	NULL	NULL	NULL	NULL	422	422	423	423	424	424	401	401	
403	403	NULL	NULL	NULL	NULL	425	425	NULL	NULL	426	426	405	405	
403	403	NULL	NULL	NULL	NULL	425	425	NULL	NULL	426	426	405	405	
407	407	427	427	NULL	NULL	428	428	NULL	NULL	429	429	409	409	
407	407	427	427	NULL	NULL	428	428	NULL	NULL	429	429	409	409	
411	411	430	430	NULL	NULL	431	431	NULL	NULL	NULL	NULL	413	413	
411	411	430	430	NULL	NULL	431	431	NULL	NULL	NULL	NULL	413	413	
415	415	432	432	433	433	434	434	NULL	NULL	NULL	NULL	417	417	
415	415	432	432	433	433	434	434	NULL	NULL	NULL	NULL	417	417	
419	419	400	400	404	404	408	408	412	412	416	416	421	421	
419	419	400	400	404	404	408	408	412	412	416	416	421	421	
398	43	2	0	15	11	2	0	0	0	0	0	0	0	0	
399	43	0	2	15	11	2	0	0	0	0	0	0	0	0	
400	43	2	12	15	11	2	0	0	0	0	0	0	0	0	
401	43	12	2	15	11	2	0	0	0	0	0	0	0	0	
402	43	4	0	15	11	2	0	0	0	0	0	0	0	0	
403	43	0	4	15	11	2	0	0	0	0	0	0	0	0	
404	43	4	12	15	11	2	0	0	0	0	0	0	0	0	
405	43	12	4	15	11	2	0	0	0	0	0	0	0	0	
406	43	6	0	15	11	2	0	0	0	0	0	0	0	0	
407	42	0	6	15	11	2	0	0	0	0	0	0	0	0	
408	43	6	12	15	11	2	0	0	0	0	0	0	0	0	
409	42	12	6	15	11	2	0	0	0	0	0	0	0	0	
410	43	8	0	15	11	2	0	0	0	0	0	0	0	0	
411	43	0	8	15	11	2	0	0	0	0	0	0	0	0	
412	43	8	12	15	11	2	0	0	0	0	0	0	0	0	
413	43	12	8	15	11	2	0	0	0	0	0	0	0	0	
414	43	10	0	15	11	2	0	0	0	0	0	0	0	0	
415	43	0	10	15	11	2	0	0	0	0	0	0	0	0	
416	43	10	12	15	11	2	0	0	0	0	0	0	0	0	
417	43	12	10	15	11	2	0	0	0	0	0	0	0	0	
418	43	0	0	15	11	2	0	0	0	0	0	0	0	0	
419	43	0	12	15	11	2	0	0	0	0	0	0	0	0	
420	43	12	0	15	11	2	0	0	0	0	0	0	0	0	
421	43	12	12	15	11	2	0	0	0	0	0	0	0	0	
422	34	6	2	15	11	2	0	0	0	0	0	0	0	0	
423	34	8	2	15	11	2	0	0	0	0	0	0	0	0	
424	34	10	2	15	11	2	0	0	0	0	0	0	0	0	
425	34	6	4	15	11	2	0	0	0	0	0	0	0	0	
426	34	10	4	15	11	2	0	0	0	0	0	0	0	0	
427	34	2	6	15	11	2	0	0	0	0	0	0	0	0	
428	34	6	6	15	11	2	0	0	0	0	0	0	0	0	
429	57	10	6	15	11	2	0	0	0	0	0	0	0	0	
430	34	2	8	15	11	2	0	0	0	0	0	0	0	0	
431	34	6	8	15	11	2	0	0	0	0	0	0	0	0	
432	34	2	10	15	11	2	0	0	0	0	0	0	0	0	
433	34	4	10	15	11	2	0	0	0	0	0	0	0	0	
434	34	6	10	15	11	2	0	0	0	0	0	0	0	0	
435	32	15	13	-999	-999	2	0	0	0	0	0	0	0	0	
456	456	436	436	440	440	444	444	448	448	452	452	458	458	
456	456	436	436	440	440	444	444	448	448	452	452	458	458	
437	437	NULL	NULL	NULL	NULL	460	460	461	461	462	462	439	439	
437	437	NULL	NULL	NULL	NULL	460	460	461	461	462	462	439	439	
441	441	102	102	NULL	NULL	463	463	NULL	NULL	464	464	443	443	
441	441	102	102	NULL	NULL	463	463	NULL	NULL	464	464	443	443	
445	445	465	465	NULL	NULL	466	466	NULL	NULL	467	467	447	447	
445	445	465	465	NULL	NULL	466	466	NULL	NULL	467	467	447	447	
449	449	468	468	NULL	NULL	469	469	NULL	NULL	NULL	NULL	451	451	
449	449	468	468	NULL	NULL	469	469	NULL	NULL	NULL	NULL	451	451	
453	453	470	470	471	471	472	472	NULL	NULL	NULL	NULL	455	455	
453	453	470	470	471	471	472	472	NULL	NULL	NULL	NULL	455	455	
457	457	438	438	442	442	446	446	450	450	454	454	459	459	
457	457	438	438	442	442	446	446	450	450	454	454	459	459	
436	43	2	0	15	13	2	0	0	0	0	0	0	0	0	
437	43	0	2	15	13	2	0	0	0	0	0	0	0	0	
438	43	2	12	15	13	2	0	0	0	0	0	0	0	0	
439	43	12	2	15	13	2	0	0	0	0	0	0	0	0	
440	43	4	0	15	13	2	0	0	0	0	0	0	0	0	
441	43	0	4	15	13	2	0	0	0	0	0	0	0	0	
442	43	4	12	15	13	2	0	0	0	0	0	0	0	0	
443	43	12	4	15	13	2	0	0	0	0	0	0	0	0	
444	43	6	0	15	13	2	0	0	0	0	0	0	0	0	
445	43	0	6	15	13	2	0	0	0	0	0	0	0	0	
446	43	6	12	15	13	2	0	0	0	0	0	0	0	0	
447	42	12	6	15	13	2	0	0	0	0	0	0	0	0	
448	43	8	0	15	13	2	0	0	0	0	0	0	0	0	
449	43	0	8	15	13	2	0	0	0	0	0	0	0	0	
450	43	8	12	15	13	2	0	0	0	0	0	0	0	0	
451	43	12	8	15	13	2	0	0	0	0	0	0	0	0	
452	43	10	0	15	13	2	0	0	0	0	0	0	0	0	
453	43	0	10	15	13	2	0	0	0	0	0	0	0	0	
454	43	10	12	15	13	2	0	0	0	0	0	0	0	0	
455	43	12	10	15	13	2	0	0	0	0	0	0	0	0	
456	43	0	0	15	13	2	0	0	0	0	0	0	0	0	
457	43	0	12	15	13	2	0	0	0	0	0	0	0	0	
458	43	12	0	15	13	2	0	0	0	0	0	0	0	0	
459	43	12	12	15	13	2	0	0	0	0	0	0	0	0	
460	34	6	2	15	13	2	0	0	0	0	0	0	0	0	
461	34	8	2	15	13	2	0	0	0	0	0	0	0	0	
462	34	10	2	15	13	2	0	0	0	0	0	0	0	0	
463	34	6	4	15	13	2	0	0	0	0	0	0	0	0	
464	34	10	4	15	13	2	0	0	0	0	0	0	0	0	
465	34	2	6	15	13	2	0	0	0	0	0	0	0	0	
466	34	6	6	15	13	2	0	0	0	0	0	0	0	0	
467	58	10	6	15	13	2	0	0	0	0	0	0	0	0	
468	34	2	8	15	13	2	0	0	0	0	0	0	0	0	
469	34	6	8	15	13	2	0	0	0	0	0	0	0	0	
470	34	2	10	15	13	2	0	0	0	0	0	0	0	0	
471	34	4	10	15	13	2	0	0	0	0	0	0	0	0	
472	34	6	10	15	13	2	0	0	0	0	0	0	0	0	
473	32	15	15	-999	-999	2	0	0	0	0	0	0	0	0	
494	494	474	474	478	478	482	482	486	486	490	490	496	496	
494	494	474	474	478	478	482	482	486	486	490	490	496	496	
475	475	NULL	NULL	NULL	NULL	498	498	499	499	500	500	477	477	
475	475	NULL	NULL	NULL	NULL	498	498	499	499	500	500	477	477	
479	479	355	355	NULL	NULL	501	501	NULL	NULL	502	502	481	481	
479	479	355	355	NULL	NULL	501	501	NULL	NULL	502	502	481	481	
483	483	503	503	NULL	NULL	504	504	NULL	NULL	505	505	485	485	
483	483	503	503	NULL	NULL	504	504	NULL	NULL	505	505	485	485	
487	487	506	506	NULL	NULL	507	507	NULL	NULL	NULL	NULL	489	489	
487	487	506	506	NULL	NULL	507	507	NULL	NULL	NULL	NULL	489	489	
491	491	508	508	509	509	510	510	NULL	NULL	NULL	NULL	493	493	
491	491	508	508	509	509	510	510	NULL	NULL	NULL	NULL	493	493	
495	495	476	476	480	480	484	484	488	488	492	492	497	497	
495	495	476	476	480	480	484	484	488	488	492	492	497	497	
474	43	2	0	15	15	2	0	0	0	0	0	0	0	0	
475	43	0	2	15	15	2	0	0	0	0	0	0	0	0	
476	43	2	12	15	15	2	0	0	0	0	0	0	0	0	
477	43	12	2	15	15	2	0	0	0	0	0	0	0	0	
478	43	4	0	15	15	2	0	0	0	0	0	0	0	0	
479	43	0	4	15	15	2	0	0	0	0	0	0	0	0	
480	43	4	12	15	15	2	0	0	0	0	0	0	0	0	
481	43	12	4	15	15	2	0	0	0	0	0	0	0	0	
482	43	6	0	15	15	2	0	0	0	0	0	0	0	0	
483	43	0	6	15	15	2	0	0	0	0	0	0	0	0	
484	43	6	12	15	15	2	0	0	0	0	0	0	0	0	
485	42	12	6	15	15	2	0	0	0	0	0	0	0	0	
486	43	8	0	15	15	2	0	0	0	0	0	0	0	0	
487	43	0	8	15	15	2	0	0	0	0	0	0	0	0	
488	43	8	12	15	15	2	0	0	0	0	0	0	0	0	
489	43	12	8	15	15	2	0	0	0	0	0	0	0	0	
490	43	10	0	15	15	2	0	0	0	0	0	0	0	0	
491	43	0	10	15	15	2	0	0	0	0	0	0	0	0	
492	43	10	12	15	15	2	0	0	0	0	0	0	0	0	
493	43	12	10	15	15	2	0	0	0	0	0	0	0	0	
494	43	0	0	15	15	2	0	0	0	0	0	0	0	0	
495	43	0	12	15	15	2	0	0	0	0	0	0	0	0	
496	43	12	0	15	15	2	0	0	0	0	0	0	0	0	
497	43	12	12	15	15	2	0	0	0	0	0	0	0	0	
498	34	6	2	15	15	2	0	0	0	0	0	0	0	0	
499	34	8	2	15	15	2	0	0	0	0	0	0	0	0	
500	34	10	2	15	15	2	0	0	0	0	0	0	0	0	
501	34	6	4	15	15	2	0	0	0	0	0	0	0	0	
502	34	10	4	15	15	2	0	0	0	0	0	0	0	0	
503	34	2	6	15	15	2	0	0	0	0	0	0	0	0	
504	34	6	6	15	15	2	0	0	0	0	0	0	0	0	
505	59	10	6	15	15	2	0	0	0	0	0	0	0	0	
506	34	2	8	15	15	2	0	0	0	0	0	0	0	0	
507	34	6	8	15	15	2	0	0	0	0	0	0	0	0	
508	34	2	10	15	15	2	0	0	0	0	0	0	0	0	
509	34	4	10	15	15	2	0	0	0	0	0	0	0	0	
510	34	6	10	15	15	2	0	0	0	0	0	0	0	0	
511	6	6	6	9	11	1	0	0	0	0	0	0	0	0	
512	37	8	5	9	11	2	0	0	0	0	0	0	0	0	
513	37	8	7	9	11	2	0	0	0	0	0	0	0	0	
514	26	6	4	9	11	4	0	0	0	0	0	0	0	0	
515	74	6	2	9	11	3	0	0	0	0	0	0	0	0	
516	26	6	8	9	11	4	0	0	0	0	0	0	0	0	
517	37	2	6	9	11	2	0	0	0	0	0	0	0	0	
518	37	4	6	9	11	1	0	0	0	0	0	0	0	0	
519	37	6	10	9	11	3	0	0	0	0	0	0	0	0	
520	5	6	10	9	9	2	0	0	0	0	0	0	0	0	
521	37	2	6	11	9	2	0	0	0	0	0	0	0	0	
522	37	2	8	11	9	2	0	0	0	0	0	0	0	0	
523	37	2	10	11	9	2	0	0	0	0	0	0	0	0	
524	37	10	10	11	9	2	0	0	0	0	0	0	0	0	
525	37	10	8	11	9	2	0	0	0	0	0	0	0	0	
526	37	10	6	11	9	2	0	0	0	0	0	0	0	0	
527	61	8	2	13	13	2	0	0	0	0	0	0	0	0	
528	64	8	10	13	13	2	0	0	0	0	0	0	0	0	
529	63	6	10	13	13	2	0	0	0	0	0	0	0	0	
530	62	9	4	13	13	2	0	0	0	0	0	0	0	0	
531	78	6	2	11	9	2	0	0	0	0	0	0	0	0	
532	40	9	17	-999	-999	2	0	0	0	0	0	0	0	0	
533	40	7	19	-999	-999	2	0	0	0	0	0	0	0	0	
534	37	2	8	13	11	2	0	0	0	0	0	0	0	0	
535	37	10	6	13	11	2	0	0	0	0	0	0	0	0	
536	37	8	7	13	11	2	0	0	0	0	0	0	0	0	
537	37	6	8	13	11	2	0	0	0	0	0	0	0	0	
538	37	4	8	13	11	2	0	0	0	0	0	0	0	0	
539	37	10	2	13	11	2	0	0	0	0	0	0	0	0	
540	37	8	3	13	11	2	0	0	0	0	0	0	0	0	
541	37	6	4	13	11	2	0	0	0	0	0	0	0	0	
542	37	4	4	13	11	2	0	0	0	0	0	0	0	0	
543	37	2	4	13	11	2	0	0	0	0	0	0	0	0	
544	40	9	3	-999	-999	2	0	0	0	0	0	0	0	0	
545	37	6	6	11	9	2	0	0	0	0	0	0	0	0	
546	37	6	10	11	9	2	0	0	0	0	0	0	0	0	
547	40	13	5	-999	-999	2	0	0	0	0	0	0	0	0	
548	40	3	15	-999	-999	2	0	0	0	0	0	0	0	0	
549	40	5	17	-999	-999	2	0	0	0	0	0	0	0	0	
550	40	19	5	-999	-999	2	0	0	0	0	0	0	0	0	
551	40	15	3	-999	-999	2	0	0	0	0	0	0	0	0	
552	40	7	3	-999	-999	2	0	0	0	0	0	0	0	0	
553	37	6	8	11	9	2	0	0	0	0	0	0	0	0	
554	77	4	6	13	13	2	0	0	0	0	0	0	0	0	
555	5	6	6	13	13	2	0	0	0	0	0	0	0	0	
556	5	7	4	13	13	4	0	0	0	0	0	0	0	0	
557	5	7	8	13	13	4	0	0	0	0	0	0	0	0	
558	74	8	10	11	13	2	0	0	0	0	0	0	0	0	
559	37	10	10	11	13	2	0	0	0	0	0	0	0	0	
560	37	2	10	13	13	2	0	0	0	0	0	0	0	0	
561	37	2	8	13	13	2	0	0	0	0	0	0	0	0	
562	34	2	6	13	13	2	0	0	0	0	0	0	0	0	
563	26	8	8	11	13	4	0	0	0	0	0	0	0	0	
564	60	6	2	13	13	2	0	0	0	0	0	0	0	0	
565	37	6	4	11	9	2	0	0	0	0	0	0	0	0	
566	40	3	17	-999	-999	2	0	0	0	0	0	0	0	0	
567	40	3	19	-999	-999	2	0	0	0	0	0	0	0	0	
568	40	7	15	-999	-999	2	0	0	0	0	0	0	0	0	
569	40	9	19	-999	-999	2	0	0	0	0	0	0	0	0	
570	40	3	11	-999	-999	2	0	0	0	0	0	0	0	0	
571	40	5	9	-999	-999	2	0	0	0	0	0	0	0	0	
572	40	7	9	-999	-999	2	0	0	0	0	0	0	0	0	
573	40	9	7	-999	-999	2	0	0	0	0	0	0	0	0	
574	40	11	7	-999	-999	2	0	0	0	0	0	0	0	0	
575	40	13	7	-999	-999	2	0	0	0	0	0	0	0	0	
576	40	15	5	-999	-999	2	0	0	0	0	0	0	0	0	
577	40	17	5	-999	-999	2	0	0	0	0	0	0	0	0	
578	40	19	7	-999	-999	2	0	0	0	0	0	0	0	0	
579	40	19	9	-999	-999	2	0	0	0	0	0	0	0	0	
580	40	19	11	-999	-999	2	0	0	0	0	0	0	0	0	
581	40	19	13	-999	-999	2	0	0	0	0	0	0	0	0	
582	40	19	15	-999	-999	2	0	0	0	0	0	0	0	0	
583	40	17	17	-999	-999	2	0	0	0	0	0	0	0	0	
584	40	15	17	-999	-999	2	0	0	0	0	0	0	0	0	
585	40	13	15	-999	-999	2	0	0	0	0	0	0	0	0	
586	40	11	15	-999	-999	2	0	0	0	0	0	0	0	0	
587	40	9	15	-999	-999	2	0	0	0	0	0	0	0	0	
588	40	7	13	-999	-999	2	0	0	0	0	0	0	0	0	
589	40	5	13	-999	-999	2	0	0	0	0	0	0	0	0	
590	40	1	11	-999	-999	2	0	0	0	0	0	0	0	0	
591	40	21	11	-999	-999	2	0	0	0	0	0	0	0	0	
592	40	21	9	-999	-999	2	0	0	0	0	0	0	0	0	
593	40	21	7	-999	-999	2	0	0	0	0	0	0	0	0	
594	40	21	5	-999	-999	2	0	0	0	0	0	0	0	0	
595	40	21	3	-999	-999	2	0	0	0	0	0	0	0	0	
596	40	21	1	-999	-999	2	0	0	0	0	0	0	0	0	
597	40	19	1	-999	-999	2	0	0	0	0	0	0	0	0	
598	40	17	1	-999	-999	2	0	0	0	0	0	0	0	0	
599	40	15	1	-999	-999	2	0	0	0	0	0	0	0	0	
600	40	13	1	-999	-999	2	0	0	0	0	0	0	0	0	
601	40	11	1	-999	-999	2	0	0	0	0	0	0	0	0	
602	40	9	1	-999	-999	2	0	0	0	0	0	0	0	0	
603	40	7	1	-999	-999	2	0	0	0	0	0	0	0	0	
604	40	5	1	-999	-999	2	0	0	0	0	0	0	0	0	
605	40	3	1	-999	-999	2	0	0	0	0	0	0	0	0	
606	40	1	1	-999	-999	2	0	0	0	0	0	0	0	0	
607	40	1	3	-999	-999	2	0	0	0	0	0	0	0	0	
608	40	1	5	-999	-999	2	0	0	0	0	0	0	0	0	
609	40	1	7	-999	-999	2	0	0	0	0	0	0	0	0	
610	40	1	9	-999	-999	2	0	0	0	0	0	0	0	0	
611	40	1	13	-999	-999	2	0	0	0	0	0	0	0	0	
612	40	1	15	-999	-999	2	0	0	0	0	0	0	0	0	
613	40	1	17	-999	-999	2	0	0	0	0	0	0	0	0	
614	40	1	19	-999	-999	2	0	0	0	0	0	0	0	0	
615	40	1	21	-999	-999	2	0	0	0	0	0	0	0	0	
616	40	3	21	-999	-999	2	0	0	0	0	0	0	0	0	
617	40	5	21	-999	-999	2	0	0	0	0	0	0	0	0	
618	40	7	21	-999	-999	2	0	0	0	0	0	0	0	0	
619	40	9	21	-999	-999	2	0	0	0	0	0	0	0	0	
620	40	11	21	-999	-999	2	0	0	0	0	0	0	0	0	
621	40	13	21	-999	-999	2	0	0	0	0	0	0	0	0	
622	40	15	21	-999	-999	2	0	0	0	0	0	0	0	0	
623	40	17	21	-999	-999	2	0	0	0	0	0	0	0	0	
624	40	19	21	-999	-999	2	0	0	0	0	0	0	0	0	
625	40	21	21	-999	-999	2	0	0	0	0	0	0	0	0	
626	40	21	19	-999	-999	2	0	0	0	0	0	0	0	0	
627	40	21	17	-999	-999	2	0	0	0	0	0	0	0	0	
628	40	21	15	-999	-999	2	0	0	0	0	0	0	0	0	
629	40	21	13	-999	-999	2	0	0	0	0	0	0	0	0	
NULL	NULL	NULL	NULL	NULL	NULL	NULL	NULL	NULL	NULL	NULL	NULL	NULL	NULL	NULL	NULL	NULL	NULL	NULL	NULL	NULL	NULL	NULL	NULL	
NULL	606	606	605	605	604	604	603	603	602	602	601	601	600	600	599	599	598	598	597	597	596	596	NULL	
NULL	606	606	605	605	604	604	603	603	602	602	601	601	600	600	599	599	598	598	597	597	596	596	NULL	
NULL	607	607	15	15	11	11	552	552	544	544	18	18	16	16	551	551	14	14	12	12	595	595	NULL	
NULL	607	607	15	15	11	11	552	552	544	544	18	18	16	16	551	551	14	14	12	12	595	595	NULL	
NULL	608	608	19	19	7	7	20	20	258	258	265	265	547	547	576	576	577	577	550	550	594	594	NULL	
NULL	608	608	19	19	7	7	20	20	258	258	265	265	547	547	576	576	577	577	550	550	594	594	NULL	
NULL	609	609	24	24	3	3	22	22	573	573	574	574	575	575	271	271	266	266	578	578	593	593	NULL	
NULL	609	609	24	24	3	3	22	22	573	573	574	574	575	575	271	271	266	266	578	578	593	593	NULL	
NULL	610	610	0	0	571	571	572	572	50	50	25	25	200	200	359	359	267	267	579	579	592	592	NULL	
NULL	610	610	0	0	571	571	572	572	50	50	25	25	200	200	359	359	267	267	579	579	592	592	NULL	
NULL	590	590	570	570	225	225	226	226	75	75	NULL	NULL	175	175	397	397	268	268	580	580	591	591	NULL	
NULL	590	590	570	570	225	225	226	226	75	75	NULL	NULL	175	175	397	397	268	268	580	580	591	591	NULL	
NULL	611	611	10	10	589	589	588	588	303	303	350	350	150	150	435	435	269	269	581	581	629	629	NULL	
NULL	611	611	10	10	589	589	588	588	303	303	350	350	150	150	435	435	269	269	581	581	629	629	NULL	
NULL	612	612	548	548	6	6	568	568	587	587	586	586	585	585	473	473	270	270	582	582	628	628	NULL	
NULL	612	612	548	548	6	6	568	568	587	587	586	586	585	585	473	473	270	270	582	582	628	628	NULL	
NULL	613	613	566	566	549	549	4	4	532	532	2	2	13	13	584	584	583	583	21	21	627	627	NULL	
NULL	613	613	566	566	549	549	4	4	532	532	2	2	13	13	584	584	583	583	21	21	627	627	NULL	
NULL	614	614	567	567	8	8	533	533	569	569	23	23	17	17	9	9	5	5	1	1	626	626	NULL	
NULL	614	614	567	567	8	8	533	533	569	569	23	23	17	17	9	9	5	5	1	1	626	626	NULL	
NULL	615	615	616	616	617	617	618	618	619	619	620	620	621	621	622	622	623	623	624	624	625	625	NULL	
NULL	615	615	616	616	617	617	618	618	619	619	620	620	621	621	622	622	623	623	624	624	625	625	NULL	
NULL	NULL	NULL	NULL	NULL	NULL	NULL	NULL	NULL	NULL	NULL	NULL	NULL	NULL	NULL	NULL	NULL	NULL	NULL	NULL	NULL	NULL	NULL	NULL	
