222
0	34	8	6	-999	-999	3	0	0	0	0	0	0	0	0	1	
1	34	10	12	-999	-999	2	0	0	0	0	0	0	0	0	1	
2	34	10	6	-999	-999	3	0	0	0	0	0	0	0	0	1	
3	34	6	8	-999	-999	3	0	0	0	0	0	0	0	0	1	
4	34	10	10	-999	-999	2	0	0	0	0	0	0	0	0	1	
5	34	16	8	-999	-999	3	0	0	0	0	0	0	0	0	1	
6	34	14	6	-999	-999	3	0	0	0	0	0	0	0	0	1	
7	34	16	10	-999	-999	3	0	0	0	0	0	0	0	0	1	
8	34	12	6	-999	-999	3	0	0	0	0	0	0	0	0	1	
9	34	6	10	-999	-999	3	0	0	0	0	0	0	0	0	1	
10	60	4	9	22	20	2	0	0	0	0	0	0	0	0	1	
11	43	4	12	22	20	2	0	0	0	0	0	0	0	0	1	
12	4	10	14	-999	-999	2	0	1	3	0	0	0	0	0	1	
13	43	8	0	22	20	2	0	0	0	0	0	0	0	0	1	
14	34	14	10	-999	-999	2	0	0	0	0	0	0	0	0	1	
15	43	2	0	22	20	2	0	0	0	0	0	0	0	0	1	
16	34	8	14	-999	-999	2	0	0	0	0	0	0	0	0	1	
17	34	10	8	-999	-999	2	0	0	0	0	0	0	0	0	1	
18	43	12	8	22	20	2	0	0	0	0	0	0	0	0	1	
19	34	14	14	-999	-999	2	0	0	0	0	0	0	0	0	1	
20	34	8	12	-999	-999	2	0	0	0	0	0	0	0	0	1	
21	43	12	12	22	20	2	0	0	0	0	0	0	0	0	1	
22	34	14	8	-999	-999	2	0	0	0	0	0	0	0	0	1	
23	34	12	14	-999	-999	2	0	0	0	0	0	0	0	0	1	
24	43	0	0	22	20	2	0	0	0	0	0	0	0	0	1	
25	34	8	8	-999	-999	2	0	0	0	0	0	0	0	0	1	
26	34	16	12	-999	-999	3	0	0	0	0	0	0	0	0	1	
27	34	16	14	-999	-999	3	0	0	0	0	0	0	0	0	1	
28	34	12	10	-999	-999	2	0	0	0	0	0	0	0	0	1	
29	34	14	16	-999	-999	3	0	0	0	0	0	0	0	0	1	
30	34	12	16	-999	-999	3	0	0	0	0	0	0	0	0	1	
31	34	10	16	-999	-999	3	0	0	0	0	0	0	0	0	1	
32	34	8	16	-999	-999	3	0	0	0	0	0	0	0	0	1	
33	34	12	12	-999	-999	2	0	0	0	0	0	0	0	0	1	
34	34	6	14	-999	-999	3	0	0	0	0	0	0	0	0	1	
35	34	6	12	-999	-999	3	0	0	0	0	0	0	0	0	1	
36	13	4	6	18	4	3	100000	0	0	0	0	0	0	0	1	
37	37	6	6	18	4	2	0	0	0	0	0	0	0	0	1	
38	13	6	8	18	4	3	100000	0	0	0	0	0	0	0	1	
39	13	2	6	18	4	2	100000	0	0	0	0	0	0	0	1	
40	32	18	18	-999	-999	2	0	0	0	0	0	0	0	0	1	
49	49	64	64	47	47	58	58	50	50	42	42	41	41	
49	49	64	64	47	47	58	58	50	50	42	42	41	41	
59	59	NULL	NULL	NULL	NULL	NULL	NULL	NULL	NULL	NULL	NULL	51	51	
59	59	NULL	NULL	NULL	NULL	NULL	NULL	NULL	NULL	NULL	NULL	51	51	
43	43	NULL	NULL	NULL	NULL	69	69	NULL	NULL	NULL	NULL	60	60	
43	43	NULL	NULL	NULL	NULL	69	69	NULL	NULL	NULL	NULL	60	60	
56	56	82	82	88	88	78	78	66	66	86	86	52	52	
56	56	82	82	88	88	78	78	66	66	86	86	52	52	
48	48	NULL	NULL	NULL	NULL	74	74	NULL	NULL	NULL	NULL	44	44	
48	48	NULL	NULL	NULL	NULL	74	74	NULL	NULL	NULL	NULL	44	44	
63	63	NULL	NULL	NULL	NULL	70	70	NULL	NULL	NULL	NULL	53	53	
63	63	NULL	NULL	NULL	NULL	70	70	NULL	NULL	NULL	NULL	53	53	
45	45	55	55	62	62	54	54	46	46	57	57	61	61	
45	45	55	55	62	62	54	54	46	46	57	57	61	61	
41	43	12	0	18	18	2	0	0	0	0	0	0	0	0	1	
42	43	10	0	18	18	2	0	0	0	0	0	0	0	0	1	
43	43	0	4	18	18	2	0	0	0	0	0	0	0	0	1	
44	43	12	8	18	18	2	0	0	0	0	0	0	0	0	1	
45	43	0	12	18	18	2	0	0	0	0	0	0	0	0	1	
46	43	8	12	18	18	2	0	0	0	0	0	0	0	0	1	
47	43	4	0	18	18	2	0	0	0	0	0	0	0	0	1	
48	43	0	8	18	18	2	0	0	0	0	0	0	0	0	1	
49	43	0	0	18	18	2	0	0	0	0	0	0	0	0	1	
50	43	8	0	18	18	2	0	0	0	0	0	0	0	0	1	
51	43	12	2	18	18	2	0	0	0	0	0	0	0	0	1	
52	42	12	6	18	18	2	0	0	0	0	0	0	0	0	1	
53	43	12	10	18	18	2	0	0	0	0	0	0	0	0	1	
54	42	6	12	18	18	2	0	0	0	0	0	0	0	0	1	
55	43	2	12	18	18	2	0	0	0	0	0	0	0	0	1	
56	43	0	6	18	18	2	0	0	0	0	0	0	0	0	1	
57	43	10	12	18	18	2	0	0	0	0	0	0	0	0	1	
58	43	6	0	18	18	2	0	0	0	0	0	0	0	0	1	
59	43	0	2	18	18	2	0	0	0	0	0	0	0	0	1	
60	43	12	4	18	18	2	0	0	0	0	0	0	0	0	1	
61	43	12	12	18	18	2	0	0	0	0	0	0	0	0	1	
62	43	4	12	18	18	2	0	0	0	0	0	0	0	0	1	
63	43	0	10	18	18	2	0	0	0	0	0	0	0	0	1	
64	43	2	0	18	18	2	0	0	0	0	0	0	0	0	1	
65	40	18	9	-999	-999	2	0	0	0	0	0	0	0	0	1	
66	37	8	6	18	18	2	0	0	0	0	0	0	0	0	1	
67	37	10	6	18	4	2	0	0	0	0	0	0	0	0	1	
68	43	12	2	22	20	2	0	0	0	0	0	0	0	0	1	
69	14	6	4	18	18	3	100000	0	0	0	0	0	0	0	1	
70	37	6	10	18	18	2	0	0	0	0	0	0	0	0	1	
71	35	6	4	22	20	2	0	0	0	0	0	0	0	0	1	
72	43	12	4	22	20	2	0	0	0	0	0	0	0	0	1	
73	40	18	13	-999	-999	2	0	0	0	0	0	0	0	0	1	
74	37	6	8	18	18	2	0	0	0	0	0	0	0	0	1	
75	34	16	6	-999	-999	2	0	0	0	0	0	0	0	0	1	
76	40	9	4	-999	-999	2	0	0	0	0	0	0	0	0	1	
77	40	13	18	-999	-999	2	0	0	0	0	0	0	0	0	1	
78	37	6	6	18	18	2	0	0	0	0	0	0	0	0	1	
79	40	9	18	-999	-999	2	0	0	0	0	0	0	0	0	1	
80	40	13	4	-999	-999	2	0	0	0	0	0	0	0	0	1	
81	43	0	12	22	20	2	0	0	0	0	0	0	0	0	1	
82	14	2	6	18	18	2	100000	0	0	0	0	0	0	0	1	
83	35	8	7	22	20	2	0	0	0	0	0	0	0	0	1	
84	42	6	12	22	20	1	0	0	0	0	0	0	0	0	1	
85	40	4	13	-999	-999	2	0	0	0	0	0	0	0	0	1	
86	37	10	6	18	18	2	0	0	0	0	0	0	0	0	1	
87	35	8	9	22	20	1	0	0	0	0	0	0	0	0	1	
88	14	4	6	18	18	3	100000	0	0	0	0	0	0	0	1	
89	60	4	7	22	20	2	0	0	0	0	0	0	0	0	1	
90	32	4	18	-999	-999	2	0	0	0	0	0	0	0	0	1	
113	113	107	107	103	103	99	99	95	95	91	91	111	111	
113	113	107	107	103	103	99	99	95	95	91	91	111	111	
94	94	NULL	NULL	NULL	NULL	NULL	NULL	NULL	NULL	NULL	NULL	92	92	
94	94	NULL	NULL	NULL	NULL	NULL	NULL	NULL	NULL	NULL	NULL	92	92	
98	98	NULL	NULL	NULL	NULL	116	116	NULL	NULL	NULL	NULL	96	96	
98	98	NULL	NULL	NULL	NULL	116	116	NULL	NULL	NULL	NULL	96	96	
102	102	121	121	120	120	119	119	118	118	117	117	100	100	
102	102	121	121	120	120	119	119	118	118	117	117	100	100	
106	106	NULL	NULL	NULL	NULL	122	122	NULL	NULL	NULL	NULL	104	104	
106	106	NULL	NULL	NULL	NULL	122	122	NULL	NULL	NULL	NULL	104	104	
110	110	NULL	NULL	NULL	NULL	123	123	NULL	NULL	NULL	NULL	108	108	
110	110	NULL	NULL	NULL	NULL	123	123	NULL	NULL	NULL	NULL	108	108	
114	114	109	109	105	105	101	101	97	97	93	93	112	112	
114	114	109	109	105	105	101	101	97	97	93	93	112	112	
91	43	10	0	4	18	2	0	0	0	0	0	0	0	0	1	
92	43	12	2	4	18	2	0	0	0	0	0	0	0	0	1	
93	43	10	12	4	18	2	0	0	0	0	0	0	0	0	1	
94	43	0	2	4	18	2	0	0	0	0	0	0	0	0	1	
95	43	8	0	4	18	2	0	0	0	0	0	0	0	0	1	
96	43	12	4	4	18	2	0	0	0	0	0	0	0	0	1	
97	43	8	12	4	18	2	0	0	0	0	0	0	0	0	1	
98	43	0	4	4	18	2	0	0	0	0	0	0	0	0	1	
99	43	6	0	4	18	2	0	0	0	0	0	0	0	0	1	
100	43	12	6	4	18	2	0	0	0	0	0	0	0	0	1	
101	42	6	12	4	18	2	0	0	0	0	0	0	0	0	1	
102	42	0	6	4	18	2	0	0	0	0	0	0	0	0	1	
103	43	4	0	4	18	2	0	0	0	0	0	0	0	0	1	
104	43	12	8	4	18	2	0	0	0	0	0	0	0	0	1	
105	43	4	12	4	18	2	0	0	0	0	0	0	0	0	1	
106	43	0	8	4	18	2	0	0	0	0	0	0	0	0	1	
107	43	2	0	4	18	2	0	0	0	0	0	0	0	0	1	
108	43	12	10	4	18	2	0	0	0	0	0	0	0	0	1	
109	43	2	12	4	18	2	0	0	0	0	0	0	0	0	1	
110	43	0	10	4	18	2	0	0	0	0	0	0	0	0	1	
111	43	12	0	4	18	2	0	0	0	0	0	0	0	0	1	
112	43	12	12	4	18	2	0	0	0	0	0	0	0	0	1	
113	43	0	0	4	18	2	0	0	0	0	0	0	0	0	1	
114	43	0	12	4	18	2	0	0	0	0	0	0	0	0	1	
115	37	8	6	18	4	2	0	0	0	0	0	0	0	0	1	
116	15	6	4	4	18	3	100000	0	0	0	0	0	0	0	1	
117	15	10	6	4	18	2	100000	0	0	0	0	0	0	0	1	
118	15	8	6	4	18	3	100000	0	0	0	0	0	0	0	1	
119	37	6	6	4	18	2	0	0	0	0	0	0	0	0	1	
120	37	4	6	4	18	2	0	0	0	0	0	0	0	0	1	
121	37	2	6	4	18	2	0	0	0	0	0	0	0	0	1	
122	37	6	8	4	18	2	0	0	0	0	0	0	0	0	1	
123	37	6	10	4	18	2	0	0	0	0	0	0	0	0	1	
124	32	4	4	-999	-999	2	0	0	0	0	0	0	0	0	1	
148	148	143	143	139	139	135	135	131	131	127	127	146	146	
148	148	143	143	139	139	135	135	131	131	127	127	146	146	
144	144	NULL	NULL	NULL	NULL	157	157	NULL	NULL	NULL	NULL	142	142	
144	144	NULL	NULL	NULL	NULL	157	157	NULL	NULL	NULL	NULL	142	142	
140	140	NULL	NULL	NULL	NULL	156	156	NULL	NULL	NULL	NULL	138	138	
140	140	NULL	NULL	NULL	NULL	156	156	NULL	NULL	NULL	NULL	138	138	
136	136	155	155	154	154	153	153	152	152	151	151	134	134	
136	136	155	155	154	154	153	153	152	152	151	151	134	134	
132	132	NULL	NULL	NULL	NULL	150	150	NULL	NULL	NULL	NULL	130	130	
132	132	NULL	NULL	NULL	NULL	150	150	NULL	NULL	NULL	NULL	130	130	
128	128	NULL	NULL	NULL	NULL	NULL	NULL	NULL	NULL	NULL	NULL	126	126	
128	128	NULL	NULL	NULL	NULL	NULL	NULL	NULL	NULL	NULL	NULL	126	126	
147	147	141	141	137	137	133	133	129	129	125	125	145	145	
147	147	141	141	137	137	133	133	129	129	125	125	145	145	
125	43	10	12	4	4	2	0	0	0	0	0	0	0	0	1	
126	43	12	10	4	4	2	0	0	0	0	0	0	0	0	1	
127	43	10	0	4	4	2	0	0	0	0	0	0	0	0	1	
128	43	0	10	4	4	2	0	0	0	0	0	0	0	0	1	
129	43	8	12	4	4	2	0	0	0	0	0	0	0	0	1	
130	43	12	8	4	4	2	0	0	0	0	0	0	0	0	1	
131	43	8	0	4	4	2	0	0	0	0	0	0	0	0	1	
132	43	0	8	4	4	2	0	0	0	0	0	0	0	0	1	
133	43	6	12	4	4	2	0	0	0	0	0	0	0	0	1	
134	43	12	6	4	4	2	0	0	0	0	0	0	0	0	1	
135	42	6	0	4	4	2	0	0	0	0	0	0	0	0	1	
136	42	0	6	4	4	2	0	0	0	0	0	0	0	0	1	
137	43	4	12	4	4	2	0	0	0	0	0	0	0	0	1	
138	43	12	4	4	4	2	0	0	0	0	0	0	0	0	1	
139	43	4	0	4	4	2	0	0	0	0	0	0	0	0	1	
140	43	0	4	4	4	2	0	0	0	0	0	0	0	0	1	
141	43	2	12	4	4	2	0	0	0	0	0	0	0	0	1	
142	43	12	2	4	4	2	0	0	0	0	0	0	0	0	1	
143	43	2	0	4	4	2	0	0	0	0	0	0	0	0	1	
144	43	0	2	4	4	2	0	0	0	0	0	0	0	0	1	
145	43	12	12	4	4	2	0	0	0	0	0	0	0	0	1	
146	43	12	0	4	4	2	0	0	0	0	0	0	0	0	1	
147	43	0	12	4	4	2	0	0	0	0	0	0	0	0	1	
148	43	0	0	4	4	2	0	0	0	0	0	0	0	0	1	
149	37	6	2	18	4	2	0	0	0	0	0	0	0	0	1	
150	16	6	8	4	4	3	100000	0	0	0	0	0	0	0	1	
151	16	10	6	4	4	2	100000	0	0	0	0	0	0	0	1	
152	16	8	6	4	4	3	100000	0	0	0	0	0	0	0	1	
153	37	6	6	4	4	2	0	0	0	0	0	0	0	0	1	
154	37	4	6	4	4	2	0	0	0	0	0	0	0	0	1	
155	37	2	6	4	4	2	0	0	0	0	0	0	0	0	1	
156	37	6	4	4	4	2	0	0	0	0	0	0	0	0	1	
157	37	6	2	4	4	2	0	0	0	0	0	0	0	0	1	
158	32	18	4	-999	-999	2	0	0	0	0	0	0	0	0	1	
180	180	161	161	165	165	169	169	173	173	177	177	182	182	
180	180	161	161	165	165	169	169	173	173	177	177	182	182	
176	176	NULL	NULL	NULL	NULL	149	149	NULL	NULL	NULL	NULL	178	178	
176	176	NULL	NULL	NULL	NULL	149	149	NULL	NULL	NULL	NULL	178	178	
172	172	NULL	NULL	NULL	NULL	183	183	NULL	NULL	NULL	NULL	174	174	
172	172	NULL	NULL	NULL	NULL	183	183	NULL	NULL	NULL	NULL	174	174	
168	168	39	39	36	36	37	37	115	115	67	67	170	170	
168	168	39	39	36	36	37	37	115	115	67	67	170	170	
164	164	NULL	NULL	NULL	NULL	38	38	NULL	NULL	NULL	NULL	166	166	
164	164	NULL	NULL	NULL	NULL	38	38	NULL	NULL	NULL	NULL	166	166	
160	160	NULL	NULL	NULL	NULL	NULL	NULL	NULL	NULL	NULL	NULL	162	162	
160	160	NULL	NULL	NULL	NULL	NULL	NULL	NULL	NULL	NULL	NULL	162	162	
179	179	159	159	163	163	167	167	171	171	175	175	181	181	
179	179	159	159	163	163	167	167	171	171	175	175	181	181	
159	43	2	12	18	4	2	0	0	0	0	0	0	0	0	1	
160	43	0	10	18	4	2	0	0	0	0	0	0	0	0	1	
161	43	2	0	18	4	2	0	0	0	0	0	0	0	0	1	
162	43	12	10	18	4	2	0	0	0	0	0	0	0	0	1	
163	43	4	12	18	4	2	0	0	0	0	0	0	0	0	1	
164	43	0	8	18	4	2	0	0	0	0	0	0	0	0	1	
165	43	4	0	18	4	2	0	0	0	0	0	0	0	0	1	
166	43	12	8	18	4	2	0	0	0	0	0	0	0	0	1	
167	43	6	12	18	4	2	0	0	0	0	0	0	0	0	1	
168	43	0	6	18	4	2	0	0	0	0	0	0	0	0	1	
169	42	6	0	18	4	2	0	0	0	0	0	0	0	0	1	
170	42	12	6	18	4	2	0	0	0	0	0	0	0	0	1	
171	43	8	12	18	4	2	0	0	0	0	0	0	0	0	1	
172	43	0	4	18	4	2	0	0	0	0	0	0	0	0	1	
173	43	8	0	18	4	2	0	0	0	0	0	0	0	0	1	
174	43	12	4	18	4	2	0	0	0	0	0	0	0	0	1	
175	43	10	12	18	4	2	0	0	0	0	0	0	0	0	1	
176	43	0	2	18	4	2	0	0	0	0	0	0	0	0	1	
177	43	10	0	18	4	2	0	0	0	0	0	0	0	0	1	
178	43	12	2	18	4	2	0	0	0	0	0	0	0	0	1	
179	43	0	12	18	4	2	0	0	0	0	0	0	0	0	1	
180	43	0	0	18	4	2	0	0	0	0	0	0	0	0	1	
181	43	12	12	18	4	2	0	0	0	0	0	0	0	0	1	
182	43	12	0	18	4	2	0	0	0	0	0	0	0	0	1	
183	37	6	4	18	4	2	0	0	0	0	0	0	0	0	1	
184	55	18	11	-999	-999	4	0	0	0	0	0	0	0	0	1	
185	55	11	4	-999	-999	4	0	0	0	0	0	0	0	0	1	
186	55	4	11	-999	-999	4	0	0	0	0	0	0	0	0	1	
187	55	11	18	-999	-999	4	0	0	0	0	0	0	0	0	1	
188	0	22	22	-999	-999	2	0	2	1	0	0	0	0	0	1	
189	43	0	6	22	20	2	0	0	0	0	0	0	0	0	1	
190	40	16	18	-999	-999	2	0	0	0	0	0	0	0	0	1	
191	40	16	4	-999	-999	2	0	0	0	0	0	0	0	0	1	
192	43	0	10	22	20	2	0	0	0	0	0	0	0	0	1	
193	43	12	6	22	20	2	0	0	0	0	0	0	0	0	1	
194	40	6	18	-999	-999	2	0	0	0	0	0	0	0	0	1	
195	43	10	0	22	20	2	0	0	0	0	0	0	0	0	1	
196	43	4	0	22	20	2	0	0	0	0	0	0	0	0	1	
197	35	8	5	22	20	2	0	0	0	0	0	0	0	0	1	
198	40	4	16	-999	-999	2	0	0	0	0	0	0	0	0	1	
199	43	8	12	22	20	2	0	0	0	0	0	0	0	0	1	
200	43	0	4	22	20	2	0	0	0	0	0	0	0	0	1	
201	43	12	0	22	20	2	0	0	0	0	0	0	0	0	1	
202	40	4	6	-999	-999	2	0	0	0	0	0	0	0	0	1	
203	43	0	2	22	20	2	0	0	0	0	0	0	0	0	1	
204	35	6	10	22	20	2	0	0	0	0	0	0	0	0	1	
205	40	18	6	-999	-999	2	0	0	0	0	0	0	0	0	1	
206	40	4	9	-999	-999	2	0	0	0	0	0	0	0	0	1	
207	43	12	10	22	20	2	0	0	0	0	0	0	0	0	1	
208	43	0	8	22	20	2	0	0	0	0	0	0	0	0	1	
209	32	22	20	-999	-999	2	0	0	0	0	0	0	0	0	1	
24	24	15	15	196	196	219	219	13	13	195	195	201	201	
24	24	15	15	196	196	219	219	13	13	195	195	201	201	
203	203	NULL	NULL	NULL	NULL	NULL	NULL	NULL	NULL	NULL	NULL	68	68	
203	203	NULL	NULL	NULL	NULL	NULL	NULL	NULL	NULL	NULL	NULL	68	68	
200	200	NULL	NULL	NULL	NULL	71	71	NULL	NULL	NULL	NULL	72	72	
200	200	NULL	NULL	213	213	71	71	197	197	NULL	NULL	72	72	
189	189	NULL	NULL	213	213	NULL	NULL	197	197	NULL	NULL	193	193	
189	189	NULL	NULL	89	89	NULL	NULL	83	83	NULL	NULL	193	193	
208	208	NULL	NULL	89	89	NULL	NULL	83	83	NULL	NULL	18	18	
208	208	NULL	NULL	10	10	NULL	NULL	87	87	NULL	NULL	18	18	
192	192	NULL	NULL	10	10	204	204	87	87	NULL	NULL	207	207	
192	192	NULL	NULL	NULL	NULL	204	204	NULL	NULL	NULL	NULL	207	207	
81	81	211	211	11	11	84	84	199	199	220	220	21	21	
81	81	211	211	11	11	84	84	199	199	220	220	21	21	
210	40	18	16	-999	-999	2	0	0	0	0	0	0	0	0	1	
211	43	2	12	22	20	2	0	0	0	0	0	0	0	0	1	
212	40	6	4	-999	-999	2	0	0	0	0	0	0	0	0	1	
213	35	4	5	22	20	2	0	0	0	0	0	0	0	0	1	
214	34	16	16	-999	-999	2	0	0	0	0	0	0	0	0	1	
215	34	6	16	-999	-999	2	0	0	0	0	0	0	0	0	1	
216	34	6	6	-999	-999	2	0	0	0	0	0	0	0	0	1	
217	2	12	8	-999	-999	2	0	1	3	0	0	0	0	0	1	
218	3	14	12	-999	-999	2	0	1	3	0	0	0	0	0	1	
219	43	6	0	22	20	2	0	0	0	0	0	0	0	0	1	
220	43	10	12	22	20	2	0	0	0	0	0	0	0	0	1	
221	1	8	10	-999	-999	2	0	1	3	0	0	0	0	0	1	
NULL	NULL	NULL	NULL	NULL	NULL	NULL	NULL	NULL	NULL	NULL	NULL	NULL	NULL	NULL	NULL	NULL	NULL	NULL	NULL	NULL	NULL	NULL	NULL	
NULL	NULL	NULL	NULL	NULL	NULL	NULL	NULL	NULL	NULL	NULL	NULL	NULL	NULL	NULL	NULL	NULL	NULL	NULL	NULL	NULL	NULL	NULL	NULL	
NULL	NULL	NULL	NULL	NULL	NULL	NULL	NULL	NULL	NULL	NULL	NULL	NULL	NULL	NULL	NULL	NULL	NULL	NULL	NULL	NULL	NULL	NULL	NULL	
NULL	NULL	NULL	NULL	NULL	NULL	NULL	NULL	NULL	NULL	NULL	NULL	NULL	NULL	NULL	NULL	NULL	NULL	NULL	NULL	NULL	NULL	NULL	NULL	
NULL	NULL	NULL	NULL	124	124	212	212	NULL	76	76	185	185	80	80	NULL	191	191	158	158	NULL	NULL	NULL	NULL	
NULL	NULL	NULL	NULL	124	124	212	212	NULL	76	76	185	185	80	80	NULL	191	191	158	158	NULL	NULL	NULL	NULL	
NULL	NULL	NULL	NULL	202	202	216	216	0	0	2	2	8	8	6	6	75	75	205	205	NULL	NULL	NULL	NULL	
NULL	NULL	NULL	NULL	202	202	216	216	0	0	2	2	8	8	6	6	75	75	205	205	NULL	NULL	NULL	NULL	
NULL	NULL	NULL	NULL	NULL	NULL	3	3	25	25	17	17	217	217	22	22	5	5	NULL	NULL	NULL	NULL	NULL	NULL	
NULL	NULL	NULL	NULL	206	206	3	3	25	25	17	17	217	217	22	22	5	5	65	65	NULL	NULL	NULL	NULL	
NULL	NULL	NULL	NULL	206	206	9	9	221	221	4	4	28	28	14	14	7	7	65	65	NULL	NULL	NULL	NULL	
NULL	NULL	NULL	NULL	186	186	9	9	221	221	4	4	28	28	14	14	7	7	184	184	NULL	NULL	NULL	NULL	
NULL	NULL	NULL	NULL	186	186	35	35	20	20	1	1	33	33	218	218	26	26	184	184	NULL	NULL	NULL	NULL	
NULL	NULL	NULL	NULL	85	85	35	35	20	20	1	1	33	33	218	218	26	26	73	73	NULL	NULL	NULL	NULL	
NULL	NULL	NULL	NULL	85	85	34	34	16	16	12	12	23	23	19	19	27	27	73	73	NULL	NULL	NULL	NULL	
NULL	NULL	NULL	NULL	NULL	NULL	34	34	16	16	12	12	23	23	19	19	27	27	NULL	NULL	NULL	NULL	NULL	NULL	
NULL	NULL	NULL	NULL	198	198	215	215	32	32	31	31	30	30	29	29	214	214	210	210	NULL	NULL	NULL	NULL	
NULL	NULL	NULL	NULL	198	198	215	215	32	32	31	31	30	30	29	29	214	214	210	210	NULL	NULL	NULL	NULL	
NULL	NULL	NULL	NULL	90	90	194	194	NULL	79	79	187	187	77	77	NULL	190	190	40	40	NULL	NULL	NULL	NULL	
NULL	NULL	NULL	NULL	90	90	194	194	NULL	79	79	187	187	77	77	NULL	190	190	40	40	NULL	NULL	NULL	NULL	
NULL	NULL	NULL	NULL	NULL	NULL	NULL	NULL	NULL	NULL	NULL	NULL	NULL	NULL	NULL	NULL	NULL	NULL	NULL	NULL	NULL	NULL	209	209	
NULL	NULL	NULL	NULL	NULL	NULL	NULL	NULL	NULL	NULL	NULL	NULL	NULL	NULL	NULL	NULL	NULL	NULL	NULL	NULL	NULL	NULL	209	209	
NULL	NULL	NULL	NULL	NULL	NULL	NULL	NULL	NULL	NULL	NULL	NULL	NULL	NULL	NULL	NULL	NULL	NULL	NULL	NULL	NULL	NULL	188	188	
NULL	NULL	NULL	NULL	NULL	NULL	NULL	NULL	NULL	NULL	NULL	NULL	NULL	NULL	NULL	NULL	NULL	NULL	NULL	NULL	NULL	NULL	188	188	
