773
0	32	20	2	-999	-999	2	0	0	0	0	0	0	0	0	
21	21	1	1	5	5	9	9	13	13	17	17	23	23	
21	21	1	1	5	5	9	9	13	13	17	17	23	23	
2	2	NULL	NULL	NULL	NULL	NULL	NULL	NULL	NULL	NULL	NULL	4	4	
2	2	NULL	NULL	NULL	NULL	NULL	NULL	NULL	NULL	NULL	NULL	4	4	
6	6	NULL	NULL	NULL	NULL	NULL	NULL	NULL	NULL	NULL	NULL	8	8	
6	6	NULL	NULL	NULL	NULL	NULL	NULL	NULL	NULL	NULL	NULL	8	8	
10	10	NULL	NULL	NULL	NULL	NULL	NULL	NULL	NULL	NULL	NULL	12	12	
10	10	NULL	NULL	NULL	NULL	NULL	NULL	NULL	NULL	NULL	NULL	12	12	
14	14	NULL	NULL	NULL	NULL	NULL	NULL	NULL	NULL	NULL	NULL	16	16	
14	14	NULL	NULL	NULL	NULL	NULL	NULL	NULL	NULL	NULL	NULL	16	16	
18	18	NULL	NULL	NULL	NULL	NULL	NULL	NULL	NULL	NULL	NULL	20	20	
18	18	NULL	NULL	NULL	NULL	NULL	NULL	NULL	NULL	NULL	NULL	20	20	
22	22	3	3	7	7	11	11	15	15	19	19	24	24	
22	22	3	3	7	7	11	11	15	15	19	19	24	24	
1	43	2	0	20	2	2	0	0	0	0	0	0	0	0	
2	43	0	2	20	2	2	0	0	0	0	0	0	0	0	
3	43	2	12	20	2	2	0	0	0	0	0	0	0	0	
4	43	12	2	20	2	2	0	0	0	0	0	0	0	0	
5	43	4	0	20	2	2	0	0	0	0	0	0	0	0	
6	43	0	4	20	2	2	0	0	0	0	0	0	0	0	
7	43	4	12	20	2	2	0	0	0	0	0	0	0	0	
8	43	12	4	20	2	2	0	0	0	0	0	0	0	0	
9	43	6	0	20	2	2	0	0	0	0	0	0	0	0	
10	43	0	6	20	2	2	0	0	0	0	0	0	0	0	
11	43	6	12	20	2	2	0	0	0	0	0	0	0	0	
12	43	12	6	20	2	2	0	0	0	0	0	0	0	0	
13	43	8	0	20	2	2	0	0	0	0	0	0	0	0	
14	43	0	8	20	2	2	0	0	0	0	0	0	0	0	
15	43	8	12	20	2	2	0	0	0	0	0	0	0	0	
16	43	12	8	20	2	2	0	0	0	0	0	0	0	0	
17	43	10	0	20	2	2	0	0	0	0	0	0	0	0	
18	43	0	10	20	2	2	0	0	0	0	0	0	0	0	
19	43	10	12	20	2	2	0	0	0	0	0	0	0	0	
20	43	12	10	20	2	2	0	0	0	0	0	0	0	0	
21	43	0	0	20	2	2	0	0	0	0	0	0	0	0	
22	43	0	12	20	2	2	0	0	0	0	0	0	0	0	
23	43	12	0	20	2	2	0	0	0	0	0	0	0	0	
24	43	12	12	20	2	2	0	0	0	0	0	0	0	0	
25	32	20	4	-999	-999	2	0	0	0	0	0	0	0	0	
46	46	26	26	30	30	34	34	38	38	42	42	48	48	
46	46	26	26	30	30	34	34	38	38	42	42	48	48	
27	27	NULL	NULL	NULL	NULL	292	292	272	272	280	280	29	29	
27	27	NULL	NULL	NULL	NULL	292	292	272	272	280	280	29	29	
31	31	NULL	NULL	NULL	NULL	443	443	300	300	276	276	33	33	
31	31	NULL	NULL	NULL	NULL	443	443	300	300	276	276	33	33	
35	35	NULL	NULL	NULL	NULL	NULL	NULL	NULL	NULL	310	310	37	37	
35	35	NULL	NULL	NULL	NULL	NULL	NULL	NULL	NULL	310	310	37	37	
39	39	NULL	NULL	NULL	NULL	NULL	NULL	NULL	NULL	NULL	NULL	41	41	
39	39	NULL	NULL	NULL	NULL	NULL	NULL	NULL	NULL	NULL	NULL	41	41	
43	43	NULL	NULL	NULL	NULL	NULL	NULL	NULL	NULL	NULL	NULL	45	45	
43	43	NULL	NULL	NULL	NULL	NULL	NULL	NULL	NULL	NULL	NULL	45	45	
47	47	28	28	32	32	36	36	40	40	44	44	49	49	
47	47	28	28	32	32	36	36	40	40	44	44	49	49	
26	43	2	0	20	4	2	0	0	0	0	0	0	0	0	
27	43	0	2	20	4	2	0	0	0	0	0	0	0	0	
28	43	2	12	20	4	2	0	0	0	0	0	0	0	0	
29	43	12	2	20	4	2	0	0	0	0	0	0	0	0	
30	43	4	0	20	4	2	0	0	0	0	0	0	0	0	
31	43	0	4	20	4	2	0	0	0	0	0	0	0	0	
32	43	4	12	20	4	2	0	0	0	0	0	0	0	0	
33	43	12	4	20	4	2	0	0	0	0	0	0	0	0	
34	43	6	0	20	4	2	0	0	0	0	0	0	0	0	
35	43	0	6	20	4	2	0	0	0	0	0	0	0	0	
36	43	6	12	20	4	2	0	0	0	0	0	0	0	0	
37	43	12	6	20	4	2	0	0	0	0	0	0	0	0	
38	43	8	0	20	4	2	0	0	0	0	0	0	0	0	
39	43	0	8	20	4	2	0	0	0	0	0	0	0	0	
40	43	8	12	20	4	2	0	0	0	0	0	0	0	0	
41	43	12	8	20	4	2	0	0	0	0	0	0	0	0	
42	43	10	0	20	4	2	0	0	0	0	0	0	0	0	
43	43	0	10	20	4	2	0	0	0	0	0	0	0	0	
44	43	10	12	20	4	2	0	0	0	0	0	0	0	0	
45	43	12	10	20	4	2	0	0	0	0	0	0	0	0	
46	43	0	0	20	4	2	0	0	0	0	0	0	0	0	
47	43	0	12	20	4	2	0	0	0	0	0	0	0	0	
48	43	12	0	20	4	2	0	0	0	0	0	0	0	0	
49	43	12	12	20	4	2	0	0	0	0	0	0	0	0	
50	32	18	4	-999	-999	2	0	0	0	0	0	0	0	0	
71	71	51	51	55	55	59	59	63	63	67	67	73	73	
71	71	51	51	55	55	59	59	63	63	67	67	73	73	
52	52	NULL	NULL	NULL	NULL	NULL	NULL	NULL	NULL	NULL	NULL	54	54	
52	52	NULL	NULL	NULL	NULL	NULL	NULL	NULL	NULL	NULL	NULL	54	54	
56	56	NULL	NULL	NULL	NULL	NULL	NULL	NULL	NULL	NULL	NULL	58	58	
56	56	NULL	NULL	NULL	NULL	NULL	NULL	NULL	NULL	NULL	NULL	58	58	
60	60	NULL	NULL	NULL	NULL	NULL	NULL	NULL	NULL	NULL	NULL	62	62	
60	60	NULL	NULL	NULL	NULL	NULL	NULL	NULL	NULL	NULL	NULL	62	62	
64	64	NULL	NULL	NULL	NULL	NULL	NULL	NULL	NULL	NULL	NULL	66	66	
64	64	NULL	NULL	NULL	NULL	NULL	NULL	NULL	NULL	NULL	NULL	66	66	
68	68	NULL	NULL	NULL	NULL	NULL	NULL	NULL	NULL	NULL	NULL	70	70	
68	68	NULL	NULL	NULL	NULL	NULL	NULL	NULL	NULL	NULL	NULL	70	70	
72	72	53	53	57	57	61	61	65	65	69	69	74	74	
72	72	53	53	57	57	61	61	65	65	69	69	74	74	
51	43	2	0	18	4	2	0	0	0	0	0	0	0	0	
52	43	0	2	18	4	2	0	0	0	0	0	0	0	0	
53	43	2	12	18	4	2	0	0	0	0	0	0	0	0	
54	43	12	2	18	4	2	0	0	0	0	0	0	0	0	
55	43	4	0	18	4	2	0	0	0	0	0	0	0	0	
56	43	0	4	18	4	2	0	0	0	0	0	0	0	0	
57	43	4	12	18	4	2	0	0	0	0	0	0	0	0	
58	43	12	4	18	4	2	0	0	0	0	0	0	0	0	
59	43	6	0	18	4	2	0	0	0	0	0	0	0	0	
60	43	0	6	18	4	2	0	0	0	0	0	0	0	0	
61	43	6	12	18	4	2	0	0	0	0	0	0	0	0	
62	43	12	6	18	4	2	0	0	0	0	0	0	0	0	
63	43	8	0	18	4	2	0	0	0	0	0	0	0	0	
64	43	0	8	18	4	2	0	0	0	0	0	0	0	0	
65	43	8	12	18	4	2	0	0	0	0	0	0	0	0	
66	43	12	8	18	4	2	0	0	0	0	0	0	0	0	
67	43	10	0	18	4	2	0	0	0	0	0	0	0	0	
68	43	0	10	18	4	2	0	0	0	0	0	0	0	0	
69	43	10	12	18	4	2	0	0	0	0	0	0	0	0	
70	43	12	10	18	4	2	0	0	0	0	0	0	0	0	
71	43	0	0	18	4	2	0	0	0	0	0	0	0	0	
72	43	0	12	18	4	2	0	0	0	0	0	0	0	0	
73	43	12	0	18	4	2	0	0	0	0	0	0	0	0	
74	43	12	12	18	4	2	0	0	0	0	0	0	0	0	
75	32	18	2	-999	-999	2	0	0	0	0	0	0	0	0	
96	96	76	76	80	80	84	84	88	88	92	92	98	98	
96	96	76	76	80	80	84	84	88	88	92	92	98	98	
77	77	NULL	NULL	NULL	NULL	NULL	NULL	NULL	NULL	NULL	NULL	79	79	
77	77	NULL	NULL	NULL	NULL	NULL	NULL	NULL	NULL	NULL	NULL	79	79	
81	81	NULL	NULL	NULL	NULL	NULL	NULL	NULL	NULL	NULL	NULL	83	83	
81	81	NULL	NULL	NULL	NULL	NULL	NULL	NULL	NULL	NULL	NULL	83	83	
85	85	NULL	NULL	NULL	NULL	NULL	NULL	NULL	NULL	NULL	NULL	87	87	
85	85	NULL	NULL	NULL	NULL	NULL	NULL	NULL	NULL	NULL	NULL	87	87	
89	89	NULL	NULL	NULL	NULL	NULL	NULL	NULL	NULL	NULL	NULL	91	91	
89	89	NULL	NULL	NULL	NULL	NULL	NULL	NULL	NULL	NULL	NULL	91	91	
93	93	NULL	NULL	NULL	NULL	NULL	NULL	NULL	NULL	NULL	NULL	95	95	
93	93	NULL	NULL	NULL	NULL	NULL	NULL	NULL	NULL	NULL	NULL	95	95	
97	97	78	78	82	82	86	86	90	90	94	94	99	99	
97	97	78	78	82	82	86	86	90	90	94	94	99	99	
76	43	2	0	18	2	2	0	0	0	0	0	0	0	0	
77	43	0	2	18	2	2	0	0	0	0	0	0	0	0	
78	43	2	12	18	2	2	0	0	0	0	0	0	0	0	
79	43	12	2	18	2	2	0	0	0	0	0	0	0	0	
80	43	4	0	18	2	2	0	0	0	0	0	0	0	0	
81	43	0	4	18	2	2	0	0	0	0	0	0	0	0	
82	43	4	12	18	2	2	0	0	0	0	0	0	0	0	
83	43	12	4	18	2	2	0	0	0	0	0	0	0	0	
84	43	6	0	18	2	2	0	0	0	0	0	0	0	0	
85	43	0	6	18	2	2	0	0	0	0	0	0	0	0	
86	43	6	12	18	2	2	0	0	0	0	0	0	0	0	
87	43	12	6	18	2	2	0	0	0	0	0	0	0	0	
88	43	8	0	18	2	2	0	0	0	0	0	0	0	0	
89	43	0	8	18	2	2	0	0	0	0	0	0	0	0	
90	43	8	12	18	2	2	0	0	0	0	0	0	0	0	
91	43	12	8	18	2	2	0	0	0	0	0	0	0	0	
92	43	10	0	18	2	2	0	0	0	0	0	0	0	0	
93	43	0	10	18	2	2	0	0	0	0	0	0	0	0	
94	43	10	12	18	2	2	0	0	0	0	0	0	0	0	
95	43	12	10	18	2	2	0	0	0	0	0	0	0	0	
96	43	0	0	18	2	2	0	0	0	0	0	0	0	0	
97	43	0	12	18	2	2	0	0	0	0	0	0	0	0	
98	43	12	0	18	2	2	0	0	0	0	0	0	0	0	
99	43	12	12	18	2	2	0	0	0	0	0	0	0	0	
100	32	16	2	-999	-999	2	0	0	0	0	0	0	0	0	
121	121	101	101	105	105	109	109	113	113	117	117	123	123	
121	121	101	101	105	105	109	109	113	113	117	117	123	123	
102	102	NULL	NULL	NULL	NULL	NULL	NULL	NULL	NULL	NULL	NULL	104	104	
102	102	NULL	NULL	NULL	NULL	NULL	NULL	NULL	NULL	NULL	NULL	104	104	
106	106	NULL	NULL	NULL	NULL	NULL	NULL	NULL	NULL	NULL	NULL	108	108	
106	106	NULL	NULL	NULL	NULL	NULL	NULL	NULL	NULL	NULL	NULL	108	108	
110	110	NULL	NULL	NULL	NULL	NULL	NULL	NULL	NULL	NULL	NULL	112	112	
110	110	NULL	NULL	NULL	NULL	NULL	NULL	NULL	NULL	NULL	NULL	112	112	
114	114	NULL	NULL	NULL	NULL	NULL	NULL	NULL	NULL	NULL	NULL	116	116	
114	114	NULL	NULL	NULL	NULL	NULL	NULL	NULL	NULL	NULL	NULL	116	116	
118	118	NULL	NULL	NULL	NULL	NULL	NULL	NULL	NULL	NULL	NULL	120	120	
118	118	NULL	NULL	NULL	NULL	NULL	NULL	NULL	NULL	NULL	NULL	120	120	
122	122	103	103	107	107	111	111	115	115	119	119	124	124	
122	122	103	103	107	107	111	111	115	115	119	119	124	124	
101	43	2	0	16	2	2	0	0	0	0	0	0	0	0	
102	43	0	2	16	2	2	0	0	0	0	0	0	0	0	
103	43	2	12	16	2	2	0	0	0	0	0	0	0	0	
104	43	12	2	16	2	2	0	0	0	0	0	0	0	0	
105	43	4	0	16	2	2	0	0	0	0	0	0	0	0	
106	43	0	4	16	2	2	0	0	0	0	0	0	0	0	
107	43	4	12	16	2	2	0	0	0	0	0	0	0	0	
108	43	12	4	16	2	2	0	0	0	0	0	0	0	0	
109	43	6	0	16	2	2	0	0	0	0	0	0	0	0	
110	43	0	6	16	2	2	0	0	0	0	0	0	0	0	
111	43	6	12	16	2	2	0	0	0	0	0	0	0	0	
112	43	12	6	16	2	2	0	0	0	0	0	0	0	0	
113	43	8	0	16	2	2	0	0	0	0	0	0	0	0	
114	43	0	8	16	2	2	0	0	0	0	0	0	0	0	
115	43	8	12	16	2	2	0	0	0	0	0	0	0	0	
116	43	12	8	16	2	2	0	0	0	0	0	0	0	0	
117	43	10	0	16	2	2	0	0	0	0	0	0	0	0	
118	43	0	10	16	2	2	0	0	0	0	0	0	0	0	
119	43	10	12	16	2	2	0	0	0	0	0	0	0	0	
120	43	12	10	16	2	2	0	0	0	0	0	0	0	0	
121	43	0	0	16	2	2	0	0	0	0	0	0	0	0	
122	43	0	12	16	2	2	0	0	0	0	0	0	0	0	
123	43	12	0	16	2	2	0	0	0	0	0	0	0	0	
124	43	12	12	16	2	2	0	0	0	0	0	0	0	0	
125	32	16	4	-999	-999	2	0	0	0	0	0	0	0	0	
146	146	126	126	130	130	134	134	138	138	142	142	148	148	
146	146	126	126	130	130	134	134	138	138	142	142	148	148	
127	127	NULL	NULL	NULL	NULL	NULL	NULL	NULL	NULL	NULL	NULL	129	129	
127	127	NULL	NULL	NULL	NULL	NULL	NULL	NULL	NULL	NULL	NULL	129	129	
131	131	NULL	NULL	NULL	NULL	NULL	NULL	NULL	NULL	NULL	NULL	133	133	
131	131	NULL	NULL	NULL	NULL	NULL	NULL	NULL	NULL	NULL	NULL	133	133	
135	135	NULL	NULL	NULL	NULL	NULL	NULL	NULL	NULL	NULL	NULL	137	137	
135	135	NULL	NULL	NULL	NULL	NULL	NULL	NULL	NULL	NULL	NULL	137	137	
139	139	NULL	NULL	NULL	NULL	NULL	NULL	NULL	NULL	NULL	NULL	141	141	
139	139	NULL	NULL	NULL	NULL	NULL	NULL	NULL	NULL	NULL	NULL	141	141	
143	143	NULL	NULL	NULL	NULL	NULL	NULL	NULL	NULL	NULL	NULL	145	145	
143	143	NULL	NULL	NULL	NULL	NULL	NULL	NULL	NULL	NULL	NULL	145	145	
147	147	128	128	132	132	136	136	140	140	144	144	149	149	
147	147	128	128	132	132	136	136	140	140	144	144	149	149	
126	43	2	0	16	4	2	0	0	0	0	0	0	0	0	
127	43	0	2	16	4	2	0	0	0	0	0	0	0	0	
128	43	2	12	16	4	2	0	0	0	0	0	0	0	0	
129	43	12	2	16	4	2	0	0	0	0	0	0	0	0	
130	43	4	0	16	4	2	0	0	0	0	0	0	0	0	
131	43	0	4	16	4	2	0	0	0	0	0	0	0	0	
132	43	4	12	16	4	2	0	0	0	0	0	0	0	0	
133	43	12	4	16	4	2	0	0	0	0	0	0	0	0	
134	43	6	0	16	4	2	0	0	0	0	0	0	0	0	
135	43	0	6	16	4	2	0	0	0	0	0	0	0	0	
136	43	6	12	16	4	2	0	0	0	0	0	0	0	0	
137	43	12	6	16	4	2	0	0	0	0	0	0	0	0	
138	43	8	0	16	4	2	0	0	0	0	0	0	0	0	
139	43	0	8	16	4	2	0	0	0	0	0	0	0	0	
140	43	8	12	16	4	2	0	0	0	0	0	0	0	0	
141	43	12	8	16	4	2	0	0	0	0	0	0	0	0	
142	43	10	0	16	4	2	0	0	0	0	0	0	0	0	
143	43	0	10	16	4	2	0	0	0	0	0	0	0	0	
144	43	10	12	16	4	2	0	0	0	0	0	0	0	0	
145	43	12	10	16	4	2	0	0	0	0	0	0	0	0	
146	43	0	0	16	4	2	0	0	0	0	0	0	0	0	
147	43	0	12	16	4	2	0	0	0	0	0	0	0	0	
148	43	12	0	16	4	2	0	0	0	0	0	0	0	0	
149	43	12	12	16	4	2	0	0	0	0	0	0	0	0	
150	32	16	6	-999	-999	2	0	0	0	0	0	0	0	0	
171	171	151	151	155	155	159	159	163	163	167	167	173	173	
171	171	151	151	155	155	159	159	163	163	167	167	173	173	
152	152	NULL	NULL	NULL	NULL	NULL	NULL	NULL	NULL	NULL	NULL	154	154	
152	152	NULL	NULL	NULL	NULL	NULL	NULL	NULL	NULL	NULL	NULL	154	154	
156	156	NULL	NULL	NULL	NULL	NULL	NULL	NULL	NULL	NULL	NULL	158	158	
156	156	NULL	NULL	NULL	NULL	NULL	NULL	NULL	NULL	NULL	NULL	158	158	
160	160	NULL	NULL	NULL	NULL	NULL	NULL	NULL	NULL	NULL	NULL	162	162	
160	160	NULL	NULL	NULL	NULL	NULL	NULL	NULL	NULL	NULL	NULL	162	162	
164	164	NULL	NULL	NULL	NULL	NULL	NULL	NULL	NULL	NULL	NULL	166	166	
164	164	NULL	NULL	NULL	NULL	NULL	NULL	NULL	NULL	NULL	NULL	166	166	
168	168	NULL	NULL	NULL	NULL	NULL	NULL	NULL	NULL	NULL	NULL	170	170	
168	168	NULL	NULL	NULL	NULL	NULL	NULL	NULL	NULL	NULL	NULL	170	170	
172	172	153	153	157	157	161	161	165	165	169	169	174	174	
172	172	153	153	157	157	161	161	165	165	169	169	174	174	
151	43	2	0	16	6	2	0	0	0	0	0	0	0	0	
152	43	0	2	16	6	2	0	0	0	0	0	0	0	0	
153	43	2	12	16	6	2	0	0	0	0	0	0	0	0	
154	43	12	2	16	6	2	0	0	0	0	0	0	0	0	
155	43	4	0	16	6	2	0	0	0	0	0	0	0	0	
156	43	0	4	16	6	2	0	0	0	0	0	0	0	0	
157	43	4	12	16	6	2	0	0	0	0	0	0	0	0	
158	43	12	4	16	6	2	0	0	0	0	0	0	0	0	
159	43	6	0	16	6	2	0	0	0	0	0	0	0	0	
160	43	0	6	16	6	2	0	0	0	0	0	0	0	0	
161	43	6	12	16	6	2	0	0	0	0	0	0	0	0	
162	43	12	6	16	6	2	0	0	0	0	0	0	0	0	
163	43	8	0	16	6	2	0	0	0	0	0	0	0	0	
164	43	0	8	16	6	2	0	0	0	0	0	0	0	0	
165	43	8	12	16	6	2	0	0	0	0	0	0	0	0	
166	43	12	8	16	6	2	0	0	0	0	0	0	0	0	
167	43	10	0	16	6	2	0	0	0	0	0	0	0	0	
168	43	0	10	16	6	2	0	0	0	0	0	0	0	0	
169	43	10	12	16	6	2	0	0	0	0	0	0	0	0	
170	43	12	10	16	6	2	0	0	0	0	0	0	0	0	
171	43	0	0	16	6	2	0	0	0	0	0	0	0	0	
172	43	0	12	16	6	2	0	0	0	0	0	0	0	0	
173	43	12	0	16	6	2	0	0	0	0	0	0	0	0	
174	43	12	12	16	6	2	0	0	0	0	0	0	0	0	
175	32	18	6	-999	-999	2	0	0	0	0	0	0	0	0	
196	196	176	176	180	180	184	184	188	188	192	192	198	198	
196	196	176	176	180	180	184	184	188	188	192	192	198	198	
177	177	NULL	NULL	NULL	NULL	NULL	NULL	NULL	NULL	NULL	NULL	179	179	
177	177	NULL	NULL	NULL	NULL	NULL	NULL	NULL	NULL	NULL	NULL	179	179	
181	181	NULL	NULL	NULL	NULL	NULL	NULL	NULL	NULL	NULL	NULL	183	183	
181	181	NULL	NULL	NULL	NULL	NULL	NULL	NULL	NULL	NULL	NULL	183	183	
185	185	NULL	NULL	NULL	NULL	NULL	NULL	NULL	NULL	NULL	NULL	187	187	
185	185	NULL	NULL	NULL	NULL	NULL	NULL	NULL	NULL	NULL	NULL	187	187	
189	189	NULL	NULL	NULL	NULL	NULL	NULL	NULL	NULL	NULL	NULL	191	191	
189	189	NULL	NULL	NULL	NULL	NULL	NULL	NULL	NULL	NULL	NULL	191	191	
193	193	NULL	NULL	NULL	NULL	NULL	NULL	NULL	NULL	NULL	NULL	195	195	
193	193	NULL	NULL	NULL	NULL	NULL	NULL	NULL	NULL	NULL	NULL	195	195	
197	197	178	178	182	182	186	186	190	190	194	194	199	199	
197	197	178	178	182	182	186	186	190	190	194	194	199	199	
176	43	2	0	18	6	2	0	0	0	0	0	0	0	0	
177	43	0	2	18	6	2	0	0	0	0	0	0	0	0	
178	43	2	12	18	6	2	0	0	0	0	0	0	0	0	
179	43	12	2	18	6	2	0	0	0	0	0	0	0	0	
180	43	4	0	18	6	2	0	0	0	0	0	0	0	0	
181	43	0	4	18	6	2	0	0	0	0	0	0	0	0	
182	43	4	12	18	6	2	0	0	0	0	0	0	0	0	
183	43	12	4	18	6	2	0	0	0	0	0	0	0	0	
184	43	6	0	18	6	2	0	0	0	0	0	0	0	0	
185	43	0	6	18	6	2	0	0	0	0	0	0	0	0	
186	43	6	12	18	6	2	0	0	0	0	0	0	0	0	
187	43	12	6	18	6	2	0	0	0	0	0	0	0	0	
188	43	8	0	18	6	2	0	0	0	0	0	0	0	0	
189	43	0	8	18	6	2	0	0	0	0	0	0	0	0	
190	43	8	12	18	6	2	0	0	0	0	0	0	0	0	
191	43	12	8	18	6	2	0	0	0	0	0	0	0	0	
192	43	10	0	18	6	2	0	0	0	0	0	0	0	0	
193	43	0	10	18	6	2	0	0	0	0	0	0	0	0	
194	43	10	12	18	6	2	0	0	0	0	0	0	0	0	
195	43	12	10	18	6	2	0	0	0	0	0	0	0	0	
196	43	0	0	18	6	2	0	0	0	0	0	0	0	0	
197	43	0	12	18	6	2	0	0	0	0	0	0	0	0	
198	43	12	0	18	6	2	0	0	0	0	0	0	0	0	
199	43	12	12	18	6	2	0	0	0	0	0	0	0	0	
200	32	20	6	-999	-999	2	0	0	0	0	0	0	0	0	
221	221	201	201	205	205	209	209	213	213	217	217	223	223	
221	221	201	201	205	205	209	209	213	213	217	217	223	223	
202	202	NULL	NULL	NULL	NULL	NULL	NULL	245	245	NULL	NULL	204	204	
202	202	NULL	NULL	NULL	NULL	NULL	NULL	245	245	NULL	NULL	204	204	
206	206	NULL	NULL	NULL	NULL	NULL	NULL	NULL	NULL	242	242	208	208	
206	206	NULL	NULL	NULL	NULL	NULL	NULL	NULL	NULL	242	242	208	208	
210	210	NULL	NULL	NULL	NULL	311	311	243	243	241	241	212	212	
210	210	NULL	NULL	NULL	NULL	311	311	243	243	241	241	212	212	
214	214	NULL	NULL	NULL	NULL	318	318	NULL	NULL	244	244	216	216	
214	214	NULL	NULL	NULL	NULL	318	318	NULL	NULL	244	244	216	216	
218	218	NULL	NULL	NULL	NULL	NULL	NULL	NULL	NULL	NULL	NULL	220	220	
218	218	NULL	NULL	NULL	NULL	NULL	NULL	NULL	NULL	NULL	NULL	220	220	
222	222	203	203	207	207	211	211	215	215	219	219	224	224	
222	222	203	203	207	207	211	211	215	215	219	219	224	224	
201	43	2	0	20	6	2	0	0	0	0	0	0	0	0	
202	43	0	2	20	6	2	0	0	0	0	0	0	0	0	
203	43	2	12	20	6	2	0	0	0	0	0	0	0	0	
204	43	12	2	20	6	2	0	0	0	0	0	0	0	0	
205	43	4	0	20	6	2	0	0	0	0	0	0	0	0	
206	43	0	4	20	6	2	0	0	0	0	0	0	0	0	
207	43	4	12	20	6	2	0	0	0	0	0	0	0	0	
208	43	12	4	20	6	2	0	0	0	0	0	0	0	0	
209	43	6	0	20	6	2	0	0	0	0	0	0	0	0	
210	43	0	6	20	6	2	0	0	0	0	0	0	0	0	
211	43	6	12	20	6	2	0	0	0	0	0	0	0	0	
212	42	12	6	20	6	2	0	0	0	0	0	0	0	0	
213	43	8	0	20	6	2	0	0	0	0	0	0	0	0	
214	43	0	8	20	6	2	0	0	0	0	0	0	0	0	
215	43	8	12	20	6	2	0	0	0	0	0	0	0	0	
216	43	12	8	20	6	2	0	0	0	0	0	0	0	0	
217	43	10	0	20	6	2	0	0	0	0	0	0	0	0	
218	43	0	10	20	6	2	0	0	0	0	0	0	0	0	
219	43	10	12	20	6	2	0	0	0	0	0	0	0	0	
220	43	12	10	20	6	2	0	0	0	0	0	0	0	0	
221	43	0	0	20	6	2	0	0	0	0	0	0	0	0	
222	43	0	12	20	6	2	0	0	0	0	0	0	0	0	
223	43	12	0	20	6	2	0	0	0	0	0	0	0	0	
224	43	12	12	20	6	2	0	0	0	0	0	0	0	0	
225	0	22	6	-999	-999	2	0	2	1000	0	0	0	0	0	
226	13	14	2	-999	-999	2	100000	0	0	0	0	0	0	0	
227	40	22	4	-999	-999	2	0	0	0	0	0	0	0	0	
228	40	22	2	-999	-999	2	0	0	0	0	0	0	0	0	
229	40	22	0	-999	-999	2	0	0	0	0	0	0	0	0	
230	40	20	0	-999	-999	2	0	0	0	0	0	0	0	0	
231	40	18	0	-999	-999	2	0	0	0	0	0	0	0	0	
232	40	16	0	-999	-999	2	0	0	0	0	0	0	0	0	
233	40	14	0	-999	-999	2	0	0	0	0	0	0	0	0	
234	40	14	4	-999	-999	2	0	0	0	0	0	0	0	0	
235	40	14	6	-999	-999	2	0	0	0	0	0	0	0	0	
236	40	14	8	-999	-999	2	0	0	0	0	0	0	0	0	
237	40	16	8	-999	-999	2	0	0	0	0	0	0	0	0	
238	40	18	8	-999	-999	2	0	0	0	0	0	0	0	0	
239	40	20	8	-999	-999	2	0	0	0	0	0	0	0	0	
240	40	22	8	-999	-999	2	0	0	0	0	0	0	0	0	
241	34	10	6	20	6	2	0	0	0	0	0	0	0	0	
242	55	10	4	20	6	2	0	0	0	0	0	0	0	0	
243	55	8	6	20	6	2	0	0	0	0	0	0	0	0	
244	55	10	8	20	6	2	0	0	0	0	0	0	0	0	
245	88	8	2	20	6	2	0	0	0	0	0	0	0	0	
246	43	8	0	16	20	2	0	0	0	0	0	0	0	0	
247	43	0	0	14	16	2	0	0	0	0	0	0	0	0	
248	43	10	0	16	20	2	0	0	0	0	0	0	0	0	
249	37	8	2	16	20	2	0	0	0	0	0	0	0	0	
250	39	4	10	16	18	2	0	0	0	0	0	0	0	0	
251	43	0	2	14	18	2	0	0	0	0	0	0	0	0	
252	93	5	2	16	14	4	0	0	0	0	0	0	0	0	
253	43	0	10	16	20	2	0	0	0	0	0	0	0	0	
254	43	0	8	16	18	2	0	0	0	0	0	0	0	0	
255	43	12	2	14	16	2	0	0	0	0	0	0	0	0	
256	20	8	6	16	20	4	0	0	0	0	0	0	0	0	
257	37	6	2	16	20	2	0	0	0	0	0	0	0	0	
258	75	8	4	16	20	3	0	0	0	0	0	0	0	0	
259	92	8	2	16	14	4	0	0	0	0	0	0	0	0	
260	37	6	6	16	14	2	0	0	0	0	0	0	0	0	
261	37	2	6	16	14	2	0	0	0	0	0	0	0	0	
262	43	2	0	16	20	2	0	0	0	0	0	0	0	0	
263	43	0	0	16	20	2	0	0	0	0	0	0	0	0	
264	43	12	10	16	20	2	0	0	0	0	0	0	0	0	
265	43	10	12	16	20	2	0	0	0	0	0	0	0	0	
266	37	10	2	16	20	2	0	0	0	0	0	0	0	0	
267	43	0	6	14	16	2	0	0	0	0	0	0	0	0	
268	37	4	6	16	14	2	0	0	0	0	0	0	0	0	
269	39	2	10	16	18	2	0	0	0	0	0	0	0	0	
270	43	0	4	16	20	2	0	0	0	0	0	0	0	0	
271	43	12	10	14	16	2	0	0	0	0	0	0	0	0	
272	27	8	2	20	4	2	0	0	0	0	0	0	0	0	
273	42	2	12	14	18	2	0	0	0	0	0	0	0	0	
274	42	10	0	14	16	2	0	0	0	0	0	0	0	0	
275	43	12	6	14	16	2	0	0	0	0	0	0	0	0	
276	10	10	4	20	4	2	0	0	0	0	0	0	0	0	
277	43	0	4	14	16	2	0	0	0	0	0	0	0	0	
278	32	14	18	-999	-999	2	0	0	0	0	0	0	0	0	
448	448	295	295	470	470	453	453	464	464	456	456	463	463	
448	448	295	295	470	470	453	453	464	464	456	456	463	463	
251	251	535	535	NULL	NULL	NULL	NULL	NULL	NULL	737	737	446	446	
251	251	535	535	NULL	NULL	NULL	NULL	NULL	NULL	737	737	446	446	
465	465	740	740	NULL	NULL	NULL	NULL	NULL	NULL	738	738	457	457	
465	465	740	740	NULL	NULL	NULL	NULL	NULL	NULL	738	738	457	457	
449	449	741	741	NULL	NULL	NULL	NULL	NULL	NULL	739	739	466	466	
449	449	741	741	NULL	NULL	NULL	NULL	NULL	NULL	739	739	466	466	
462	462	742	742	NULL	NULL	NULL	NULL	NULL	NULL	536	536	458	458	
462	462	742	742	NULL	NULL	NULL	NULL	NULL	NULL	536	536	458	458	
454	454	743	743	NULL	NULL	NULL	NULL	NULL	NULL	537	537	450	450	
454	454	743	743	NULL	NULL	NULL	NULL	NULL	NULL	537	537	450	450	
469	469	273	273	461	461	468	468	460	460	452	452	459	459	
469	469	273	273	461	461	468	468	460	460	452	452	459	459	
279	43	8	0	14	16	2	0	0	0	0	0	0	0	0	
280	74	10	2	20	4	3	0	0	0	0	0	0	0	0	
281	43	12	0	14	16	2	0	0	0	0	0	0	0	0	
282	43	0	10	14	16	2	0	0	0	0	0	0	0	0	
283	43	0	8	14	16	2	0	0	0	0	0	0	0	0	
284	43	4	0	14	16	2	0	0	0	0	0	0	0	0	
285	43	4	12	14	16	2	0	0	0	0	0	0	0	0	
286	43	6	0	14	16	2	0	0	0	0	0	0	0	0	
287	43	8	12	14	16	2	0	0	0	0	0	0	0	0	
288	43	0	12	14	16	2	0	0	0	0	0	0	0	0	
289	43	12	12	14	16	2	0	0	0	0	0	0	0	0	
290	42	10	12	14	16	2	0	0	0	0	0	0	0	0	
291	43	12	8	14	16	2	0	0	0	0	0	0	0	0	
292	40	6	2	20	4	2	0	0	0	0	0	0	0	0	
293	43	12	4	14	16	2	0	0	0	0	0	0	0	0	
294	43	6	12	14	16	2	0	0	0	0	0	0	0	0	
295	42	2	0	14	18	2	0	0	0	0	0	0	0	0	
296	42	0	10	16	18	2	0	0	0	0	0	0	0	0	
297	39	6	6	14	14	2	0	0	0	0	0	0	0	0	
298	37	2	8	16	12	2	0	0	0	0	0	0	0	0	
299	90	8	10	16	14	4	0	0	0	0	0	0	0	0	
300	26	8	4	20	4	2	0	0	0	0	0	0	0	0	
301	39	2	2	14	14	2	0	0	0	0	0	0	0	0	
302	37	3	2	16	18	4	0	0	0	0	0	0	0	0	
303	94	2	6	16	18	2	0	0	0	0	0	0	0	0	
304	24	8	6	16	14	2	0	0	0	0	0	0	0	0	
305	37	2	8	14	14	2	0	0	0	0	0	0	0	0	
306	43	4	12	16	18	2	0	0	0	0	0	0	0	0	
307	32	16	18	-999	-999	2	0	0	0	0	0	0	0	0	
420	420	410	410	403	403	407	407	455	455	399	399	417	417	
420	420	410	410	403	403	407	407	455	455	399	399	417	417	
400	400	NULL	302	302	NULL	413	413	NULL	405	405	NULL	406	406	
400	400	NULL	302	302	NULL	413	413	NULL	405	405	NULL	406	406	
427	427	NULL	404	404	NULL	411	411	NULL	397	397	NULL	402	402	
427	427	NULL	404	404	NULL	411	411	NULL	397	397	NULL	402	402	
315	315	303	303	429	429	433	433	436	436	416	416	320	320	
315	315	303	303	429	429	433	433	436	436	416	416	320	320	
254	254	414	414	412	412	415	415	408	408	398	398	396	396	
254	254	414	414	412	412	415	415	408	408	398	398	396	396	
296	296	269	269	250	250	314	314	418	418	434	434	401	401	
296	296	269	269	250	250	314	314	418	418	434	434	401	401	
442	442	435	435	306	306	467	467	419	419	409	409	425	425	
442	442	435	435	306	306	467	467	419	419	409	409	425	425	
308	25	7	4	16	14	2	0	0	0	0	0	0	0	0	
309	39	4	6	14	14	2	0	0	0	0	0	0	0	0	
310	37	10	6	20	4	2	0	0	0	0	0	0	0	0	
311	34	6	6	20	6	2	0	0	0	0	0	0	0	0	
312	26	5	4	16	14	2	0	0	0	0	0	0	0	0	
313	39	2	4	14	14	2	0	0	0	0	0	0	0	0	
314	39	6	10	16	18	2	0	0	0	0	0	0	0	0	
315	43	0	6	16	18	2	0	0	0	0	0	0	0	0	
316	89	5	10	16	14	4	0	0	0	0	0	0	0	0	
317	37	2	10	14	14	2	0	0	0	0	0	0	0	0	
318	4	6	8	20	6	2	0	1	100000	0	0	0	0	0	
319	37	2	6	14	14	2	0	0	0	0	0	0	0	0	
320	43	12	6	16	18	2	0	0	0	0	0	0	0	0	
321	32	14	12	-999	-999	2	0	0	0	0	0	0	0	0	
342	342	322	322	326	326	330	330	334	334	338	338	344	344	
342	342	322	322	326	326	330	330	334	334	338	338	344	344	
323	323	NULL	NULL	NULL	NULL	NULL	NULL	NULL	NULL	NULL	NULL	325	325	
323	323	NULL	NULL	NULL	NULL	NULL	NULL	NULL	NULL	544	544	325	325	
327	327	NULL	NULL	NULL	NULL	NULL	NULL	545	545	544	544	329	329	
327	327	NULL	NULL	NULL	NULL	NULL	NULL	545	545	NULL	NULL	329	329	
331	331	NULL	NULL	NULL	546	546	673	673	NULL	NULL	NULL	333	333	
331	331	NULL	NULL	NULL	546	546	673	673	NULL	NULL	NULL	333	333	
335	335	NULL	NULL	543	543	NULL	NULL	NULL	NULL	NULL	NULL	337	337	
335	335	NULL	NULL	543	543	NULL	NULL	NULL	NULL	NULL	NULL	337	337	
339	339	NULL	542	542	NULL	NULL	NULL	NULL	NULL	NULL	NULL	341	341	
339	339	NULL	542	542	NULL	NULL	NULL	NULL	NULL	NULL	NULL	341	341	
343	343	324	324	328	328	332	332	336	336	340	340	345	345	
343	343	324	324	328	328	332	332	336	336	340	340	345	345	
322	43	2	0	14	12	2	0	0	0	0	0	0	0	0	
323	43	0	2	14	12	2	0	0	0	0	0	0	0	0	
324	42	2	12	14	12	2	0	0	0	0	0	0	0	0	
325	42	12	2	14	12	2	0	0	0	0	0	0	0	0	
326	43	4	0	14	12	2	0	0	0	0	0	0	0	0	
327	43	0	4	14	12	2	0	0	0	0	0	0	0	0	
328	43	4	12	14	12	2	0	0	0	0	0	0	0	0	
329	43	12	4	14	12	2	0	0	0	0	0	0	0	0	
330	43	6	0	14	12	2	0	0	0	0	0	0	0	0	
331	43	0	6	14	12	2	0	0	0	0	0	0	0	0	
332	43	6	12	14	12	2	0	0	0	0	0	0	0	0	
333	43	12	6	14	12	2	0	0	0	0	0	0	0	0	
334	43	8	0	14	12	2	0	0	0	0	0	0	0	0	
335	43	0	8	14	12	2	0	0	0	0	0	0	0	0	
336	43	8	12	14	12	2	0	0	0	0	0	0	0	0	
337	43	12	8	14	12	2	0	0	0	0	0	0	0	0	
338	43	10	0	14	12	2	0	0	0	0	0	0	0	0	
339	43	0	10	14	12	2	0	0	0	0	0	0	0	0	
340	43	10	12	14	12	2	0	0	0	0	0	0	0	0	
341	43	12	10	14	12	2	0	0	0	0	0	0	0	0	
342	43	0	0	14	12	2	0	0	0	0	0	0	0	0	
343	43	0	12	14	12	2	0	0	0	0	0	0	0	0	
344	43	12	0	14	12	2	0	0	0	0	0	0	0	0	
345	43	12	12	14	12	2	0	0	0	0	0	0	0	0	
346	32	14	14	-999	-999	2	0	0	0	0	0	0	0	0	
367	367	347	347	351	351	355	355	359	359	363	363	369	369	
367	367	347	347	351	351	355	355	359	359	363	363	369	369	
348	348	301	301	NULL	NULL	NULL	NULL	NULL	NULL	526	526	350	350	
348	348	301	301	NULL	NULL	NULL	NULL	NULL	NULL	526	526	350	350	
352	352	313	313	NULL	NULL	NULL	NULL	NULL	662	662	NULL	354	354	
352	352	313	313	NULL	NULL	NULL	NULL	NULL	662	662	NULL	354	354	
356	356	319	319	309	309	297	297	529	529	525	525	358	358	
356	356	319	319	309	309	297	297	529	529	525	525	358	358	
360	360	305	305	NULL	NULL	NULL	NULL	NULL	528	528	NULL	362	362	
360	360	305	305	NULL	NULL	NULL	NULL	NULL	528	528	NULL	362	362	
364	364	317	317	NULL	NULL	NULL	NULL	NULL	NULL	527	527	366	366	
364	364	317	317	NULL	NULL	NULL	NULL	NULL	NULL	527	527	366	366	
368	368	349	349	353	353	357	357	361	361	365	365	370	370	
368	368	349	349	353	353	357	357	361	361	365	365	370	370	
347	42	2	0	14	14	2	0	0	0	0	0	0	0	0	
348	43	0	2	14	14	2	0	0	0	0	0	0	0	0	
349	42	2	12	14	14	2	0	0	0	0	0	0	0	0	
350	42	12	2	14	14	2	0	0	0	0	0	0	0	0	
351	43	4	0	14	14	2	0	0	0	0	0	0	0	0	
352	43	0	4	14	14	2	0	0	0	0	0	0	0	0	
353	43	4	12	14	14	2	0	0	0	0	0	0	0	0	
354	43	12	4	14	14	2	0	0	0	0	0	0	0	0	
355	43	6	0	14	14	2	0	0	0	0	0	0	0	0	
356	42	0	6	14	14	2	0	0	0	0	0	0	0	0	
357	43	6	12	14	14	2	0	0	0	0	0	0	0	0	
358	42	12	6	14	14	2	0	0	0	0	0	0	0	0	
359	43	8	0	14	14	2	0	0	0	0	0	0	0	0	
360	43	0	8	14	14	2	0	0	0	0	0	0	0	0	
361	43	8	12	14	14	2	0	0	0	0	0	0	0	0	
362	43	12	8	14	14	2	0	0	0	0	0	0	0	0	
363	43	10	0	14	14	2	0	0	0	0	0	0	0	0	
364	43	0	10	14	14	2	0	0	0	0	0	0	0	0	
365	42	10	12	14	14	2	0	0	0	0	0	0	0	0	
366	43	12	10	14	14	2	0	0	0	0	0	0	0	0	
367	43	0	0	14	14	2	0	0	0	0	0	0	0	0	
368	43	0	12	14	14	2	0	0	0	0	0	0	0	0	
369	43	12	0	14	14	2	0	0	0	0	0	0	0	0	
370	43	12	12	14	14	2	0	0	0	0	0	0	0	0	
371	32	16	14	-999	-999	2	0	0	0	0	0	0	0	0	
394	394	375	375	379	379	383	383	387	387	391	391	395	395	
394	394	375	375	379	379	383	383	387	387	391	391	395	395	
388	388	541	541	NULL	252	252	NULL	259	259	NULL	NULL	390	390	
388	388	541	541	NULL	252	252	NULL	259	259	NULL	NULL	390	390	
384	384	NULL	NULL	NULL	312	312	308	308	NULL	NULL	NULL	386	386	
384	384	NULL	NULL	NULL	312	312	308	308	NULL	NULL	NULL	386	386	
380	380	261	261	268	268	260	260	304	304	430	430	382	382	
380	380	261	261	268	268	260	260	304	304	430	430	382	382	
376	376	NULL	NULL	NULL	437	437	444	444	NULL	NULL	NULL	378	378	
376	376	NULL	NULL	NULL	437	437	444	444	NULL	NULL	NULL	378	378	
372	372	NULL	NULL	NULL	316	316	NULL	299	299	NULL	NULL	374	374	
372	372	NULL	NULL	NULL	316	316	NULL	299	299	NULL	NULL	374	374	
392	392	373	373	377	377	381	381	385	385	389	389	393	393	
392	392	373	373	377	377	381	381	385	385	389	389	393	393	
372	43	0	10	16	14	2	0	0	0	0	0	0	0	0	
373	43	2	12	16	14	2	0	0	0	0	0	0	0	0	
374	43	12	10	16	14	2	0	0	0	0	0	0	0	0	
375	42	2	0	16	14	2	0	0	0	0	0	0	0	0	
376	43	0	8	16	14	2	0	0	0	0	0	0	0	0	
377	43	4	12	16	14	2	0	0	0	0	0	0	0	0	
378	43	12	8	16	14	2	0	0	0	0	0	0	0	0	
379	43	4	0	16	14	2	0	0	0	0	0	0	0	0	
380	42	0	6	16	14	2	0	0	0	0	0	0	0	0	
381	43	6	12	16	14	2	0	0	0	0	0	0	0	0	
382	43	12	6	16	14	2	0	0	0	0	0	0	0	0	
383	43	6	0	16	14	2	0	0	0	0	0	0	0	0	
384	43	0	4	16	14	2	0	0	0	0	0	0	0	0	
385	43	8	12	16	14	2	0	0	0	0	0	0	0	0	
386	43	12	4	16	14	2	0	0	0	0	0	0	0	0	
387	43	8	0	16	14	2	0	0	0	0	0	0	0	0	
388	42	0	2	16	14	2	0	0	0	0	0	0	0	0	
389	43	10	12	16	14	2	0	0	0	0	0	0	0	0	
390	43	12	2	16	14	2	0	0	0	0	0	0	0	0	
391	43	10	0	16	14	2	0	0	0	0	0	0	0	0	
392	43	0	12	16	14	2	0	0	0	0	0	0	0	0	
393	43	12	12	16	14	2	0	0	0	0	0	0	0	0	
394	43	0	0	16	14	2	0	0	0	0	0	0	0	0	
395	43	12	0	16	14	2	0	0	0	0	0	0	0	0	
396	43	12	8	16	18	2	0	0	0	0	0	0	0	0	
397	37	9	4	16	18	3	0	0	0	0	0	0	0	0	
398	26	10	8	16	18	4	0	0	0	0	0	0	0	0	
399	43	10	0	16	18	2	0	0	0	0	0	0	0	0	
400	43	0	2	16	18	2	0	0	0	0	0	0	0	0	
401	43	12	10	16	18	2	0	0	0	0	0	0	0	0	
402	43	12	4	16	18	2	0	0	0	0	0	0	0	0	
403	43	4	0	16	18	2	0	0	0	0	0	0	0	0	
404	37	3	4	16	18	3	0	0	0	0	0	0	0	0	
405	37	9	2	16	18	4	0	0	0	0	0	0	0	0	
406	43	12	2	16	18	2	0	0	0	0	0	0	0	0	
407	43	6	0	16	18	2	0	0	0	0	0	0	0	0	
408	25	8	8	16	18	4	0	0	0	0	0	0	0	0	
409	43	10	12	16	18	2	0	0	0	0	0	0	0	0	
410	43	2	0	16	18	2	0	0	0	0	0	0	0	0	
411	37	6	4	16	18	3	0	0	0	0	0	0	0	0	
412	23	4	8	16	18	4	0	0	0	0	0	0	0	0	
413	37	6	2	16	18	4	0	0	0	0	0	0	0	0	
414	22	2	8	16	18	4	0	0	0	0	0	0	0	0	
415	24	6	8	16	18	4	0	0	0	0	0	0	0	0	
416	94	10	6	16	18	2	0	0	0	0	0	0	0	0	
417	43	12	0	16	18	2	0	0	0	0	0	0	0	0	
418	39	8	10	16	18	2	0	0	0	0	0	0	0	0	
419	43	8	12	16	18	2	0	0	0	0	0	0	0	0	
420	43	0	0	16	18	2	0	0	0	0	0	0	0	0	
421	43	12	2	16	12	2	0	0	0	0	0	0	0	0	
422	43	4	0	16	20	2	0	0	0	0	0	0	0	0	
423	43	12	6	16	12	2	0	0	0	0	0	0	0	0	
424	42	2	0	16	12	2	0	0	0	0	0	0	0	0	
425	43	12	12	16	18	2	0	0	0	0	0	0	0	0	
426	43	12	2	16	20	2	0	0	0	0	0	0	0	0	
427	43	0	4	16	18	2	0	0	0	0	0	0	0	0	
428	43	6	0	16	12	2	0	0	0	0	0	0	0	0	
429	94	4	6	16	18	2	0	0	0	0	0	0	0	0	
430	91	10	6	16	14	4	0	0	0	0	0	0	0	0	
431	43	4	12	16	12	2	0	0	0	0	0	0	0	0	
432	42	0	2	16	12	2	0	0	0	0	0	0	0	0	
433	94	6	6	16	18	2	0	0	0	0	0	0	0	0	
434	39	10	10	16	18	2	0	0	0	0	0	0	0	0	
435	43	2	12	16	18	2	0	0	0	0	0	0	0	0	
436	94	8	6	16	18	2	0	0	0	0	0	0	0	0	
437	22	5	8	16	14	2	0	0	0	0	0	0	0	0	
438	43	0	4	16	12	2	0	0	0	0	0	0	0	0	
439	43	12	4	16	12	2	0	0	0	0	0	0	0	0	
440	42	2	12	16	12	2	0	0	0	0	0	0	0	0	
441	32	16	12	-999	-999	2	0	0	0	0	0	0	0	0	
516	516	424	424	447	447	428	428	496	496	507	507	512	512	
516	516	424	424	447	447	428	428	496	496	507	507	512	512	
432	432	548	548	NULL	517	517	NULL	497	497	NULL	NULL	421	421	
432	432	548	548	NULL	517	517	NULL	497	497	NULL	NULL	421	421	
438	438	NULL	NULL	NULL	504	504	502	502	NULL	NULL	NULL	439	439	
438	438	NULL	NULL	NULL	504	504	502	502	NULL	NULL	NULL	439	439	
445	445	500	500	498	498	519	519	513	513	501	501	423	423	
445	445	500	500	498	498	519	519	513	513	501	501	423	423	
520	520	298	298	NULL	508	508	506	506	NULL	NULL	NULL	511	511	
520	520	298	298	NULL	508	508	506	506	NULL	NULL	NULL	511	511	
503	503	540	540	NULL	509	509	NULL	505	505	NULL	NULL	518	518	
503	503	540	540	NULL	509	509	NULL	505	505	NULL	NULL	518	518	
514	514	440	440	431	431	451	451	515	515	499	499	510	510	
514	514	440	440	431	431	451	451	515	515	499	499	510	510	
442	43	0	12	16	18	2	0	0	0	0	0	0	0	0	
443	40	6	4	20	4	2	0	0	0	0	0	0	0	0	
444	23	7	8	16	14	2	0	0	0	0	0	0	0	0	
445	43	0	6	16	12	2	0	0	0	0	0	0	0	0	
446	43	12	2	14	18	2	0	0	0	0	0	0	0	0	
447	43	4	0	16	12	2	0	0	0	0	0	0	0	0	
448	43	0	0	14	18	2	0	0	0	0	0	0	0	0	
449	43	0	6	14	18	2	0	0	0	0	0	0	0	0	
450	42	12	10	14	18	2	0	0	0	0	0	0	0	0	
451	43	6	12	16	12	2	0	0	0	0	0	0	0	0	
452	43	10	12	14	18	2	0	0	0	0	0	0	0	0	
453	43	6	0	14	18	2	0	0	0	0	0	0	0	0	
454	43	0	10	14	18	2	0	0	0	0	0	0	0	0	
455	43	8	0	16	18	2	0	0	0	0	0	0	0	0	
456	42	10	0	14	18	2	0	0	0	0	0	0	0	0	
457	43	12	4	14	18	2	0	0	0	0	0	0	0	0	
458	43	12	8	14	18	2	0	0	0	0	0	0	0	0	
459	43	12	12	14	18	2	0	0	0	0	0	0	0	0	
460	43	8	12	14	18	2	0	0	0	0	0	0	0	0	
461	43	4	12	14	18	2	0	0	0	0	0	0	0	0	
462	43	0	8	14	18	2	0	0	0	0	0	0	0	0	
463	43	12	0	14	18	2	0	0	0	0	0	0	0	0	
464	43	8	0	14	18	2	0	0	0	0	0	0	0	0	
465	43	0	4	14	18	2	0	0	0	0	0	0	0	0	
466	43	12	6	14	18	2	0	0	0	0	0	0	0	0	
467	43	6	12	16	18	2	0	0	0	0	0	0	0	0	
468	43	6	12	14	18	2	0	0	0	0	0	0	0	0	
469	43	0	12	14	18	2	0	0	0	0	0	0	0	0	
470	43	4	0	14	18	2	0	0	0	0	0	0	0	0	
471	32	16	20	-999	-999	2	0	0	0	0	0	0	0	0	
263	263	262	262	422	422	487	487	246	246	248	248	477	477	
263	263	262	262	422	422	487	487	246	246	248	248	477	477	
491	491	486	486	485	485	257	257	249	249	266	266	426	426	
491	491	486	486	485	485	257	257	249	249	266	266	426	426	
270	270	482	482	474	474	479	479	258	258	484	484	488	488	
270	270	482	482	474	474	479	479	258	258	484	484	488	488	
480	480	492	492	481	481	493	493	256	256	494	494	483	483	
480	480	492	492	481	481	493	493	256	256	494	494	483	483	
495	495	NULL	NULL	NULL	NULL	NULL	NULL	NULL	NULL	NULL	NULL	489	489	
495	495	NULL	NULL	NULL	NULL	NULL	NULL	NULL	NULL	NULL	NULL	489	489	
253	253	NULL	NULL	NULL	NULL	NULL	NULL	NULL	NULL	NULL	NULL	264	264	
253	253	NULL	NULL	NULL	NULL	NULL	NULL	NULL	NULL	NULL	NULL	264	264	
490	490	476	476	473	473	472	472	478	478	265	265	475	475	
490	490	476	476	473	473	472	472	478	478	265	265	475	475	
472	43	6	12	16	20	2	0	0	0	0	0	0	0	0	
473	43	4	12	16	20	2	0	0	0	0	0	0	0	0	
474	75	4	4	16	20	3	0	0	0	0	0	0	0	0	
475	43	12	12	16	20	2	0	0	0	0	0	0	0	0	
476	43	2	12	16	20	2	0	0	0	0	0	0	0	0	
477	43	12	0	16	20	2	0	0	0	0	0	0	0	0	
478	43	8	12	16	20	2	0	0	0	0	0	0	0	0	
479	75	6	4	16	20	3	0	0	0	0	0	0	0	0	
480	43	0	6	16	20	2	0	0	0	0	0	0	0	0	
481	18	4	6	16	20	4	0	0	0	0	0	0	0	0	
482	75	2	4	16	20	3	0	0	0	0	0	0	0	0	
483	43	12	6	16	20	2	0	0	0	0	0	0	0	0	
484	75	10	4	16	20	3	0	0	0	0	0	0	0	0	
485	37	4	2	16	20	2	0	0	0	0	0	0	0	0	
486	37	2	2	16	20	2	0	0	0	0	0	0	0	0	
487	43	6	0	16	20	2	0	0	0	0	0	0	0	0	
488	43	12	4	16	20	2	0	0	0	0	0	0	0	0	
489	43	12	8	16	20	2	0	0	0	0	0	0	0	0	
490	43	0	12	16	20	2	0	0	0	0	0	0	0	0	
491	42	0	2	16	20	2	0	0	0	0	0	0	0	0	
492	17	2	6	16	20	4	0	0	0	0	0	0	0	0	
493	19	6	6	16	20	4	0	0	0	0	0	0	0	0	
494	21	10	6	16	20	4	0	0	0	0	0	0	0	0	
495	43	0	8	16	20	2	0	0	0	0	0	0	0	0	
496	43	8	0	16	12	2	0	0	0	0	0	0	0	0	
497	63	8	2	16	12	4	0	0	0	0	0	0	0	0	
498	37	4	6	16	12	2	0	0	0	0	0	0	0	0	
499	43	10	12	16	12	2	0	0	0	0	0	0	0	0	
500	37	2	6	16	12	2	0	0	0	0	0	0	0	0	
501	62	10	6	16	12	4	0	0	0	0	0	0	0	0	
502	25	7	4	16	12	2	0	0	0	0	0	0	0	0	
503	43	0	10	16	12	2	0	0	0	0	0	0	0	0	
504	26	5	4	16	12	2	0	0	0	0	0	0	0	0	
505	61	8	10	16	12	4	0	0	0	0	0	0	0	0	
506	23	7	8	16	12	2	0	0	0	0	0	0	0	0	
507	42	10	0	16	12	2	0	0	0	0	0	0	0	0	
508	22	5	8	16	12	2	0	0	0	0	0	0	0	0	
509	60	5	10	16	12	4	0	0	0	0	0	0	0	0	
510	43	12	12	16	12	2	0	0	0	0	0	0	0	0	
511	43	12	8	16	12	2	0	0	0	0	0	0	0	0	
512	43	12	0	16	12	2	0	0	0	0	0	0	0	0	
513	24	8	6	16	12	2	0	0	0	0	0	0	0	0	
514	43	0	12	16	12	2	0	0	0	0	0	0	0	0	
515	43	8	12	16	12	2	0	0	0	0	0	0	0	0	
516	43	0	0	16	12	2	0	0	0	0	0	0	0	0	
517	64	5	2	16	12	4	0	0	0	0	0	0	0	0	
518	43	12	10	16	12	2	0	0	0	0	0	0	0	0	
519	37	6	6	16	12	2	0	0	0	0	0	0	0	0	
520	43	0	8	16	12	2	0	0	0	0	0	0	0	0	
521	32	14	16	-999	-999	2	0	0	0	0	0	0	0	0	
247	247	522	522	284	284	286	286	279	279	274	274	281	281	
247	247	522	522	284	284	286	286	279	279	274	274	281	281	
523	523	530	530	NULL	NULL	NULL	NULL	NULL	NULL	670	670	255	255	
523	523	530	530	NULL	NULL	NULL	NULL	NULL	NULL	670	670	255	255	
277	277	531	531	NULL	NULL	NULL	NULL	NULL	NULL	672	672	293	293	
277	277	531	531	NULL	NULL	NULL	NULL	NULL	NULL	672	672	293	293	
267	267	532	532	NULL	NULL	NULL	NULL	NULL	NULL	667	667	275	275	
267	267	532	532	NULL	NULL	NULL	NULL	NULL	NULL	667	667	275	275	
283	283	533	533	NULL	NULL	NULL	NULL	NULL	NULL	671	671	291	291	
283	283	533	533	NULL	NULL	NULL	NULL	NULL	NULL	671	671	291	291	
282	282	534	534	NULL	NULL	NULL	NULL	NULL	NULL	664	664	271	271	
282	282	534	534	NULL	NULL	NULL	NULL	NULL	NULL	664	664	271	271	
288	288	524	524	285	285	294	294	287	287	290	290	289	289	
288	288	524	524	285	285	294	294	287	287	290	290	289	289	
522	42	2	0	14	16	2	0	0	0	0	0	0	0	0	
523	43	0	2	14	16	2	0	0	0	0	0	0	0	0	
524	42	2	12	14	16	2	0	0	0	0	0	0	0	0	
525	75	10	6	14	14	2	0	0	0	0	0	0	0	0	
526	37	10	2	14	14	2	0	0	0	0	0	0	0	0	
527	39	10	10	14	14	2	0	0	0	0	0	0	0	0	
528	75	9	8	14	14	2	0	0	0	0	0	0	0	0	
529	34	8	6	14	14	2	0	0	0	0	0	0	0	0	
530	37	2	2	14	16	2	0	0	0	0	0	0	0	0	
531	37	2	4	14	16	2	0	0	0	0	0	0	0	0	
532	37	2	6	14	16	2	0	0	0	0	0	0	0	0	
533	37	2	8	14	16	2	0	0	0	0	0	0	0	0	
534	37	2	10	14	16	2	0	0	0	0	0	0	0	0	
535	37	2	2	14	18	2	0	0	0	0	0	0	0	0	
536	39	10	8	14	18	2	0	0	0	0	0	0	0	0	
537	39	10	10	14	18	2	0	0	0	0	0	0	0	0	
538	1	5	8	12	14	2	2	2	1	0	0	0	0	0	
539	37	10	2	14	20	2	0	0	0	0	0	0	0	0	
540	37	2	10	16	12	2	0	0	0	0	0	0	0	0	
541	37	2	2	16	14	2	0	0	0	0	0	0	0	0	
542	39	3	10	14	12	2	0	0	0	0	0	0	0	0	
543	39	4	8	14	12	2	0	0	0	0	0	0	0	0	
544	39	10	3	14	12	2	0	0	0	0	0	0	0	0	
545	39	8	4	14	12	2	0	0	0	0	0	0	0	0	
546	39	5	6	14	12	2	0	0	0	0	0	0	0	0	
547	39	6	10	18	14	2	0	0	0	0	0	0	0	0	
548	39	2	2	16	12	2	0	0	0	0	0	0	0	0	
549	32	16	10	-999	-999	2	0	0	0	0	0	0	0	0	
570	570	550	550	554	554	558	558	562	562	566	566	572	572	
570	570	550	550	554	554	558	558	562	562	566	566	572	572	
551	551	NULL	NULL	NULL	NULL	NULL	NULL	NULL	NULL	NULL	NULL	553	553	
551	551	NULL	NULL	NULL	NULL	NULL	NULL	NULL	NULL	NULL	NULL	553	553	
555	555	NULL	NULL	NULL	NULL	NULL	NULL	NULL	NULL	NULL	NULL	557	557	
555	555	NULL	NULL	NULL	NULL	NULL	NULL	NULL	NULL	NULL	NULL	557	557	
559	559	NULL	NULL	NULL	NULL	NULL	NULL	NULL	NULL	NULL	NULL	561	561	
559	559	NULL	NULL	NULL	NULL	NULL	NULL	NULL	NULL	NULL	NULL	561	561	
563	563	NULL	NULL	NULL	NULL	NULL	NULL	NULL	NULL	NULL	NULL	565	565	
563	563	NULL	NULL	NULL	NULL	NULL	NULL	NULL	NULL	NULL	NULL	565	565	
567	567	574	574	575	575	576	576	577	577	578	578	569	569	
567	567	574	574	575	575	576	576	577	577	578	578	569	569	
571	571	552	552	556	556	560	560	564	564	568	568	573	573	
571	571	552	552	556	556	560	560	564	564	568	568	573	573	
550	43	2	0	16	10	2	0	0	0	0	0	0	0	0	
551	43	0	2	16	10	2	0	0	0	0	0	0	0	0	
552	42	2	12	16	10	2	0	0	0	0	0	0	0	0	
553	43	12	2	16	10	2	0	0	0	0	0	0	0	0	
554	43	4	0	16	10	2	0	0	0	0	0	0	0	0	
555	43	0	4	16	10	2	0	0	0	0	0	0	0	0	
556	43	4	12	16	10	2	0	0	0	0	0	0	0	0	
557	43	12	4	16	10	2	0	0	0	0	0	0	0	0	
558	43	6	0	16	10	2	0	0	0	0	0	0	0	0	
559	43	0	6	16	10	2	0	0	0	0	0	0	0	0	
560	43	6	12	16	10	2	0	0	0	0	0	0	0	0	
561	43	12	6	16	10	2	0	0	0	0	0	0	0	0	
562	43	8	0	16	10	2	0	0	0	0	0	0	0	0	
563	43	0	8	16	10	2	0	0	0	0	0	0	0	0	
564	43	8	12	16	10	2	0	0	0	0	0	0	0	0	
565	43	12	8	16	10	2	0	0	0	0	0	0	0	0	
566	43	10	0	16	10	2	0	0	0	0	0	0	0	0	
567	43	0	10	16	10	2	0	0	0	0	0	0	0	0	
568	43	10	12	16	10	2	0	0	0	0	0	0	0	0	
569	42	12	10	16	10	2	0	0	0	0	0	0	0	0	
570	43	0	0	16	10	2	0	0	0	0	0	0	0	0	
571	43	0	12	16	10	2	0	0	0	0	0	0	0	0	
572	43	12	0	16	10	2	0	0	0	0	0	0	0	0	
573	43	12	12	16	10	2	0	0	0	0	0	0	0	0	
574	39	2	10	16	10	2	0	0	0	0	0	0	0	0	
575	39	4	10	16	10	2	0	0	0	0	0	0	0	0	
576	39	6	10	16	10	2	0	0	0	0	0	0	0	0	
577	39	8	10	16	10	2	0	0	0	0	0	0	0	0	
578	39	10	10	16	10	2	0	0	0	0	0	0	0	0	
579	32	18	10	-999	-999	2	0	0	0	0	0	0	0	0	
600	600	580	580	584	584	588	588	592	592	596	596	602	602	
600	600	580	580	584	584	588	588	592	592	596	596	602	602	
581	581	NULL	NULL	NULL	NULL	NULL	NULL	NULL	NULL	NULL	NULL	583	583	
581	581	NULL	NULL	NULL	NULL	NULL	NULL	NULL	NULL	NULL	NULL	583	583	
585	585	NULL	NULL	NULL	NULL	NULL	NULL	NULL	NULL	NULL	NULL	587	587	
585	585	NULL	NULL	NULL	NULL	NULL	NULL	NULL	NULL	NULL	NULL	587	587	
589	589	NULL	NULL	NULL	NULL	NULL	NULL	NULL	NULL	NULL	NULL	591	591	
589	589	NULL	NULL	NULL	NULL	NULL	NULL	NULL	NULL	NULL	NULL	591	591	
593	593	NULL	NULL	NULL	NULL	NULL	NULL	NULL	NULL	NULL	NULL	595	595	
593	593	NULL	NULL	NULL	NULL	NULL	NULL	NULL	NULL	NULL	NULL	595	595	
597	597	654	654	655	655	656	656	NULL	NULL	NULL	NULL	599	599	
597	597	654	654	655	655	656	656	NULL	NULL	NULL	NULL	599	599	
601	601	582	582	586	586	590	590	594	594	598	598	603	603	
601	601	582	582	586	586	590	590	594	594	598	598	603	603	
580	43	2	0	18	10	2	0	0	0	0	0	0	0	0	
581	43	0	2	18	10	2	0	0	0	0	0	0	0	0	
582	43	2	12	18	10	2	0	0	0	0	0	0	0	0	
583	43	12	2	18	10	2	0	0	0	0	0	0	0	0	
584	43	4	0	18	10	2	0	0	0	0	0	0	0	0	
585	43	0	4	18	10	2	0	0	0	0	0	0	0	0	
586	43	4	12	18	10	2	0	0	0	0	0	0	0	0	
587	43	12	4	18	10	2	0	0	0	0	0	0	0	0	
588	43	6	0	18	10	2	0	0	0	0	0	0	0	0	
589	43	0	6	18	10	2	0	0	0	0	0	0	0	0	
590	42	6	12	18	10	2	0	0	0	0	0	0	0	0	
591	43	12	6	18	10	2	0	0	0	0	0	0	0	0	
592	43	8	0	18	10	2	0	0	0	0	0	0	0	0	
593	43	0	8	18	10	2	0	0	0	0	0	0	0	0	
594	43	8	12	18	10	2	0	0	0	0	0	0	0	0	
595	43	12	8	18	10	2	0	0	0	0	0	0	0	0	
596	43	10	0	18	10	2	0	0	0	0	0	0	0	0	
597	42	0	10	18	10	2	0	0	0	0	0	0	0	0	
598	43	10	12	18	10	2	0	0	0	0	0	0	0	0	
599	43	12	10	18	10	2	0	0	0	0	0	0	0	0	
600	43	0	0	18	10	2	0	0	0	0	0	0	0	0	
601	43	0	12	18	10	2	0	0	0	0	0	0	0	0	
602	43	12	0	18	10	2	0	0	0	0	0	0	0	0	
603	43	12	12	18	10	2	0	0	0	0	0	0	0	0	
604	32	18	12	-999	-999	2	0	0	0	0	0	0	0	0	
625	625	605	605	609	609	613	613	617	617	621	621	627	627	
625	625	605	605	609	609	613	613	617	617	621	621	627	627	
606	606	NULL	NULL	NULL	NULL	657	657	NULL	NULL	NULL	NULL	608	608	
606	606	NULL	NULL	NULL	NULL	657	657	NULL	NULL	NULL	NULL	608	608	
610	610	NULL	NULL	NULL	NULL	658	658	NULL	NULL	NULL	NULL	612	612	
610	610	NULL	NULL	NULL	NULL	658	658	NULL	NULL	NULL	NULL	612	612	
614	614	666	666	663	663	659	659	NULL	NULL	NULL	NULL	616	616	
614	614	666	666	663	663	659	659	NULL	NULL	NULL	NULL	616	616	
618	618	NULL	NULL	NULL	NULL	660	660	NULL	NULL	NULL	NULL	620	620	
618	618	NULL	NULL	NULL	NULL	660	660	NULL	NULL	NULL	NULL	620	620	
622	622	NULL	NULL	NULL	NULL	661	661	NULL	NULL	NULL	NULL	624	624	
622	622	NULL	NULL	NULL	NULL	661	661	NULL	NULL	NULL	NULL	624	624	
626	626	607	607	611	611	615	615	619	619	623	623	628	628	
626	626	607	607	611	611	615	615	619	619	623	623	628	628	
605	43	2	0	18	12	2	0	0	0	0	0	0	0	0	
606	43	0	2	18	12	2	0	0	0	0	0	0	0	0	
607	43	2	12	18	12	2	0	0	0	0	0	0	0	0	
608	43	12	2	18	12	2	0	0	0	0	0	0	0	0	
609	43	4	0	18	12	2	0	0	0	0	0	0	0	0	
610	43	0	4	18	12	2	0	0	0	0	0	0	0	0	
611	43	4	12	18	12	2	0	0	0	0	0	0	0	0	
612	43	12	4	18	12	2	0	0	0	0	0	0	0	0	
613	42	6	0	18	12	2	0	0	0	0	0	0	0	0	
614	43	0	6	18	12	2	0	0	0	0	0	0	0	0	
615	42	6	12	18	12	2	0	0	0	0	0	0	0	0	
616	43	12	6	18	12	2	0	0	0	0	0	0	0	0	
617	43	8	0	18	12	2	0	0	0	0	0	0	0	0	
618	43	0	8	18	12	2	0	0	0	0	0	0	0	0	
619	43	8	12	18	12	2	0	0	0	0	0	0	0	0	
620	43	12	8	18	12	2	0	0	0	0	0	0	0	0	
621	43	10	0	18	12	2	0	0	0	0	0	0	0	0	
622	43	0	10	18	12	2	0	0	0	0	0	0	0	0	
623	43	10	12	18	12	2	0	0	0	0	0	0	0	0	
624	43	12	10	18	12	2	0	0	0	0	0	0	0	0	
625	43	0	0	18	12	2	0	0	0	0	0	0	0	0	
626	43	0	12	18	12	2	0	0	0	0	0	0	0	0	
627	43	12	0	18	12	2	0	0	0	0	0	0	0	0	
628	43	12	12	18	12	2	0	0	0	0	0	0	0	0	
629	32	18	14	-999	-999	2	0	0	0	0	0	0	0	0	
650	650	630	630	634	634	638	638	642	642	646	646	652	652	
650	650	630	630	634	634	638	638	642	642	646	646	652	652	
631	631	NULL	NULL	NULL	NULL	669	669	NULL	NULL	NULL	NULL	633	633	
631	631	NULL	NULL	NULL	NULL	669	669	NULL	NULL	NULL	NULL	633	633	
635	635	NULL	NULL	NULL	NULL	675	675	NULL	NULL	NULL	NULL	637	637	
635	635	NULL	NULL	NULL	NULL	675	675	NULL	NULL	NULL	NULL	637	637	
639	639	678	678	674	674	676	676	NULL	NULL	NULL	NULL	641	641	
639	639	678	678	674	674	676	676	NULL	NULL	NULL	NULL	641	641	
643	643	NULL	NULL	NULL	NULL	677	677	NULL	NULL	NULL	NULL	645	645	
643	643	NULL	NULL	NULL	NULL	677	677	NULL	NULL	NULL	NULL	645	645	
647	647	NULL	NULL	NULL	NULL	547	547	NULL	NULL	NULL	NULL	649	649	
647	647	NULL	NULL	NULL	NULL	547	547	NULL	NULL	NULL	NULL	649	649	
651	651	632	632	636	636	640	640	644	644	648	648	653	653	
651	651	632	632	636	636	640	640	644	644	648	648	653	653	
630	43	2	0	18	14	2	0	0	0	0	0	0	0	0	
631	43	0	2	18	14	2	0	0	0	0	0	0	0	0	
632	43	2	12	18	14	2	0	0	0	0	0	0	0	0	
633	43	12	2	18	14	2	0	0	0	0	0	0	0	0	
634	43	4	0	18	14	2	0	0	0	0	0	0	0	0	
635	43	0	4	18	14	2	0	0	0	0	0	0	0	0	
636	43	4	12	18	14	2	0	0	0	0	0	0	0	0	
637	43	12	4	18	14	2	0	0	0	0	0	0	0	0	
638	42	6	0	18	14	2	0	0	0	0	0	0	0	0	
639	43	0	6	18	14	2	0	0	0	0	0	0	0	0	
640	42	6	12	18	14	2	0	0	0	0	0	0	0	0	
641	43	12	6	18	14	2	0	0	0	0	0	0	0	0	
642	43	8	0	18	14	2	0	0	0	0	0	0	0	0	
643	43	0	8	18	14	2	0	0	0	0	0	0	0	0	
644	43	8	12	18	14	2	0	0	0	0	0	0	0	0	
645	43	12	8	18	14	2	0	0	0	0	0	0	0	0	
646	43	10	0	18	14	2	0	0	0	0	0	0	0	0	
647	43	0	10	18	14	2	0	0	0	0	0	0	0	0	
648	43	10	12	18	14	2	0	0	0	0	0	0	0	0	
649	43	12	10	18	14	2	0	0	0	0	0	0	0	0	
650	43	0	0	18	14	2	0	0	0	0	0	0	0	0	
651	43	0	12	18	14	2	0	0	0	0	0	0	0	0	
652	43	12	0	18	14	2	0	0	0	0	0	0	0	0	
653	43	12	12	18	14	2	0	0	0	0	0	0	0	0	
654	39	2	10	18	10	2	0	0	0	0	0	0	0	0	
655	39	4	10	18	10	2	0	0	0	0	0	0	0	0	
656	39	6	10	18	10	2	0	0	0	0	0	0	0	0	
657	39	6	2	18	12	2	0	0	0	0	0	0	0	0	
658	39	6	4	18	12	2	0	0	0	0	0	0	0	0	
659	39	6	6	18	12	2	0	0	0	0	0	0	0	0	
660	39	6	8	18	12	2	0	0	0	0	0	0	0	0	
661	39	6	10	18	12	2	0	0	0	0	0	0	0	0	
662	75	9	4	14	14	2	0	0	0	0	0	0	0	0	
663	22	4	6	18	12	4	0	0	0	0	0	0	0	0	
664	39	10	10	14	16	2	0	0	0	0	0	0	0	0	
665	43	12	12	18	16	2	0	0	0	0	0	0	0	0	
666	94	2	6	18	12	2	0	0	0	0	0	0	0	0	
667	39	10	6	14	16	2	0	0	0	0	0	0	0	0	
668	43	12	0	18	16	2	0	0	0	0	0	0	0	0	
669	39	6	2	18	14	2	0	0	0	0	0	0	0	0	
670	39	10	2	14	16	2	0	0	0	0	0	0	0	0	
671	39	10	8	14	16	2	0	0	0	0	0	0	0	0	
672	39	10	4	14	16	2	0	0	0	0	0	0	0	0	
673	39	7	6	14	12	2	0	0	0	0	0	0	0	0	
674	23	4	6	18	14	4	0	0	0	0	0	0	0	0	
675	39	6	4	18	14	2	0	0	0	0	0	0	0	0	
676	39	6	6	18	14	2	0	0	0	0	0	0	0	0	
677	39	6	8	18	14	2	0	0	0	0	0	0	0	0	
678	94	2	6	18	14	2	0	0	0	0	0	0	0	0	
679	32	18	16	-999	-999	2	0	0	0	0	0	0	0	0	
700	700	680	680	684	684	688	688	692	692	696	696	668	668	
700	700	680	680	684	684	688	688	692	692	696	696	668	668	
681	681	NULL	NULL	NULL	NULL	702	702	NULL	NULL	NULL	NULL	683	683	
681	681	NULL	NULL	NULL	NULL	702	702	NULL	NULL	NULL	NULL	683	683	
685	685	NULL	NULL	NULL	NULL	703	703	NULL	NULL	NULL	NULL	687	687	
685	685	NULL	NULL	NULL	NULL	703	703	NULL	NULL	NULL	NULL	687	687	
689	689	706	706	705	705	704	704	NULL	NULL	NULL	NULL	691	691	
689	689	706	706	705	705	704	704	NULL	NULL	NULL	NULL	691	691	
693	693	NULL	NULL	NULL	NULL	NULL	NULL	NULL	NULL	NULL	NULL	695	695	
693	693	NULL	NULL	NULL	NULL	NULL	NULL	NULL	NULL	NULL	NULL	695	695	
697	697	NULL	NULL	NULL	NULL	NULL	NULL	NULL	NULL	NULL	NULL	699	699	
697	697	NULL	NULL	NULL	NULL	NULL	NULL	NULL	NULL	NULL	NULL	699	699	
701	701	682	682	686	686	690	690	694	694	698	698	665	665	
701	701	682	682	686	686	690	690	694	694	698	698	665	665	
680	43	2	0	18	16	2	0	0	0	0	0	0	0	0	
681	43	0	2	18	16	2	0	0	0	0	0	0	0	0	
682	43	2	12	18	16	2	0	0	0	0	0	0	0	0	
683	43	12	2	18	16	2	0	0	0	0	0	0	0	0	
684	43	4	0	18	16	2	0	0	0	0	0	0	0	0	
685	43	0	4	18	16	2	0	0	0	0	0	0	0	0	
686	43	4	12	18	16	2	0	0	0	0	0	0	0	0	
687	43	12	4	18	16	2	0	0	0	0	0	0	0	0	
688	42	6	0	18	16	2	0	0	0	0	0	0	0	0	
689	43	0	6	18	16	2	0	0	0	0	0	0	0	0	
690	43	6	12	18	16	2	0	0	0	0	0	0	0	0	
691	43	12	6	18	16	2	0	0	0	0	0	0	0	0	
692	43	8	0	18	16	2	0	0	0	0	0	0	0	0	
693	43	0	8	18	16	2	0	0	0	0	0	0	0	0	
694	43	8	12	18	16	2	0	0	0	0	0	0	0	0	
695	43	12	8	18	16	2	0	0	0	0	0	0	0	0	
696	43	10	0	18	16	2	0	0	0	0	0	0	0	0	
697	43	0	10	18	16	2	0	0	0	0	0	0	0	0	
698	43	10	12	18	16	2	0	0	0	0	0	0	0	0	
699	43	12	10	18	16	2	0	0	0	0	0	0	0	0	
700	43	0	0	18	16	2	0	0	0	0	0	0	0	0	
701	43	0	12	18	16	2	0	0	0	0	0	0	0	0	
702	39	6	2	18	16	2	0	0	0	0	0	0	0	0	
703	39	6	4	18	16	2	0	0	0	0	0	0	0	0	
704	39	6	6	18	16	2	0	0	0	0	0	0	0	0	
705	24	4	6	18	16	4	0	0	0	0	0	0	0	0	
706	94	2	6	18	16	2	0	0	0	0	0	0	0	0	
707	32	12	14	-999	-999	2	0	0	0	0	0	0	0	0	
728	728	708	708	712	712	716	716	720	720	724	724	730	730	
728	728	708	708	712	712	716	716	720	720	724	724	730	730	
709	709	NULL	NULL	NULL	NULL	NULL	NULL	NULL	NULL	NULL	NULL	711	711	
709	709	NULL	NULL	NULL	NULL	NULL	NULL	NULL	NULL	NULL	NULL	711	711	
713	713	NULL	NULL	NULL	735	735	NULL	NULL	NULL	NULL	NULL	715	715	
713	713	NULL	NULL	NULL	735	735	NULL	NULL	NULL	NULL	NULL	715	715	
717	717	NULL	NULL	736	736	734	734	733	733	732	732	719	719	
717	717	NULL	NULL	736	736	734	734	733	733	732	732	719	719	
721	721	NULL	NULL	NULL	538	538	NULL	NULL	NULL	NULL	NULL	723	723	
721	721	NULL	NULL	NULL	538	538	NULL	NULL	NULL	NULL	NULL	723	723	
725	725	NULL	NULL	NULL	NULL	NULL	NULL	NULL	NULL	NULL	NULL	727	727	
725	725	NULL	NULL	NULL	NULL	NULL	NULL	NULL	NULL	NULL	NULL	727	727	
729	729	710	710	714	714	718	718	722	722	726	726	731	731	
729	729	710	710	714	714	718	718	722	722	726	726	731	731	
708	43	2	0	12	14	2	0	0	0	0	0	0	0	0	
709	43	0	2	12	14	2	0	0	0	0	0	0	0	0	
710	43	2	12	12	14	2	0	0	0	0	0	0	0	0	
711	43	12	2	12	14	2	0	0	0	0	0	0	0	0	
712	43	4	0	12	14	2	0	0	0	0	0	0	0	0	
713	43	0	4	12	14	2	0	0	0	0	0	0	0	0	
714	43	4	12	12	14	2	0	0	0	0	0	0	0	0	
715	43	12	4	12	14	2	0	0	0	0	0	0	0	0	
716	43	6	0	12	14	2	0	0	0	0	0	0	0	0	
717	43	0	6	12	14	2	0	0	0	0	0	0	0	0	
718	43	6	12	12	14	2	0	0	0	0	0	0	0	0	
719	42	12	6	12	14	2	0	0	0	0	0	0	0	0	
720	43	8	0	12	14	2	0	0	0	0	0	0	0	0	
721	43	0	8	12	14	2	0	0	0	0	0	0	0	0	
722	43	8	12	12	14	2	0	0	0	0	0	0	0	0	
723	43	12	8	12	14	2	0	0	0	0	0	0	0	0	
724	43	10	0	12	14	2	0	0	0	0	0	0	0	0	
725	43	0	10	12	14	2	0	0	0	0	0	0	0	0	
726	43	10	12	12	14	2	0	0	0	0	0	0	0	0	
727	43	12	10	12	14	2	0	0	0	0	0	0	0	0	
728	43	0	0	12	14	2	0	0	0	0	0	0	0	0	
729	43	0	12	12	14	2	0	0	0	0	0	0	0	0	
730	43	12	0	12	14	2	0	0	0	0	0	0	0	0	
731	43	12	12	12	14	2	0	0	0	0	0	0	0	0	
732	37	10	6	12	14	2	0	0	0	0	0	0	0	0	
733	37	8	6	12	14	2	0	0	0	0	0	0	0	0	
734	37	6	6	12	14	2	0	0	0	0	0	0	0	0	
735	2	5	4	12	14	2	0	2	1	0	0	0	0	0	
736	3	4	6	12	14	2	1	2	1	0	0	0	0	0	
737	39	10	2	14	18	2	0	0	0	0	0	0	0	0	
738	39	10	4	14	18	2	0	0	0	0	0	0	0	0	
739	39	10	6	14	18	2	0	0	0	0	0	0	0	0	
740	37	2	4	14	18	2	0	0	0	0	0	0	0	0	
741	37	2	6	14	18	2	0	0	0	0	0	0	0	0	
742	37	2	8	14	18	2	0	0	0	0	0	0	0	0	
743	37	2	10	14	18	2	0	0	0	0	0	0	0	0	
744	32	14	20	-999	-999	2	0	0	0	0	0	0	0	0	
765	765	745	745	749	749	753	753	757	757	761	761	767	767	
765	765	745	745	749	749	753	753	757	757	761	761	767	767	
746	746	769	769	770	770	771	771	772	772	539	539	748	748	
746	746	769	769	770	770	771	771	772	772	539	539	748	748	
750	750	NULL	NULL	NULL	NULL	NULL	NULL	NULL	NULL	NULL	NULL	752	752	
750	750	NULL	NULL	NULL	NULL	NULL	NULL	NULL	NULL	NULL	NULL	752	752	
754	754	NULL	NULL	NULL	NULL	NULL	NULL	NULL	NULL	NULL	NULL	756	756	
754	754	NULL	NULL	NULL	NULL	NULL	NULL	NULL	NULL	NULL	NULL	756	756	
758	758	NULL	NULL	NULL	NULL	NULL	NULL	NULL	NULL	NULL	NULL	760	760	
758	758	NULL	NULL	NULL	NULL	NULL	NULL	NULL	NULL	NULL	NULL	760	760	
762	762	NULL	NULL	NULL	NULL	NULL	NULL	NULL	NULL	NULL	NULL	764	764	
762	762	NULL	NULL	NULL	NULL	NULL	NULL	NULL	NULL	NULL	NULL	764	764	
766	766	747	747	751	751	755	755	759	759	763	763	768	768	
766	766	747	747	751	751	755	755	759	759	763	763	768	768	
745	42	2	0	14	20	2	0	0	0	0	0	0	0	0	
746	43	0	2	14	20	2	0	0	0	0	0	0	0	0	
747	43	2	12	14	20	2	0	0	0	0	0	0	0	0	
748	42	12	2	14	20	2	0	0	0	0	0	0	0	0	
749	43	4	0	14	20	2	0	0	0	0	0	0	0	0	
750	43	0	4	14	20	2	0	0	0	0	0	0	0	0	
751	43	4	12	14	20	2	0	0	0	0	0	0	0	0	
752	43	12	4	14	20	2	0	0	0	0	0	0	0	0	
753	43	6	0	14	20	2	0	0	0	0	0	0	0	0	
754	43	0	6	14	20	2	0	0	0	0	0	0	0	0	
755	43	6	12	14	20	2	0	0	0	0	0	0	0	0	
756	43	12	6	14	20	2	0	0	0	0	0	0	0	0	
757	43	8	0	14	20	2	0	0	0	0	0	0	0	0	
758	43	0	8	14	20	2	0	0	0	0	0	0	0	0	
759	43	8	12	14	20	2	0	0	0	0	0	0	0	0	
760	43	12	8	14	20	2	0	0	0	0	0	0	0	0	
761	43	10	0	14	20	2	0	0	0	0	0	0	0	0	
762	43	0	10	14	20	2	0	0	0	0	0	0	0	0	
763	43	10	12	14	20	2	0	0	0	0	0	0	0	0	
764	43	12	10	14	20	2	0	0	0	0	0	0	0	0	
765	43	0	0	14	20	2	0	0	0	0	0	0	0	0	
766	43	0	12	14	20	2	0	0	0	0	0	0	0	0	
767	43	12	0	14	20	2	0	0	0	0	0	0	0	0	
768	43	12	12	14	20	2	0	0	0	0	0	0	0	0	
769	37	2	2	14	20	2	0	0	0	0	0	0	0	0	
770	37	4	2	14	20	2	0	0	0	0	0	0	0	0	
771	37	6	2	14	20	2	0	0	0	0	0	0	0	0	
772	37	8	2	14	20	2	0	0	0	0	0	0	0	0	
NULL	NULL	NULL	NULL	NULL	NULL	NULL	NULL	NULL	NULL	NULL	NULL	NULL	NULL	233	233	232	232	231	231	230	230	229	229	
NULL	NULL	NULL	NULL	NULL	NULL	NULL	NULL	NULL	NULL	NULL	NULL	NULL	NULL	233	233	232	232	231	231	230	230	229	229	
NULL	NULL	NULL	NULL	NULL	NULL	NULL	NULL	NULL	NULL	NULL	NULL	NULL	NULL	226	226	100	100	75	75	0	0	228	228	
NULL	NULL	NULL	NULL	NULL	NULL	NULL	NULL	NULL	NULL	NULL	NULL	NULL	NULL	226	226	100	100	75	75	0	0	228	228	
NULL	NULL	NULL	NULL	NULL	NULL	NULL	NULL	NULL	NULL	NULL	NULL	NULL	NULL	234	234	125	125	50	50	25	25	227	227	
NULL	NULL	NULL	NULL	NULL	NULL	NULL	NULL	NULL	NULL	NULL	NULL	NULL	NULL	234	234	125	125	50	50	25	25	227	227	
NULL	NULL	NULL	NULL	NULL	NULL	NULL	NULL	NULL	NULL	NULL	NULL	NULL	NULL	235	235	150	150	175	175	200	200	225	225	
NULL	NULL	NULL	NULL	NULL	NULL	NULL	NULL	NULL	NULL	NULL	NULL	NULL	NULL	235	235	150	150	175	175	200	200	225	225	
NULL	NULL	NULL	NULL	NULL	NULL	NULL	NULL	NULL	NULL	NULL	NULL	NULL	NULL	236	236	237	237	238	238	239	239	240	240	
NULL	NULL	NULL	NULL	NULL	NULL	NULL	NULL	NULL	NULL	NULL	NULL	NULL	NULL	236	236	237	237	238	238	239	239	240	240	
NULL	NULL	NULL	NULL	NULL	NULL	NULL	NULL	NULL	NULL	NULL	NULL	NULL	NULL	NULL	NULL	549	549	579	579	NULL	NULL	NULL	NULL	
NULL	NULL	NULL	NULL	NULL	NULL	NULL	NULL	NULL	NULL	NULL	NULL	NULL	NULL	NULL	NULL	549	549	579	579	NULL	NULL	NULL	NULL	
NULL	NULL	NULL	NULL	NULL	NULL	NULL	NULL	NULL	NULL	NULL	NULL	NULL	NULL	321	321	441	441	604	604	NULL	NULL	NULL	NULL	
NULL	NULL	NULL	NULL	NULL	NULL	NULL	NULL	NULL	NULL	NULL	NULL	NULL	NULL	321	321	441	441	604	604	NULL	NULL	NULL	NULL	
NULL	NULL	NULL	NULL	NULL	NULL	NULL	NULL	NULL	NULL	NULL	NULL	707	707	346	346	371	371	629	629	NULL	NULL	NULL	NULL	
NULL	NULL	NULL	NULL	NULL	NULL	NULL	NULL	NULL	NULL	NULL	NULL	707	707	346	346	371	371	629	629	NULL	NULL	NULL	NULL	
NULL	NULL	NULL	NULL	NULL	NULL	NULL	NULL	NULL	NULL	NULL	NULL	NULL	NULL	521	521	NULL	NULL	679	679	NULL	NULL	NULL	NULL	
NULL	NULL	NULL	NULL	NULL	NULL	NULL	NULL	NULL	NULL	NULL	NULL	NULL	NULL	521	521	NULL	NULL	679	679	NULL	NULL	NULL	NULL	
NULL	NULL	NULL	NULL	NULL	NULL	NULL	NULL	NULL	NULL	NULL	NULL	NULL	NULL	278	278	307	307	NULL	NULL	NULL	NULL	NULL	NULL	
NULL	NULL	NULL	NULL	NULL	NULL	NULL	NULL	NULL	NULL	NULL	NULL	NULL	NULL	278	278	307	307	NULL	NULL	NULL	NULL	NULL	NULL	
NULL	NULL	NULL	NULL	NULL	NULL	NULL	NULL	NULL	NULL	NULL	NULL	NULL	NULL	744	744	471	471	NULL	NULL	NULL	NULL	NULL	NULL	
NULL	NULL	NULL	NULL	NULL	NULL	NULL	NULL	NULL	NULL	NULL	NULL	NULL	NULL	744	744	471	471	NULL	NULL	NULL	NULL	NULL	NULL	
NULL	NULL	NULL	NULL	NULL	NULL	NULL	NULL	NULL	NULL	NULL	NULL	NULL	NULL	NULL	NULL	NULL	NULL	NULL	NULL	NULL	NULL	NULL	NULL	
NULL	NULL	NULL	NULL	NULL	NULL	NULL	NULL	NULL	NULL	NULL	NULL	NULL	NULL	NULL	NULL	NULL	NULL	NULL	NULL	NULL	NULL	NULL	NULL	
