1392
0	32	6	10	-999	-999	2	0	0	0	0	0	0	0	0	
8	8	24	24	7	7	65	65	14	14	29	29	6	6	
8	8	24	24	7	7	65	65	14	14	29	29	6	6	
19	19	NULL	NULL	NULL	NULL	62	62	NULL	NULL	NULL	NULL	11	11	
19	19	NULL	NULL	NULL	NULL	62	62	NULL	NULL	NULL	NULL	11	11	
3	3	NULL	NULL	NULL	NULL	2	2	NULL	NULL	NULL	NULL	20	20	
3	3	NULL	NULL	NULL	NULL	2	2	NULL	NULL	NULL	NULL	20	20	
18	18	23	23	17	17	744	744	9	9	5	5	27	27	
18	18	23	23	17	17	744	744	9	9	5	5	27	27	
12	12	NULL	NULL	NULL	NULL	1	1	NULL	NULL	NULL	NULL	26	26	
12	12	NULL	NULL	NULL	NULL	1	1	NULL	NULL	NULL	NULL	26	26	
28	28	NULL	NULL	NULL	NULL	21	21	NULL	NULL	NULL	NULL	10	10	
28	28	NULL	NULL	NULL	NULL	21	21	NULL	NULL	NULL	NULL	10	10	
25	25	15	15	22	22	16	16	64	64	63	63	4	4	
25	25	15	15	22	22	16	16	64	64	63	63	4	4	
1	57	6	8	6	10	2	0	0	0	0	0	0	0	0	
2	55	6	4	6	10	2	0	0	0	0	0	0	0	0	
3	43	0	4	6	10	2	0	0	0	0	0	0	0	0	
4	43	12	12	6	10	2	0	0	0	0	0	0	0	0	
5	37	10	6	6	10	2	0	0	0	0	0	0	0	0	
6	43	12	0	6	10	2	0	0	0	0	0	0	0	0	
7	43	4	0	6	10	2	0	0	0	0	0	0	0	0	
8	43	0	0	6	10	2	0	0	0	0	0	0	0	0	
9	56	8	6	6	10	2	0	0	0	0	0	0	0	0	
10	43	12	10	6	10	2	0	0	0	0	0	0	0	0	
11	43	12	2	6	10	2	0	0	0	0	0	0	0	0	
12	43	0	8	6	10	2	0	0	0	0	0	0	0	0	
13	12	6	6	6	12	2	100000	0	0	0	0	0	0	0	
14	43	8	0	6	10	2	0	0	0	0	0	0	0	0	
15	43	2	12	6	10	2	0	0	0	0	0	0	0	0	
16	42	6	12	6	10	2	0	0	0	0	0	0	0	0	
17	58	4	6	6	10	2	0	0	0	0	0	0	0	0	
18	42	0	6	6	10	2	0	0	0	0	0	0	0	0	
19	43	0	2	6	10	2	0	0	0	0	0	0	0	0	
20	43	12	4	6	10	2	0	0	0	0	0	0	0	0	
21	37	6	10	6	10	2	0	0	0	0	0	0	0	0	
22	43	4	12	6	10	2	0	0	0	0	0	0	0	0	
23	37	2	6	6	10	2	0	0	0	0	0	0	0	0	
24	43	2	0	6	10	2	0	0	0	0	0	0	0	0	
25	43	0	12	6	10	2	0	0	0	0	0	0	0	0	
26	43	12	8	6	10	2	0	0	0	0	0	0	0	0	
27	42	12	6	6	10	2	0	0	0	0	0	0	0	0	
28	43	0	10	6	10	2	0	0	0	0	0	0	0	0	
29	43	10	0	6	10	2	0	0	0	0	0	0	0	0	
30	43	0	0	6	8	2	0	0	0	0	0	0	0	0	
31	43	0	12	6	8	2	0	0	0	0	0	0	0	0	
32	42	6	0	6	8	2	0	0	0	0	0	0	0	0	
33	43	8	0	6	8	2	0	0	0	0	0	0	0	0	
34	43	0	10	6	8	2	0	0	0	0	0	0	0	0	
35	39	6	8	6	20	2	0	0	0	0	0	0	0	0	
36	43	10	12	6	8	2	0	0	0	0	0	0	0	0	
37	34	6	6	6	8	2	0	0	0	0	0	0	0	0	
38	43	2	0	6	8	2	0	0	0	0	0	0	0	0	
39	43	12	0	6	20	2	0	0	0	0	0	0	0	0	
40	37	6	10	6	8	2	0	0	0	0	0	0	0	0	
41	43	0	8	6	8	2	0	0	0	0	0	0	0	0	
42	43	12	4	6	8	2	0	0	0	0	0	0	0	0	
43	35	10	6	6	20	2	0	0	0	0	0	0	0	0	
44	43	0	2	6	8	2	0	0	0	0	0	0	0	0	
45	43	12	2	6	8	2	0	0	0	0	0	0	0	0	
46	42	0	6	6	8	2	0	0	0	0	0	0	0	0	
47	39	6	6	6	20	2	0	0	0	0	0	0	0	0	
48	58	4	6	6	8	2	0	0	0	0	0	0	0	0	
49	43	12	10	6	8	2	0	0	0	0	0	0	0	0	
50	42	6	12	6	8	2	0	0	0	0	0	0	0	0	
51	43	4	12	6	8	2	0	0	0	0	0	0	0	0	
52	43	2	12	6	8	2	0	0	0	0	0	0	0	0	
53	58	4	6	8	18	2	0	0	0	0	0	0	0	0	
54	56	8	6	6	8	2	0	0	0	0	0	0	0	0	
55	42	12	6	6	8	2	0	0	0	0	0	0	0	0	
56	0	10	10	6	20	2	0	2	1	0	0	0	0	0	
57	43	8	12	6	8	2	0	0	0	0	0	0	0	0	
58	43	12	8	6	8	2	0	0	0	0	0	0	0	0	
59	43	10	0	6	8	2	0	0	0	0	0	0	0	0	
60	37	6	2	6	8	2	0	0	0	0	0	0	0	0	
61	37	2	6	6	8	2	0	0	0	0	0	0	0	0	
62	37	6	2	6	10	2	0	0	0	0	0	0	0	0	
63	43	10	12	6	10	2	0	0	0	0	0	0	0	0	
64	43	8	12	6	10	2	0	0	0	0	0	0	0	0	
65	42	6	0	6	10	2	0	0	0	0	0	0	0	0	
66	43	0	0	8	18	2	0	0	0	0	0	0	0	0	
67	32	8	16	-999	-999	2	0	0	0	0	0	0	0	0	
749	749	96	96	774	774	776	776	750	750	779	779	785	785	
749	749	96	96	774	774	776	776	750	750	779	779	785	785	
94	94	NULL	NULL	NULL	NULL	811	811	NULL	NULL	NULL	NULL	76	76	
94	94	NULL	NULL	NULL	NULL	811	811	NULL	NULL	NULL	NULL	76	76	
755	755	NULL	NULL	NULL	NULL	764	764	NULL	NULL	NULL	NULL	757	757	
755	755	NULL	NULL	NULL	NULL	764	764	NULL	NULL	NULL	NULL	757	757	
81	81	773	773	761	761	804	804	788	788	763	763	82	82	
81	81	773	773	761	761	804	804	788	788	763	763	82	82	
766	766	NULL	NULL	NULL	NULL	796	796	NULL	NULL	NULL	NULL	759	759	
766	766	NULL	NULL	NULL	NULL	796	796	NULL	NULL	NULL	NULL	759	759	
93	93	NULL	NULL	NULL	NULL	806	806	NULL	NULL	NULL	NULL	756	756	
93	93	NULL	NULL	NULL	NULL	806	806	NULL	NULL	NULL	NULL	756	756	
792	792	87	87	92	92	778	778	753	753	814	814	809	809	
792	792	87	87	92	92	778	778	753	753	814	814	809	809	
68	43	12	4	4	4	2	0	0	0	0	0	0	0	0	
69	43	6	0	4	4	2	0	0	0	0	0	0	0	0	
70	37	2	6	8	18	2	0	0	0	0	0	0	0	0	
71	43	2	0	4	4	2	0	0	0	0	0	0	0	0	
72	43	8	0	4	4	2	0	0	0	0	0	0	0	0	
73	43	10	0	4	4	2	0	0	0	0	0	0	0	0	
74	43	10	12	4	4	2	0	0	0	0	0	0	0	0	
75	43	0	2	4	4	2	0	0	0	0	0	0	0	0	
76	43	12	2	8	16	2	0	0	0	0	0	0	0	0	
77	43	0	6	4	4	2	0	0	0	0	0	0	0	0	
78	37	10	6	8	18	2	0	0	0	0	0	0	0	0	
79	43	2	12	4	4	2	0	0	0	0	0	0	0	0	
80	43	8	12	4	4	2	0	0	0	0	0	0	0	0	
81	42	0	6	8	16	2	0	0	0	0	0	0	0	0	
82	42	12	6	8	16	2	0	0	0	0	0	0	0	0	
83	43	12	2	4	4	2	0	0	0	0	0	0	0	0	
84	43	0	4	4	4	2	0	0	0	0	0	0	0	0	
85	42	12	6	4	4	2	0	0	0	0	0	0	0	0	
86	43	4	12	4	4	2	0	0	0	0	0	0	0	0	
87	43	2	12	8	16	2	0	0	0	0	0	0	0	0	
88	43	12	10	8	18	2	0	0	0	0	0	0	0	0	
89	43	4	0	4	4	2	0	0	0	0	0	0	0	0	
90	43	0	10	4	4	2	0	0	0	0	0	0	0	0	
91	42	6	12	4	4	2	0	0	0	0	0	0	0	0	
92	43	4	12	8	16	2	0	0	0	0	0	0	0	0	
93	43	0	10	8	16	2	0	0	0	0	0	0	0	0	
94	43	0	2	8	16	2	0	0	0	0	0	0	0	0	
95	43	0	8	4	4	2	0	0	0	0	0	0	0	0	
96	43	2	0	8	16	2	0	0	0	0	0	0	0	0	
97	55	6	4	8	18	2	0	0	0	0	0	0	0	0	
98	32	4	4	-999	-999	2	0	0	0	0	0	0	0	0	
644	644	71	71	89	89	69	69	72	72	73	73	609	609	
644	644	71	71	89	89	69	69	72	72	73	73	609	609	
75	75	NULL	NULL	NULL	428	428	436	436	NULL	NULL	NULL	83	83	
75	75	NULL	NULL	NULL	428	428	436	436	NULL	NULL	NULL	83	83	
84	84	NULL	NULL	NULL	NULL	429	429	NULL	NULL	NULL	NULL	68	68	
84	84	412	412	NULL	NULL	429	429	NULL	NULL	NULL	NULL	68	68	
77	77	412	412	419	419	536	536	570	570	537	537	85	85	
77	77	420	420	419	419	536	536	570	570	537	537	85	85	
95	95	420	420	NULL	NULL	571	571	NULL	NULL	NULL	NULL	99	99	
95	95	NULL	NULL	NULL	NULL	571	571	NULL	NULL	NULL	NULL	99	99	
90	90	NULL	NULL	NULL	NULL	604	604	NULL	NULL	NULL	NULL	643	643	
90	90	NULL	NULL	NULL	NULL	604	604	NULL	NULL	NULL	NULL	643	643	
610	610	79	79	86	86	91	91	80	80	74	74	605	605	
610	610	79	79	86	86	91	91	80	80	74	74	605	605	
99	43	12	8	4	4	2	0	0	0	0	0	0	0	0	
100	32	8	8	-999	-999	2	0	0	0	0	0	0	0	0	
108	108	124	124	107	107	144	144	114	114	129	129	106	106	
108	108	124	124	107	107	144	144	114	114	129	129	106	106	
119	119	NULL	NULL	NULL	NULL	142	142	NULL	NULL	NULL	NULL	111	111	
119	119	NULL	NULL	NULL	NULL	142	142	NULL	NULL	NULL	NULL	111	111	
103	103	NULL	NULL	NULL	NULL	102	102	NULL	NULL	NULL	NULL	120	120	
103	103	NULL	NULL	NULL	NULL	102	102	NULL	NULL	NULL	NULL	120	120	
118	118	123	123	117	117	113	113	109	109	105	105	132	132	
118	118	123	123	117	117	113	113	109	109	105	105	132	132	
112	112	NULL	NULL	NULL	NULL	101	101	NULL	NULL	NULL	NULL	130	130	
112	112	NULL	NULL	NULL	NULL	101	101	NULL	NULL	NULL	NULL	130	130	
128	128	NULL	NULL	NULL	NULL	121	121	NULL	NULL	NULL	NULL	110	110	
128	128	NULL	NULL	NULL	NULL	121	121	NULL	NULL	NULL	NULL	110	110	
126	126	115	115	122	122	116	116	143	143	125	125	104	104	
126	126	115	115	122	122	116	116	143	143	125	125	104	104	
101	57	6	8	8	8	2	0	0	0	0	0	0	0	0	
102	55	6	4	8	8	2	0	0	0	0	0	0	0	0	
103	43	0	4	8	8	2	0	0	0	0	0	0	0	0	
104	43	12	12	8	8	2	0	0	0	0	0	0	0	0	
105	37	10	6	8	8	2	0	0	0	0	0	0	0	0	
106	43	12	0	8	8	2	0	0	0	0	0	0	0	0	
107	43	4	0	8	8	2	0	0	0	0	0	0	0	0	
108	43	0	0	8	8	2	0	0	0	0	0	0	0	0	
109	56	8	6	8	8	2	0	0	0	0	0	0	0	0	
110	43	12	10	8	8	2	0	0	0	0	0	0	0	0	
111	43	12	2	8	8	2	0	0	0	0	0	0	0	0	
112	43	0	8	8	8	2	0	0	0	0	0	0	0	0	
113	34	6	6	8	8	2	0	0	0	0	0	0	0	0	
114	43	8	0	8	8	2	0	0	0	0	0	0	0	0	
115	43	2	12	8	8	2	0	0	0	0	0	0	0	0	
116	42	6	12	8	8	2	0	0	0	0	0	0	0	0	
117	58	4	6	8	8	2	0	0	0	0	0	0	0	0	
118	42	0	6	8	8	2	0	0	0	0	0	0	0	0	
119	43	0	2	8	8	2	0	0	0	0	0	0	0	0	
120	43	12	4	8	8	2	0	0	0	0	0	0	0	0	
121	37	6	10	8	8	2	0	0	0	0	0	0	0	0	
122	43	4	12	8	8	2	0	0	0	0	0	0	0	0	
123	37	2	6	8	8	2	0	0	0	0	0	0	0	0	
124	43	2	0	8	8	2	0	0	0	0	0	0	0	0	
125	43	10	12	8	8	2	0	0	0	0	0	0	0	0	
126	43	0	12	8	8	2	0	0	0	0	0	0	0	0	
127	40	22	20	-999	-999	2	0	0	0	0	0	0	0	0	
128	43	0	10	8	8	2	0	0	0	0	0	0	0	0	
129	43	10	0	8	8	2	0	0	0	0	0	0	0	0	
130	43	12	8	8	8	2	0	0	0	0	0	0	0	0	
131	62	10	2	6	20	2	0	0	0	0	0	0	0	0	
132	42	12	6	8	8	2	0	0	0	0	0	0	0	0	
133	57	6	8	6	18	3	0	0	0	0	0	0	0	0	
134	32	6	8	-999	-999	2	0	0	0	0	0	0	0	0	
30	30	38	38	141	141	32	32	33	33	59	59	140	140	
30	30	38	38	141	141	32	32	33	33	59	59	140	140	
44	44	NULL	NULL	NULL	NULL	60	60	NULL	NULL	NULL	NULL	45	45	
44	44	NULL	NULL	NULL	NULL	60	60	NULL	NULL	NULL	NULL	45	45	
137	137	NULL	NULL	NULL	NULL	136	136	NULL	NULL	NULL	NULL	42	42	
137	137	NULL	NULL	NULL	NULL	136	136	NULL	NULL	NULL	NULL	42	42	
46	46	61	61	48	48	37	37	54	54	139	139	55	55	
46	46	61	61	48	48	37	37	54	54	139	139	55	55	
41	41	NULL	NULL	NULL	NULL	135	135	NULL	NULL	NULL	NULL	58	58	
41	41	NULL	NULL	NULL	NULL	135	135	NULL	NULL	NULL	NULL	58	58	
34	34	NULL	NULL	NULL	NULL	40	40	NULL	NULL	NULL	NULL	49	49	
34	34	NULL	NULL	NULL	NULL	40	40	NULL	NULL	NULL	NULL	49	49	
31	31	52	52	51	51	50	50	57	57	36	36	138	138	
31	31	52	52	51	51	50	50	57	57	36	36	138	138	
135	57	6	8	6	8	2	0	0	0	0	0	0	0	0	
136	55	6	4	6	8	2	0	0	0	0	0	0	0	0	
137	43	0	4	6	8	2	0	0	0	0	0	0	0	0	
138	43	12	12	6	8	2	0	0	0	0	0	0	0	0	
139	37	10	6	6	8	2	0	0	0	0	0	0	0	0	
140	43	12	0	6	8	2	0	0	0	0	0	0	0	0	
141	43	4	0	6	8	2	0	0	0	0	0	0	0	0	
142	37	6	2	8	8	2	0	0	0	0	0	0	0	0	
143	43	8	12	8	8	2	0	0	0	0	0	0	0	0	
144	42	6	0	8	8	2	0	0	0	0	0	0	0	0	
145	40	20	20	-999	-999	2	0	0	0	0	0	0	0	0	
146	40	18	20	-999	-999	2	0	0	0	0	0	0	0	0	
147	43	12	12	6	20	2	0	0	0	0	0	0	0	0	
148	36	7	10	6	18	2	0	0	0	0	0	0	0	0	
149	43	0	2	6	20	2	0	0	0	0	0	0	0	0	
150	43	12	4	6	20	2	0	0	0	0	0	0	0	0	
151	32	2	8	-999	-999	2	0	0	0	0	0	0	0	0	
1106	1106	1115	1115	1102	1102	1085	1085	1109	1109	1092	1092	1105	1105	
1106	1106	1115	1115	1102	1102	1085	1085	1109	1109	1092	1092	1105	1105	
1096	1096	NULL	NULL	NULL	NULL	NULL	NULL	NULL	NULL	NULL	NULL	1108	1108	
1096	1096	NULL	NULL	NULL	NULL	NULL	NULL	NULL	NULL	NULL	NULL	1108	1108	
1081	1081	NULL	NULL	NULL	NULL	NULL	NULL	NULL	NULL	NULL	NULL	1098	1098	
1081	1081	NULL	NULL	NULL	NULL	NULL	NULL	NULL	NULL	NULL	NULL	1098	1098	
1097	1097	1086	1086	1084	1084	1103	1103	1101	1101	156	156	1089	1089	
1097	1097	1086	1086	1084	1084	1103	1103	1101	1101	156	156	1089	1089	
1111	1111	NULL	NULL	NULL	NULL	NULL	NULL	NULL	NULL	NULL	NULL	1078	1078	
1111	1111	NULL	NULL	NULL	NULL	NULL	NULL	NULL	NULL	NULL	NULL	1078	1078	
1127	1127	1088	1088	1104	1104	1082	1082	1080	1080	157	157	1119	1119	
1127	1127	1088	1088	1104	1104	1082	1082	1080	1080	157	157	1119	1119	
1090	1090	1123	1123	160	160	1093	1093	1100	1100	1094	1094	1107	1107	
1090	1090	1123	1123	160	160	1093	1093	1100	1100	1094	1094	1107	1107	
152	36	5	10	8	18	2	0	0	0	0	0	0	0	0	
153	40	18	22	-999	-999	2	0	0	0	0	0	0	0	0	
154	15	6	6	8	12	2	100000	0	0	0	0	0	0	0	
155	43	12	0	8	2	2	0	0	0	0	0	0	0	0	
156	39	10	6	2	8	2	0	0	0	0	0	0	0	0	
157	63	10	10	2	8	2	0	0	0	0	0	0	0	0	
158	36	7	10	8	18	2	0	0	0	0	0	0	0	0	
159	36	7	2	6	4	2	0	0	0	0	0	0	0	0	
160	43	4	12	2	8	2	0	0	0	0	0	0	0	0	
161	57	6	8	8	18	2	0	0	0	0	0	0	0	0	
162	36	5	2	6	4	2	0	0	0	0	0	0	0	0	
163	43	12	8	10	16	2	0	0	0	0	0	0	0	0	
164	43	10	0	10	16	2	0	0	0	0	0	0	0	0	
165	32	22	22	-999	-999	2	0	0	0	0	0	0	0	0	
186	186	166	166	170	170	174	174	178	178	182	182	188	188	
186	186	166	166	170	170	174	174	178	178	182	182	188	188	
167	167	NULL	NULL	192	192	195	195	193	193	NULL	NULL	169	169	
167	167	NULL	NULL	192	192	195	195	193	193	NULL	NULL	169	169	
171	171	190	190	191	191	NULL	NULL	194	194	NULL	NULL	173	173	
171	171	190	190	191	191	NULL	NULL	194	194	NULL	NULL	173	173	
175	175	NULL	NULL	NULL	NULL	NULL	NULL	NULL	NULL	NULL	NULL	177	177	
175	175	NULL	NULL	NULL	NULL	NULL	NULL	NULL	NULL	NULL	NULL	177	177	
179	179	NULL	NULL	200	200	NULL	NULL	197	197	196	196	181	181	
179	179	NULL	NULL	200	200	NULL	NULL	197	197	196	196	181	181	
183	183	NULL	NULL	199	199	201	201	198	198	NULL	NULL	185	185	
183	183	NULL	NULL	199	199	201	201	198	198	NULL	NULL	185	185	
187	187	168	168	172	172	176	176	180	180	184	184	189	189	
187	187	168	168	172	172	176	176	180	180	184	184	189	189	
166	43	2	0	22	22	2	0	0	0	0	0	0	0	0	
167	43	0	2	22	22	2	0	0	0	0	0	0	0	0	
168	43	2	12	22	22	2	0	0	0	0	0	0	0	0	
169	43	12	2	22	22	2	0	0	0	0	0	0	0	0	
170	43	4	0	22	22	2	0	0	0	0	0	0	0	0	
171	43	0	4	22	22	2	0	0	0	0	0	0	0	0	
172	43	4	12	22	22	2	0	0	0	0	0	0	0	0	
173	43	12	4	22	22	2	0	0	0	0	0	0	0	0	
174	43	6	0	22	22	2	0	0	0	0	0	0	0	0	
175	43	0	6	22	22	2	0	0	0	0	0	0	0	0	
176	43	6	12	22	22	2	0	0	0	0	0	0	0	0	
177	43	12	6	22	22	2	0	0	0	0	0	0	0	0	
178	43	8	0	22	22	2	0	0	0	0	0	0	0	0	
179	43	0	8	22	22	2	0	0	0	0	0	0	0	0	
180	43	8	12	22	22	2	0	0	0	0	0	0	0	0	
181	43	12	8	22	22	2	0	0	0	0	0	0	0	0	
182	43	10	0	22	22	2	0	0	0	0	0	0	0	0	
183	43	0	10	22	22	2	0	0	0	0	0	0	0	0	
184	43	10	12	22	22	2	0	0	0	0	0	0	0	0	
185	43	12	10	22	22	2	0	0	0	0	0	0	0	0	
186	43	0	0	22	22	2	0	0	0	0	0	0	0	0	
187	43	0	12	22	22	2	0	0	0	0	0	0	0	0	
188	43	12	0	22	22	2	0	0	0	0	0	0	0	0	
189	43	12	12	22	22	2	0	0	0	0	0	0	0	0	
190	27	2	4	22	22	2	0	0	0	0	0	0	0	0	
191	60	4	4	22	22	2	0	0	0	0	0	0	0	0	
192	62	4	2	22	22	2	0	0	0	0	0	0	0	0	
193	60	8	2	22	22	2	0	0	0	0	0	0	0	0	
194	62	8	4	22	22	2	0	0	0	0	0	0	0	0	
195	35	6	2	22	22	2	0	0	0	0	0	0	0	0	
196	29	10	8	22	22	2	0	0	0	0	0	0	0	0	
197	62	8	8	22	22	2	0	0	0	0	0	0	0	0	
198	60	8	10	22	22	2	0	0	0	0	0	0	0	0	
199	62	4	10	22	22	2	0	0	0	0	0	0	0	0	
200	60	4	8	22	22	2	0	0	0	0	0	0	0	0	
201	35	6	10	22	22	2	0	0	0	0	0	0	0	0	
202	32	20	22	-999	-999	2	0	0	0	0	0	0	0	0	
223	223	203	203	207	207	211	211	215	215	219	219	225	225	
223	223	203	203	207	207	211	211	215	215	219	219	225	225	
204	204	NULL	NULL	227	227	228	228	229	229	NULL	NULL	206	206	
204	204	NULL	NULL	227	227	228	228	229	229	NULL	NULL	206	206	
208	208	230	230	231	231	NULL	NULL	232	232	NULL	NULL	210	210	
208	208	230	230	231	231	NULL	NULL	232	232	NULL	NULL	210	210	
212	212	NULL	NULL	NULL	NULL	NULL	NULL	NULL	NULL	NULL	NULL	214	214	
212	212	NULL	NULL	NULL	NULL	NULL	NULL	NULL	NULL	NULL	NULL	214	214	
216	216	NULL	NULL	233	233	NULL	NULL	234	234	235	235	218	218	
216	216	NULL	NULL	233	233	NULL	NULL	234	234	235	235	218	218	
220	220	NULL	NULL	236	236	237	237	238	238	NULL	NULL	222	222	
220	220	NULL	NULL	236	236	237	237	238	238	NULL	NULL	222	222	
224	224	205	205	209	209	213	213	217	217	221	221	226	226	
224	224	205	205	209	209	213	213	217	217	221	221	226	226	
203	43	2	0	20	22	2	0	0	0	0	0	0	0	0	
204	43	0	2	20	22	2	0	0	0	0	0	0	0	0	
205	43	2	12	20	22	2	0	0	0	0	0	0	0	0	
206	43	12	2	20	22	2	0	0	0	0	0	0	0	0	
207	43	4	0	20	22	2	0	0	0	0	0	0	0	0	
208	43	0	4	20	22	2	0	0	0	0	0	0	0	0	
209	43	4	12	20	22	2	0	0	0	0	0	0	0	0	
210	43	12	4	20	22	2	0	0	0	0	0	0	0	0	
211	43	6	0	20	22	2	0	0	0	0	0	0	0	0	
212	43	0	6	20	22	2	0	0	0	0	0	0	0	0	
213	43	6	12	20	22	2	0	0	0	0	0	0	0	0	
214	43	12	6	20	22	2	0	0	0	0	0	0	0	0	
215	43	8	0	20	22	2	0	0	0	0	0	0	0	0	
216	43	0	8	20	22	2	0	0	0	0	0	0	0	0	
217	43	8	12	20	22	2	0	0	0	0	0	0	0	0	
218	43	12	8	20	22	2	0	0	0	0	0	0	0	0	
219	43	10	0	20	22	2	0	0	0	0	0	0	0	0	
220	43	0	10	20	22	2	0	0	0	0	0	0	0	0	
221	43	10	12	20	22	2	0	0	0	0	0	0	0	0	
222	43	12	10	20	22	2	0	0	0	0	0	0	0	0	
223	43	0	0	20	22	2	0	0	0	0	0	0	0	0	
224	43	0	12	20	22	2	0	0	0	0	0	0	0	0	
225	43	12	0	20	22	2	0	0	0	0	0	0	0	0	
226	43	12	12	20	22	2	0	0	0	0	0	0	0	0	
227	63	4	2	20	22	2	0	0	0	0	0	0	0	0	
228	35	6	2	20	22	2	0	0	0	0	0	0	0	0	
229	61	8	2	20	22	2	0	0	0	0	0	0	0	0	
230	28	2	4	20	22	2	0	0	0	0	0	0	0	0	
231	61	4	4	20	22	2	0	0	0	0	0	0	0	0	
232	63	8	4	20	22	2	0	0	0	0	0	0	0	0	
233	61	4	8	20	22	2	0	0	0	0	0	0	0	0	
234	63	8	8	20	22	2	0	0	0	0	0	0	0	0	
235	30	10	8	20	22	2	0	0	0	0	0	0	0	0	
236	63	4	10	20	22	2	0	0	0	0	0	0	0	0	
237	35	6	10	20	22	2	0	0	0	0	0	0	0	0	
238	61	8	10	20	22	2	0	0	0	0	0	0	0	0	
239	32	4	18	-999	-999	2	0	0	0	0	0	0	0	0	
260	260	240	240	244	244	248	248	252	252	256	256	262	262	
260	260	240	240	244	244	248	248	252	252	256	256	262	262	
241	241	NULL	NULL	NULL	NULL	264	264	NULL	NULL	NULL	NULL	243	243	
241	241	NULL	NULL	NULL	NULL	264	264	NULL	NULL	NULL	NULL	243	243	
245	245	NULL	NULL	NULL	NULL	265	265	NULL	NULL	NULL	NULL	247	247	
245	245	274	274	NULL	NULL	265	265	NULL	NULL	NULL	NULL	247	247	
249	249	274	274	397	397	268	268	269	269	270	270	251	251	
249	249	407	407	397	397	268	268	269	269	270	270	251	251	
253	253	407	407	NULL	NULL	282	282	NULL	NULL	NULL	NULL	255	255	
253	253	NULL	NULL	NULL	NULL	282	282	NULL	NULL	NULL	NULL	255	255	
257	257	NULL	NULL	NULL	435	435	267	267	NULL	NULL	NULL	259	259	
257	257	NULL	NULL	NULL	435	435	267	267	NULL	NULL	NULL	259	259	
261	261	242	242	246	246	250	250	254	254	258	258	263	263	
261	261	242	242	246	246	250	250	254	254	258	258	263	263	
240	43	2	0	4	18	2	0	0	0	0	0	0	0	0	
241	43	0	2	4	18	2	0	0	0	0	0	0	0	0	
242	43	2	12	4	18	2	0	0	0	0	0	0	0	0	
243	43	12	2	4	18	2	0	0	0	0	0	0	0	0	
244	43	4	0	4	18	2	0	0	0	0	0	0	0	0	
245	43	0	4	4	18	2	0	0	0	0	0	0	0	0	
246	43	4	12	4	18	2	0	0	0	0	0	0	0	0	
247	43	12	4	4	18	2	0	0	0	0	0	0	0	0	
248	42	6	0	4	18	2	0	0	0	0	0	0	0	0	
249	43	0	6	4	18	2	0	0	0	0	0	0	0	0	
250	43	6	12	4	18	2	0	0	0	0	0	0	0	0	
251	42	12	6	4	18	2	0	0	0	0	0	0	0	0	
252	43	8	0	4	18	2	0	0	0	0	0	0	0	0	
253	43	0	8	4	18	2	0	0	0	0	0	0	0	0	
254	43	8	12	4	18	2	0	0	0	0	0	0	0	0	
255	43	12	8	4	18	2	0	0	0	0	0	0	0	0	
256	43	10	0	4	18	2	0	0	0	0	0	0	0	0	
257	43	0	10	4	18	2	0	0	0	0	0	0	0	0	
258	43	10	12	4	18	2	0	0	0	0	0	0	0	0	
259	43	12	10	4	18	2	0	0	0	0	0	0	0	0	
260	43	0	0	4	18	2	0	0	0	0	0	0	0	0	
261	43	0	12	4	18	2	0	0	0	0	0	0	0	0	
262	43	12	0	4	18	2	0	0	0	0	0	0	0	0	
263	43	12	12	4	18	2	0	0	0	0	0	0	0	0	
264	37	6	2	4	18	2	0	0	0	0	0	0	0	0	
265	55	6	4	4	18	2	0	0	0	0	0	0	0	0	
266	40	0	2	-999	-999	2	0	0	0	0	0	0	0	0	
267	36	7	10	4	18	2	0	0	0	0	0	0	0	0	
268	34	6	6	4	18	2	0	0	0	0	0	0	0	0	
269	56	8	6	4	18	2	0	0	0	0	0	0	0	0	
270	37	10	6	4	18	2	0	0	0	0	0	0	0	0	
271	40	0	20	-999	-999	2	0	0	0	0	0	0	0	0	
272	43	0	0	4	16	2	0	0	0	0	0	0	0	0	
273	42	6	12	10	16	2	0	0	0	0	0	0	0	0	
274	36	2	5	4	18	2	0	0	0	0	0	0	0	0	
275	43	10	0	4	16	2	0	0	0	0	0	0	0	0	
276	43	0	2	10	16	2	0	0	0	0	0	0	0	0	
277	36	2	5	4	16	2	0	0	0	0	0	0	0	0	
278	43	0	8	4	16	2	0	0	0	0	0	0	0	0	
279	40	2	20	-999	-999	2	0	0	0	0	0	0	0	0	
280	37	2	6	10	16	2	0	0	0	0	0	0	0	0	
281	40	0	22	-999	-999	2	0	0	0	0	0	0	0	0	
282	57	6	8	4	18	2	0	0	0	0	0	0	0	0	
283	43	12	8	4	16	2	0	0	0	0	0	0	0	0	
284	43	12	4	10	16	2	0	0	0	0	0	0	0	0	
285	43	8	0	10	16	2	0	0	0	0	0	0	0	0	
286	43	8	12	4	16	2	0	0	0	0	0	0	0	0	
287	43	0	10	10	16	2	0	0	0	0	0	0	0	0	
288	37	6	10	10	16	2	0	0	0	0	0	0	0	0	
289	43	10	12	10	16	2	0	0	0	0	0	0	0	0	
290	43	0	10	4	16	2	0	0	0	0	0	0	0	0	
291	43	12	10	10	16	2	0	0	0	0	0	0	0	0	
292	42	6	0	10	16	2	0	0	0	0	0	0	0	0	
293	43	12	0	10	16	2	0	0	0	0	0	0	0	0	
294	40	2	6	-999	-999	2	0	0	0	0	0	0	0	0	
295	55	6	4	10	16	2	0	0	0	0	0	0	0	0	
296	40	2	2	-999	-999	2	0	0	0	0	0	0	0	0	
297	43	2	12	10	16	2	0	0	0	0	0	0	0	0	
298	40	4	22	-999	-999	2	0	0	0	0	0	0	0	0	
299	55	6	4	4	16	2	0	0	0	0	0	0	0	0	
300	43	12	10	4	16	2	0	0	0	0	0	0	0	0	
301	40	0	0	-999	-999	2	0	0	0	0	0	0	0	0	
302	40	8	20	-999	-999	2	0	0	0	0	0	0	0	0	
303	43	12	10	4	14	2	0	0	0	0	0	0	0	0	
304	42	0	6	10	16	2	0	0	0	0	0	0	0	0	
305	43	10	12	4	16	2	0	0	0	0	0	0	0	0	
306	43	0	10	4	14	2	0	0	0	0	0	0	0	0	
307	43	0	12	12	14	2	0	0	0	0	0	0	0	0	
308	42	6	0	6	20	2	0	0	0	0	0	0	0	0	
309	43	8	12	6	20	2	0	0	0	0	0	0	0	0	
310	39	6	6	12	14	2	0	0	0	0	0	0	0	0	
311	43	10	0	6	20	2	0	0	0	0	0	0	0	0	
312	43	12	6	6	20	2	0	0	0	0	0	0	0	0	
313	43	12	10	6	20	2	0	0	0	0	0	0	0	0	
314	35	6	2	12	14	2	0	0	0	0	0	0	0	0	
315	32	6	20	-999	-999	2	0	0	0	0	0	0	0	0	
1126	1126	1113	1113	1129	1129	308	308	324	324	311	311	39	39	
1126	1126	1113	1113	1129	1129	308	308	324	324	311	311	39	39	
149	149	NULL	NULL	NULL	NULL	1116	1116	NULL	NULL	131	131	1117	1117	
149	149	NULL	NULL	NULL	NULL	1116	1116	NULL	NULL	131	131	1117	1117	
1125	1125	NULL	NULL	NULL	NULL	1118	1118	NULL	NULL	1120	1120	150	150	
1125	1125	NULL	NULL	NULL	NULL	1118	1118	NULL	NULL	1120	1120	150	150	
328	328	NULL	NULL	NULL	NULL	47	47	NULL	NULL	43	43	312	312	
328	328	NULL	NULL	NULL	NULL	47	47	NULL	NULL	43	43	312	312	
320	320	NULL	NULL	NULL	NULL	35	35	NULL	NULL	1122	1122	330	330	
320	320	NULL	NULL	NULL	NULL	35	35	NULL	NULL	1122	1122	330	330	
332	332	NULL	NULL	NULL	NULL	1124	1124	NULL	NULL	56	56	313	313	
332	332	NULL	NULL	NULL	NULL	1124	1124	NULL	NULL	56	56	313	313	
1128	1128	1121	1121	1110	1110	316	316	309	309	333	333	147	147	
1128	1128	1121	1121	1110	1110	316	316	309	309	333	333	147	147	
316	42	6	12	6	20	2	0	0	0	0	0	0	0	0	
317	0	6	22	-999	-999	2	0	2	1	0	0	0	0	0	
318	39	2	6	12	14	2	0	0	0	0	0	0	0	0	
319	36	10	5	10	18	2	0	0	0	0	0	0	0	0	
320	43	0	8	6	20	2	0	0	0	0	0	0	0	0	
321	57	6	8	10	18	2	0	0	0	0	0	0	0	0	
322	61	8	2	12	14	2	0	0	0	0	0	0	0	0	
323	3	12	16	-999	-999	2	0	2	1	0	0	0	0	0	
324	43	8	0	6	20	2	0	0	0	0	0	0	0	0	
325	39	6	8	12	14	2	0	0	0	0	0	0	0	0	
326	61	2	2	12	14	2	0	0	0	0	0	0	0	0	
327	39	4	6	12	14	2	0	0	0	0	0	0	0	0	
328	43	0	6	6	20	2	0	0	0	0	0	0	0	0	
329	35	4	2	12	14	2	0	0	0	0	0	0	0	0	
330	43	12	8	6	20	2	0	0	0	0	0	0	0	0	
331	0	10	2	12	14	2	0	2	1	0	0	0	0	0	
332	43	0	10	6	20	2	0	0	0	0	0	0	0	0	
333	43	10	12	6	20	2	0	0	0	0	0	0	0	0	
334	43	12	6	10	16	2	0	0	0	0	0	0	0	0	
335	58	4	6	10	16	2	0	0	0	0	0	0	0	0	
336	36	7	10	10	18	2	0	0	0	0	0	0	0	0	
337	36	5	10	10	18	2	0	0	0	0	0	0	0	0	
338	36	10	7	10	18	2	0	0	0	0	0	0	0	0	
339	56	8	6	10	18	2	0	0	0	0	0	0	0	0	
340	37	6	10	12	14	2	0	0	0	0	0	0	0	0	
341	43	0	8	10	16	2	0	0	0	0	0	0	0	0	
342	43	10	12	12	14	2	0	0	0	0	0	0	0	0	
343	37	2	6	10	14	2	0	0	0	0	0	0	0	0	
344	43	4	0	12	14	2	0	0	0	0	0	0	0	0	
345	57	6	8	10	14	2	0	0	0	0	0	0	0	0	
346	43	0	4	12	14	2	0	0	0	0	0	0	0	0	
347	43	12	12	12	14	2	0	0	0	0	0	0	0	0	
348	56	8	6	10	14	3	0	0	0	0	0	0	0	0	
349	37	6	2	10	14	2	0	0	0	0	0	0	0	0	
350	43	8	12	12	14	2	0	0	0	0	0	0	0	0	
351	43	10	0	12	14	2	0	0	0	0	0	0	0	0	
352	43	4	12	12	14	2	0	0	0	0	0	0	0	0	
353	43	8	0	12	14	2	0	0	0	0	0	0	0	0	
354	43	12	6	12	14	2	0	0	0	0	0	0	0	0	
355	34	6	6	10	14	4	0	0	0	0	0	0	0	0	
356	43	0	0	12	14	2	0	0	0	0	0	0	0	0	
357	43	2	12	12	14	2	0	0	0	0	0	0	0	0	
358	42	6	12	12	14	2	0	0	0	0	0	0	0	0	
359	42	0	6	12	14	2	0	0	0	0	0	0	0	0	
360	36	10	7	10	14	2	0	0	0	0	0	0	0	0	
361	43	12	8	12	14	2	0	0	0	0	0	0	0	0	
362	43	12	2	12	14	2	0	0	0	0	0	0	0	0	
363	43	12	0	12	14	2	0	0	0	0	0	0	0	0	
364	43	0	8	12	14	2	0	0	0	0	0	0	0	0	
365	43	12	2	10	16	2	0	0	0	0	0	0	0	0	
366	43	12	10	12	14	2	0	0	0	0	0	0	0	0	
367	32	12	14	-999	-999	2	0	0	0	0	0	0	0	0	
356	356	368	368	344	344	373	373	353	353	351	351	363	363	
356	356	368	368	344	344	373	373	353	353	351	351	363	363	
369	369	326	326	329	329	314	314	322	322	331	331	362	362	
369	369	326	326	329	329	314	314	322	322	331	331	362	362	
346	346	NULL	NULL	NULL	NULL	NULL	NULL	NULL	NULL	NULL	NULL	371	371	
346	346	NULL	NULL	NULL	NULL	NULL	NULL	NULL	NULL	NULL	NULL	371	371	
359	359	318	318	327	327	310	310	NULL	NULL	NULL	NULL	354	354	
359	359	318	318	327	327	310	310	NULL	NULL	NULL	NULL	354	354	
364	364	NULL	NULL	NULL	NULL	325	325	NULL	NULL	NULL	NULL	361	361	
364	364	NULL	NULL	NULL	NULL	325	325	NULL	NULL	NULL	NULL	361	361	
372	372	NULL	NULL	NULL	NULL	340	340	NULL	NULL	NULL	NULL	366	366	
372	372	NULL	NULL	NULL	NULL	340	340	NULL	NULL	NULL	NULL	366	366	
307	307	357	357	352	352	358	358	350	350	342	342	347	347	
307	307	357	357	352	352	358	358	350	350	342	342	347	347	
368	43	2	0	12	14	2	0	0	0	0	0	0	0	0	
369	43	0	2	12	14	2	0	0	0	0	0	0	0	0	
370	37	6	10	10	14	2	0	0	0	0	0	0	0	0	
371	43	12	4	12	14	2	0	0	0	0	0	0	0	0	
372	43	0	10	12	14	2	0	0	0	0	0	0	0	0	
373	43	6	0	12	14	2	0	0	0	0	0	0	0	0	
374	55	6	4	10	14	2	0	0	0	0	0	0	0	0	
375	40	10	2	-999	-999	2	0	0	0	0	0	0	0	0	
376	43	8	12	10	16	2	0	0	0	0	0	0	0	0	
377	43	12	12	10	16	2	0	0	0	0	0	0	0	0	
378	43	12	0	4	16	2	0	0	0	0	0	0	0	0	
379	37	6	2	10	16	2	0	0	0	0	0	0	0	0	
380	43	4	0	10	16	2	0	0	0	0	0	0	0	0	
381	43	4	12	10	16	2	0	0	0	0	0	0	0	0	
382	40	6	2	-999	-999	2	0	0	0	0	0	0	0	0	
383	57	6	8	10	16	2	0	0	0	0	0	0	0	0	
384	43	0	0	10	16	2	0	0	0	0	0	0	0	0	
385	43	2	0	10	16	2	0	0	0	0	0	0	0	0	
386	40	2	0	-999	-999	2	0	0	0	0	0	0	0	0	
387	40	0	12	-999	-999	2	0	0	0	0	0	0	0	0	
388	56	8	6	10	16	2	0	0	0	0	0	0	0	0	
389	40	8	22	-999	-999	2	0	0	0	0	0	0	0	0	
390	37	6	10	4	16	2	0	0	0	0	0	0	0	0	
391	40	10	22	-999	-999	2	0	0	0	0	0	0	0	0	
392	43	0	12	10	16	2	0	0	0	0	0	0	0	0	
393	58	4	6	4	16	2	0	0	0	0	0	0	0	0	
394	40	0	16	-999	-999	2	0	0	0	0	0	0	0	0	
395	37	6	2	4	16	2	0	0	0	0	0	0	0	0	
396	34	6	6	10	16	2	0	0	0	0	0	0	0	0	
397	58	4	6	4	18	2	0	0	0	0	0	0	0	0	
398	43	0	4	10	16	2	0	0	0	0	0	0	0	0	
399	40	12	12	-999	-999	2	0	0	0	0	0	0	0	0	
400	36	10	7	10	16	2	0	0	0	0	0	0	0	0	
401	36	10	5	10	16	2	0	0	0	0	0	0	0	0	
402	43	12	12	4	16	2	0	0	0	0	0	0	0	0	
403	40	2	10	-999	-999	2	0	0	0	0	0	0	0	0	
404	40	0	18	-999	-999	2	0	0	0	0	0	0	0	0	
405	40	2	12	-999	-999	2	0	0	0	0	0	0	0	0	
406	40	2	18	-999	-999	2	0	0	0	0	0	0	0	0	
407	36	2	7	4	18	2	0	0	0	0	0	0	0	0	
408	40	12	0	-999	-999	2	0	0	0	0	0	0	0	0	
409	32	8	2	-999	-999	2	0	0	0	0	0	0	0	0	
455	455	444	444	440	440	424	424	425	425	465	465	155	155	
455	455	444	444	440	440	424	424	425	425	465	465	155	155	
439	439	470	470	NULL	NULL	1010	1010	NULL	NULL	NULL	NULL	460	460	
439	439	470	470	NULL	NULL	1010	1010	NULL	NULL	NULL	NULL	460	460	
445	445	462	462	NULL	NULL	446	446	NULL	NULL	NULL	NULL	431	431	
445	445	462	462	NULL	NULL	446	446	NULL	NULL	NULL	NULL	431	431	
464	464	471	471	NULL	NULL	454	454	NULL	NULL	NULL	NULL	468	468	
464	464	471	471	NULL	NULL	454	454	NULL	NULL	NULL	NULL	468	468	
1006	1006	469	469	NULL	NULL	451	451	NULL	NULL	NULL	NULL	459	459	
1006	1006	469	469	NULL	NULL	451	451	NULL	NULL	NULL	NULL	459	459	
458	458	443	443	NULL	NULL	453	453	NULL	NULL	NULL	NULL	1009	1009	
458	458	443	443	NULL	NULL	453	453	NULL	NULL	NULL	NULL	1009	1009	
475	475	452	452	423	423	456	456	473	473	1013	1013	880	880	
475	475	452	452	423	423	456	456	473	473	1013	1013	880	880	
410	40	10	0	-999	-999	2	0	0	0	0	0	0	0	0	
411	40	6	0	-999	-999	2	0	0	0	0	0	0	0	0	
412	36	2	5	4	4	2	0	0	0	0	0	0	0	0	
413	40	0	14	-999	-999	2	0	0	0	0	0	0	0	0	
414	40	2	14	-999	-999	2	0	0	0	0	0	0	0	0	
415	40	4	2	-999	-999	2	0	0	0	0	0	0	0	0	
416	40	4	0	-999	-999	2	0	0	0	0	0	0	0	0	
417	40	12	8	-999	-999	2	0	0	0	0	0	0	0	0	
418	40	2	22	-999	-999	2	0	0	0	0	0	0	0	0	
419	58	4	6	4	4	2	0	0	0	0	0	0	0	0	
420	36	2	7	4	4	2	0	0	0	0	0	0	0	0	
421	40	12	2	-999	-999	2	0	0	0	0	0	0	0	0	
422	56	8	6	4	16	2	0	0	0	0	0	0	0	0	
423	43	4	12	8	2	2	0	0	0	0	0	0	0	0	
424	42	6	0	8	2	2	0	0	0	0	0	0	0	0	
425	43	8	0	8	2	2	0	0	0	0	0	0	0	0	
426	40	4	20	-999	-999	2	0	0	0	0	0	0	0	0	
427	40	12	18	-999	-999	2	0	0	0	0	0	0	0	0	
428	36	5	2	4	4	2	0	0	0	0	0	0	0	0	
429	55	6	4	4	4	2	0	0	0	0	0	0	0	0	
430	57	6	8	4	16	2	0	0	0	0	0	0	0	0	
431	43	12	4	8	2	2	0	0	0	0	0	0	0	0	
432	40	12	10	-999	-999	2	0	0	0	0	0	0	0	0	
433	40	12	6	-999	-999	2	0	0	0	0	0	0	0	0	
434	34	6	6	4	16	2	0	0	0	0	0	0	0	0	
435	36	5	10	4	18	2	0	0	0	0	0	0	0	0	
436	36	7	2	4	4	2	0	0	0	0	0	0	0	0	
437	55	6	4	6	4	2	0	0	0	0	0	0	0	0	
438	58	4	6	10	14	2	0	0	0	0	0	0	0	0	
439	43	0	2	8	2	2	0	0	0	0	0	0	0	0	
440	43	4	0	8	2	2	0	0	0	0	0	0	0	0	
441	40	12	20	-999	-999	2	0	0	0	0	0	0	0	0	
442	40	2	16	-999	-999	2	0	0	0	0	0	0	0	0	
443	60	2	10	8	2	2	0	0	0	0	0	0	0	0	
444	43	2	0	8	2	2	0	0	0	0	0	0	0	0	
445	43	0	4	8	2	2	0	0	0	0	0	0	0	0	
446	39	6	4	8	2	2	0	0	0	0	0	0	0	0	
447	40	0	10	-999	-999	2	0	0	0	0	0	0	0	0	
448	40	12	22	-999	-999	2	0	0	0	0	0	0	0	0	
449	36	5	2	8	4	2	0	0	0	0	0	0	0	0	
450	36	10	5	10	4	2	0	0	0	0	0	0	0	0	
451	39	6	8	8	2	2	0	0	0	0	0	0	0	0	
452	43	2	12	8	2	2	0	0	0	0	0	0	0	0	
453	39	6	10	8	2	2	0	0	0	0	0	0	0	0	
454	39	6	6	8	2	2	0	0	0	0	0	0	0	0	
455	43	0	0	8	2	2	0	0	0	0	0	0	0	0	
456	42	6	12	8	2	2	0	0	0	0	0	0	0	0	
457	36	10	7	10	6	2	0	0	0	0	0	0	0	0	
458	43	0	10	8	2	2	0	0	0	0	0	0	0	0	
459	43	12	8	8	2	2	0	0	0	0	0	0	0	0	
460	43	12	2	8	2	2	0	0	0	0	0	0	0	0	
461	36	7	2	8	4	2	0	0	0	0	0	0	0	0	
462	60	2	4	8	2	2	0	0	0	0	0	0	0	0	
463	55	6	4	8	4	3	0	0	0	0	0	0	0	0	
464	43	0	6	8	2	2	0	0	0	0	0	0	0	0	
465	43	10	0	8	2	2	0	0	0	0	0	0	0	0	
466	40	12	4	-999	-999	2	0	0	0	0	0	0	0	0	
467	36	10	7	10	4	2	0	0	0	0	0	0	0	0	
468	43	12	6	8	2	2	0	0	0	0	0	0	0	0	
469	35	2	8	8	2	2	0	0	0	0	0	0	0	0	
470	0	2	2	8	2	2	0	2	1	0	0	0	0	0	
471	35	2	6	8	2	2	0	0	0	0	0	0	0	0	
472	55	6	4	10	4	2	0	0	0	0	0	0	0	0	
473	43	8	12	8	2	2	0	0	0	0	0	0	0	0	
474	36	5	2	10	4	2	0	0	0	0	0	0	0	0	
475	43	0	12	8	2	2	0	0	0	0	0	0	0	0	
476	36	7	2	10	4	2	0	0	0	0	0	0	0	0	
477	32	10	18	-999	-999	2	0	0	0	0	0	0	0	0	
483	483	501	501	484	484	510	510	491	491	506	506	479	479	
483	483	501	501	484	484	510	510	491	491	506	506	479	479	
496	496	NULL	NULL	NULL	NULL	494	494	NULL	NULL	NULL	NULL	488	488	
496	496	NULL	NULL	NULL	NULL	494	494	NULL	NULL	NULL	NULL	488	488	
480	480	NULL	NULL	NULL	NULL	490	490	NULL	NULL	NULL	NULL	497	497	
480	480	NULL	NULL	NULL	NULL	490	490	NULL	NULL	319	319	497	497	
495	495	486	486	482	482	478	478	339	339	319	319	509	509	
495	495	486	486	482	482	478	478	339	339	338	338	509	509	
489	489	NULL	NULL	NULL	NULL	321	321	NULL	NULL	338	338	507	507	
489	489	NULL	NULL	NULL	NULL	321	321	NULL	NULL	NULL	NULL	507	507	
487	487	NULL	NULL	NULL	337	337	336	336	NULL	NULL	NULL	503	503	
487	487	NULL	NULL	NULL	337	337	336	336	NULL	NULL	NULL	503	503	
481	481	492	492	499	499	493	493	508	508	485	485	500	500	
481	481	492	492	499	499	493	493	508	508	485	485	500	500	
478	34	6	6	10	18	2	0	0	0	0	0	0	0	0	
479	43	12	0	10	18	2	0	0	0	0	0	0	0	0	
480	43	0	4	10	18	2	0	0	0	0	0	0	0	0	
481	43	0	12	10	18	2	0	0	0	0	0	0	0	0	
482	58	4	6	10	18	2	0	0	0	0	0	0	0	0	
483	43	0	0	10	18	2	0	0	0	0	0	0	0	0	
484	43	4	0	10	18	2	0	0	0	0	0	0	0	0	
485	43	10	12	10	18	2	0	0	0	0	0	0	0	0	
486	37	2	6	10	18	2	0	0	0	0	0	0	0	0	
487	43	0	10	10	18	2	0	0	0	0	0	0	0	0	
488	43	12	2	10	18	2	0	0	0	0	0	0	0	0	
489	43	0	8	10	18	2	0	0	0	0	0	0	0	0	
490	55	6	4	10	18	2	0	0	0	0	0	0	0	0	
491	43	8	0	10	18	2	0	0	0	0	0	0	0	0	
492	43	2	12	10	18	2	0	0	0	0	0	0	0	0	
493	43	6	12	10	18	2	0	0	0	0	0	0	0	0	
494	37	6	2	10	18	2	0	0	0	0	0	0	0	0	
495	42	0	6	10	18	2	0	0	0	0	0	0	0	0	
496	43	0	2	10	18	2	0	0	0	0	0	0	0	0	
497	43	12	4	10	18	2	0	0	0	0	0	0	0	0	
498	40	2	4	-999	-999	2	0	0	0	0	0	0	0	0	
499	43	4	12	10	18	2	0	0	0	0	0	0	0	0	
500	43	12	12	10	18	2	0	0	0	0	0	0	0	0	
501	43	2	0	10	18	2	0	0	0	0	0	0	0	0	
502	36	2	7	4	16	2	0	0	0	0	0	0	0	0	
503	43	12	10	10	18	2	0	0	0	0	0	0	0	0	
504	40	10	20	-999	-999	2	0	0	0	0	0	0	0	0	
505	40	0	4	-999	-999	2	0	0	0	0	0	0	0	0	
506	43	10	0	10	18	2	0	0	0	0	0	0	0	0	
507	43	12	8	10	18	2	0	0	0	0	0	0	0	0	
508	43	8	12	10	18	2	0	0	0	0	0	0	0	0	
509	43	12	6	10	18	2	0	0	0	0	0	0	0	0	
510	42	6	0	10	18	2	0	0	0	0	0	0	0	0	
511	32	6	4	-999	-999	2	0	0	0	0	0	0	0	0	
532	532	512	512	516	516	520	520	524	524	528	528	534	534	
532	532	512	512	516	516	520	520	524	524	528	528	534	534	
513	513	NULL	NULL	NULL	162	162	159	159	NULL	NULL	NULL	515	515	
513	513	NULL	NULL	NULL	162	162	159	159	NULL	NULL	NULL	515	515	
517	517	NULL	NULL	NULL	NULL	437	437	NULL	NULL	NULL	NULL	519	519	
517	517	NULL	NULL	NULL	NULL	437	437	NULL	NULL	NULL	NULL	519	519	
521	521	538	538	539	539	540	540	541	541	542	542	523	523	
521	521	538	538	539	539	540	540	541	541	542	542	523	523	
525	525	NULL	NULL	NULL	NULL	543	543	NULL	NULL	NULL	NULL	527	527	
525	525	NULL	NULL	NULL	NULL	543	543	NULL	NULL	NULL	NULL	527	527	
529	529	NULL	NULL	NULL	NULL	544	544	NULL	NULL	NULL	NULL	531	531	
529	529	NULL	NULL	NULL	NULL	544	544	NULL	NULL	NULL	NULL	531	531	
533	533	514	514	518	518	522	522	526	526	530	530	535	535	
533	533	514	514	518	518	522	522	526	526	530	530	535	535	
512	43	2	0	6	4	2	0	0	0	0	0	0	0	0	
513	43	0	2	6	4	2	0	0	0	0	0	0	0	0	
514	43	2	12	6	4	2	0	0	0	0	0	0	0	0	
515	43	12	2	6	4	2	0	0	0	0	0	0	0	0	
516	43	4	0	6	4	2	0	0	0	0	0	0	0	0	
517	43	0	4	6	4	2	0	0	0	0	0	0	0	0	
518	43	4	12	6	4	2	0	0	0	0	0	0	0	0	
519	43	12	4	6	4	2	0	0	0	0	0	0	0	0	
520	43	6	0	6	4	2	0	0	0	0	0	0	0	0	
521	42	0	6	6	4	2	0	0	0	0	0	0	0	0	
522	42	6	12	6	4	2	0	0	0	0	0	0	0	0	
523	42	12	6	6	4	2	0	0	0	0	0	0	0	0	
524	43	8	0	6	4	2	0	0	0	0	0	0	0	0	
525	43	0	8	6	4	2	0	0	0	0	0	0	0	0	
526	43	8	12	6	4	2	0	0	0	0	0	0	0	0	
527	43	12	8	6	4	2	0	0	0	0	0	0	0	0	
528	43	10	0	6	4	2	0	0	0	0	0	0	0	0	
529	43	0	10	6	4	2	0	0	0	0	0	0	0	0	
530	43	10	12	6	4	2	0	0	0	0	0	0	0	0	
531	43	12	10	6	4	2	0	0	0	0	0	0	0	0	
532	43	0	0	6	4	2	0	0	0	0	0	0	0	0	
533	43	0	12	6	4	2	0	0	0	0	0	0	0	0	
534	43	12	0	6	4	2	0	0	0	0	0	0	0	0	
535	43	12	12	6	4	2	0	0	0	0	0	0	0	0	
536	34	6	6	4	4	2	0	0	0	0	0	0	0	0	
537	37	10	6	4	4	2	0	0	0	0	0	0	0	0	
538	37	2	6	6	4	2	0	0	0	0	0	0	0	0	
539	58	4	6	6	4	2	0	0	0	0	0	0	0	0	
540	34	6	6	6	4	2	0	0	0	0	0	0	0	0	
541	56	8	6	6	4	2	0	0	0	0	0	0	0	0	
542	37	10	6	6	4	2	0	0	0	0	0	0	0	0	
543	57	6	8	6	4	2	0	0	0	0	0	0	0	0	
544	37	6	10	6	4	2	0	0	0	0	0	0	0	0	
545	32	8	4	-999	-999	2	0	0	0	0	0	0	0	0	
566	566	546	546	550	550	554	554	558	558	562	562	568	568	
566	566	546	546	550	550	554	554	558	558	562	562	568	568	
547	547	NULL	NULL	NULL	449	449	461	461	NULL	NULL	NULL	549	549	
547	547	NULL	NULL	NULL	449	449	461	461	NULL	NULL	NULL	549	549	
551	551	NULL	NULL	NULL	NULL	463	463	NULL	NULL	NULL	NULL	553	553	
551	551	NULL	NULL	NULL	NULL	463	463	NULL	NULL	NULL	NULL	553	553	
555	555	572	572	573	573	574	574	575	575	576	576	557	557	
555	555	572	572	573	573	574	574	575	575	576	576	557	557	
559	559	NULL	NULL	NULL	NULL	577	577	NULL	NULL	NULL	NULL	561	561	
559	559	NULL	NULL	NULL	NULL	577	577	NULL	NULL	NULL	NULL	561	561	
563	563	NULL	NULL	NULL	NULL	578	578	NULL	NULL	NULL	NULL	565	565	
563	563	NULL	NULL	NULL	NULL	578	578	NULL	NULL	NULL	NULL	565	565	
567	567	548	548	552	552	556	556	560	560	564	564	569	569	
567	567	548	548	552	552	556	556	560	560	564	564	569	569	
546	43	2	0	8	4	2	0	0	0	0	0	0	0	0	
547	43	0	2	8	4	2	0	0	0	0	0	0	0	0	
548	43	2	12	8	4	2	0	0	0	0	0	0	0	0	
549	43	12	2	8	4	2	0	0	0	0	0	0	0	0	
550	43	4	0	8	4	2	0	0	0	0	0	0	0	0	
551	43	0	4	8	4	2	0	0	0	0	0	0	0	0	
552	43	4	12	8	4	2	0	0	0	0	0	0	0	0	
553	43	12	4	8	4	2	0	0	0	0	0	0	0	0	
554	42	6	0	8	4	1	0	0	0	0	0	0	0	0	
555	42	0	6	8	4	2	0	0	0	0	0	0	0	0	
556	42	6	12	8	4	2	0	0	0	0	0	0	0	0	
557	42	12	6	8	4	2	0	0	0	0	0	0	0	0	
558	43	8	0	8	4	2	0	0	0	0	0	0	0	0	
559	43	0	8	8	4	2	0	0	0	0	0	0	0	0	
560	43	8	12	8	4	2	0	0	0	0	0	0	0	0	
561	43	12	8	8	4	2	0	0	0	0	0	0	0	0	
562	43	10	0	8	4	2	0	0	0	0	0	0	0	0	
563	43	0	10	8	4	2	0	0	0	0	0	0	0	0	
564	43	10	12	8	4	2	0	0	0	0	0	0	0	0	
565	43	12	10	8	4	2	0	0	0	0	0	0	0	0	
566	43	0	0	8	4	2	0	0	0	0	0	0	0	0	
567	43	0	12	8	4	2	0	0	0	0	0	0	0	0	
568	43	12	0	8	4	2	0	0	0	0	0	0	0	0	
569	43	12	12	8	4	2	0	0	0	0	0	0	0	0	
570	56	8	6	4	4	2	0	0	0	0	0	0	0	0	
571	57	6	8	4	4	2	0	0	0	0	0	0	0	0	
572	37	2	6	8	4	2	0	0	0	0	0	0	0	0	
573	58	4	6	8	4	2	0	0	0	0	0	0	0	0	
574	34	6	6	8	4	4	0	0	0	0	0	0	0	0	
575	56	8	6	8	4	2	0	0	0	0	0	0	0	0	
576	37	10	6	8	4	2	0	0	0	0	0	0	0	0	
577	57	6	8	8	4	2	0	0	0	0	0	0	0	0	
578	37	6	10	8	4	2	0	0	0	0	0	0	0	0	
579	32	10	4	-999	-999	2	0	0	0	0	0	0	0	0	
600	600	580	580	584	584	588	588	592	592	596	596	602	602	
600	600	580	580	584	584	588	588	592	592	596	596	602	602	
581	581	NULL	NULL	NULL	474	474	476	476	NULL	NULL	NULL	583	583	
581	581	NULL	NULL	NULL	474	474	476	476	NULL	NULL	NULL	583	583	
585	585	NULL	NULL	NULL	NULL	472	472	NULL	NULL	NULL	NULL	587	587	
585	585	NULL	NULL	NULL	NULL	472	472	NULL	NULL	450	450	587	587	
589	589	606	606	607	607	608	608	1008	1008	450	450	591	591	
589	589	606	606	607	607	608	608	1008	1008	467	467	591	591	
593	593	NULL	NULL	NULL	NULL	611	611	NULL	NULL	467	467	595	595	
593	593	NULL	NULL	NULL	NULL	611	611	NULL	NULL	NULL	NULL	595	595	
597	597	NULL	NULL	NULL	NULL	612	612	NULL	NULL	NULL	NULL	599	599	
597	597	NULL	NULL	NULL	NULL	612	612	NULL	NULL	NULL	NULL	599	599	
601	601	582	582	586	586	590	590	594	594	598	598	603	603	
601	601	582	582	586	586	590	590	594	594	598	598	603	603	
580	43	2	0	10	4	2	0	0	0	0	0	0	0	0	
581	43	0	2	10	4	2	0	0	0	0	0	0	0	0	
582	43	2	12	10	4	2	0	0	0	0	0	0	0	0	
583	43	12	2	10	4	2	0	0	0	0	0	0	0	0	
584	43	4	0	10	4	2	0	0	0	0	0	0	0	0	
585	43	0	4	10	4	2	0	0	0	0	0	0	0	0	
586	43	4	12	10	4	2	0	0	0	0	0	0	0	0	
587	43	12	4	10	4	2	0	0	0	0	0	0	0	0	
588	43	6	0	10	4	2	0	0	0	0	0	0	0	0	
589	42	0	6	10	4	2	0	0	0	0	0	0	0	0	
590	42	6	12	10	4	2	0	0	0	0	0	0	0	0	
591	43	12	6	10	4	2	0	0	0	0	0	0	0	0	
592	43	8	0	10	4	2	0	0	0	0	0	0	0	0	
593	43	0	8	10	4	2	0	0	0	0	0	0	0	0	
594	43	8	12	10	4	2	0	0	0	0	0	0	0	0	
595	43	12	8	10	4	2	0	0	0	0	0	0	0	0	
596	43	10	0	10	4	2	0	0	0	0	0	0	0	0	
597	43	0	10	10	4	2	0	0	0	0	0	0	0	0	
598	43	10	12	10	4	2	0	0	0	0	0	0	0	0	
599	43	12	10	10	4	2	0	0	0	0	0	0	0	0	
600	43	0	0	10	4	2	0	0	0	0	0	0	0	0	
601	43	0	12	10	4	2	0	0	0	0	0	0	0	0	
602	43	12	0	10	4	2	0	0	0	0	0	0	0	0	
603	43	12	12	10	4	2	0	0	0	0	0	0	0	0	
604	37	6	10	4	4	2	0	0	0	0	0	0	0	0	
605	43	12	12	4	4	2	0	0	0	0	0	0	0	0	
606	37	2	6	10	4	2	0	0	0	0	0	0	0	0	
607	58	4	6	10	4	2	0	0	0	0	0	0	0	0	
608	34	6	6	10	4	2	0	0	0	0	0	0	0	0	
609	43	12	0	4	4	2	0	0	0	0	0	0	0	0	
610	43	0	12	4	4	2	0	0	0	0	0	0	0	0	
611	57	6	8	10	4	2	0	0	0	0	0	0	0	0	
612	37	6	10	10	4	2	0	0	0	0	0	0	0	0	
613	32	10	6	-999	-999	2	0	0	0	0	0	0	0	0	
634	634	614	614	618	618	622	622	626	626	630	630	636	636	
634	634	614	614	618	618	622	622	626	626	630	630	636	636	
615	615	NULL	NULL	NULL	NULL	638	638	NULL	NULL	NULL	NULL	617	617	
615	615	NULL	NULL	NULL	NULL	638	638	NULL	NULL	NULL	NULL	617	617	
619	619	NULL	NULL	NULL	NULL	639	639	NULL	NULL	NULL	NULL	621	621	
619	619	NULL	NULL	NULL	NULL	639	639	NULL	NULL	1007	1007	621	621	
623	623	640	640	641	641	642	642	1011	1011	1007	1007	625	625	
623	623	640	640	641	641	642	642	1011	1011	457	457	625	625	
627	627	NULL	NULL	NULL	NULL	645	645	NULL	NULL	457	457	629	629	
627	627	NULL	NULL	NULL	NULL	645	645	NULL	NULL	NULL	NULL	629	629	
631	631	NULL	NULL	NULL	NULL	646	646	NULL	NULL	NULL	NULL	633	633	
631	631	NULL	NULL	NULL	NULL	646	646	NULL	NULL	NULL	NULL	633	633	
635	635	616	616	620	620	624	624	628	628	632	632	637	637	
635	635	616	616	620	620	624	624	628	628	632	632	637	637	
614	43	2	0	10	6	2	0	0	0	0	0	0	0	0	
615	43	0	2	10	6	2	0	0	0	0	0	0	0	0	
616	43	2	12	10	6	2	0	0	0	0	0	0	0	0	
617	43	12	2	10	6	2	0	0	0	0	0	0	0	0	
618	43	4	0	10	6	2	0	0	0	0	0	0	0	0	
619	43	0	4	10	6	2	0	0	0	0	0	0	0	0	
620	43	4	12	10	6	2	0	0	0	0	0	0	0	0	
621	43	12	4	10	6	2	0	0	0	0	0	0	0	0	
622	42	6	0	10	6	2	0	0	0	0	0	0	0	0	
623	42	0	6	10	6	2	0	0	0	0	0	0	0	0	
624	42	6	12	10	6	2	0	0	0	0	0	0	0	0	
625	43	12	6	10	6	2	0	0	0	0	0	0	0	0	
626	43	8	0	10	6	2	0	0	0	0	0	0	0	0	
627	43	0	8	10	6	2	0	0	0	0	0	0	0	0	
628	43	8	12	10	6	2	0	0	0	0	0	0	0	0	
629	43	12	8	10	6	2	0	0	0	0	0	0	0	0	
630	43	10	0	10	6	2	0	0	0	0	0	0	0	0	
631	43	0	10	10	6	2	0	0	0	0	0	0	0	0	
632	43	10	12	10	6	2	0	0	0	0	0	0	0	0	
633	43	12	10	10	6	2	0	0	0	0	0	0	0	0	
634	43	0	0	10	6	2	0	0	0	0	0	0	0	0	
635	43	0	12	10	6	2	0	0	0	0	0	0	0	0	
636	43	12	0	10	6	2	0	0	0	0	0	0	0	0	
637	43	12	12	10	6	2	0	0	0	0	0	0	0	0	
638	37	6	2	10	6	2	0	0	0	0	0	0	0	0	
639	55	6	4	10	6	2	0	0	0	0	0	0	0	0	
640	37	2	6	10	6	2	0	0	0	0	0	0	0	0	
641	58	4	6	10	6	2	0	0	0	0	0	0	0	0	
642	34	6	6	10	6	2	0	0	0	0	0	0	0	0	
643	43	12	10	4	4	2	0	0	0	0	0	0	0	0	
644	43	0	0	4	4	2	0	0	0	0	0	0	0	0	
645	57	6	8	10	6	2	0	0	0	0	0	0	0	0	
646	37	6	10	10	6	2	0	0	0	0	0	0	0	0	
647	32	8	6	-999	-999	2	0	0	0	0	0	0	0	0	
668	668	648	648	652	652	656	656	660	660	664	664	670	670	
668	668	648	648	652	652	656	656	660	660	664	664	670	670	
649	649	NULL	NULL	NULL	NULL	672	672	NULL	NULL	NULL	NULL	651	651	
649	649	NULL	NULL	NULL	NULL	672	672	NULL	NULL	NULL	NULL	651	651	
653	653	NULL	NULL	NULL	NULL	673	673	NULL	NULL	NULL	NULL	655	655	
653	653	NULL	NULL	NULL	NULL	673	673	NULL	NULL	NULL	NULL	655	655	
657	657	674	674	675	675	676	676	677	677	678	678	659	659	
657	657	674	674	675	675	676	676	677	677	678	678	659	659	
661	661	NULL	NULL	NULL	NULL	679	679	NULL	NULL	NULL	NULL	663	663	
661	661	NULL	NULL	NULL	NULL	679	679	NULL	NULL	NULL	NULL	663	663	
665	665	NULL	NULL	NULL	NULL	680	680	NULL	NULL	NULL	NULL	667	667	
665	665	NULL	NULL	NULL	NULL	680	680	NULL	NULL	NULL	NULL	667	667	
669	669	650	650	654	654	658	658	662	662	666	666	671	671	
669	669	650	650	654	654	658	658	662	662	666	666	671	671	
648	43	2	0	8	6	2	0	0	0	0	0	0	0	0	
649	43	0	2	8	6	2	0	0	0	0	0	0	0	0	
650	43	2	12	8	6	2	0	0	0	0	0	0	0	0	
651	43	12	2	8	6	2	0	0	0	0	0	0	0	0	
652	43	4	0	8	6	2	0	0	0	0	0	0	0	0	
653	43	0	4	8	6	2	0	0	0	0	0	0	0	0	
654	43	4	12	8	6	2	0	0	0	0	0	0	0	0	
655	43	12	4	8	6	2	0	0	0	0	0	0	0	0	
656	42	6	0	8	6	2	0	0	0	0	0	0	0	0	
657	42	0	6	8	6	2	0	0	0	0	0	0	0	0	
658	42	6	12	8	6	2	0	0	0	0	0	0	0	0	
659	42	12	6	8	6	2	0	0	0	0	0	0	0	0	
660	43	8	0	8	6	2	0	0	0	0	0	0	0	0	
661	43	0	8	8	6	2	0	0	0	0	0	0	0	0	
662	43	8	12	8	6	2	0	0	0	0	0	0	0	0	
663	43	12	8	8	6	2	0	0	0	0	0	0	0	0	
664	43	10	0	8	6	2	0	0	0	0	0	0	0	0	
665	43	0	10	8	6	2	0	0	0	0	0	0	0	0	
666	43	10	12	8	6	2	0	0	0	0	0	0	0	0	
667	43	12	10	8	6	2	0	0	0	0	0	0	0	0	
668	43	0	0	8	6	2	0	0	0	0	0	0	0	0	
669	43	0	12	8	6	2	0	0	0	0	0	0	0	0	
670	43	12	0	8	6	2	0	0	0	0	0	0	0	0	
671	43	12	12	8	6	2	0	0	0	0	0	0	0	0	
672	37	6	2	8	6	2	0	0	0	0	0	0	0	0	
673	55	6	4	8	6	2	0	0	0	0	0	0	0	0	
674	37	2	6	8	6	2	0	0	0	0	0	0	0	0	
675	58	4	6	8	6	2	0	0	0	0	0	0	0	0	
676	34	6	6	8	6	2	0	0	0	0	0	0	0	0	
677	56	8	6	8	6	2	0	0	0	0	0	0	0	0	
678	37	10	6	8	6	2	0	0	0	0	0	0	0	0	
679	57	6	8	8	6	2	0	0	0	0	0	0	0	0	
680	37	6	10	8	6	2	0	0	0	0	0	0	0	0	
681	32	6	6	-999	-999	2	0	0	0	0	0	0	0	0	
702	702	682	682	686	686	690	690	694	694	698	698	704	704	
702	702	682	682	686	686	690	690	694	694	698	698	704	704	
683	683	NULL	NULL	NULL	NULL	706	706	NULL	NULL	NULL	NULL	685	685	
683	683	NULL	NULL	NULL	NULL	706	706	NULL	NULL	NULL	NULL	685	685	
687	687	NULL	NULL	NULL	NULL	707	707	NULL	NULL	NULL	NULL	689	689	
687	687	NULL	NULL	NULL	NULL	707	707	NULL	NULL	NULL	NULL	689	689	
691	691	708	708	709	709	710	710	711	711	712	712	693	693	
691	691	708	708	709	709	710	710	711	711	712	712	693	693	
695	695	NULL	NULL	NULL	NULL	713	713	NULL	NULL	NULL	NULL	697	697	
695	695	NULL	NULL	NULL	NULL	713	713	NULL	NULL	NULL	NULL	697	697	
699	699	NULL	NULL	NULL	NULL	714	714	NULL	NULL	NULL	NULL	701	701	
699	699	NULL	NULL	NULL	NULL	714	714	NULL	NULL	NULL	NULL	701	701	
703	703	684	684	688	688	692	692	696	696	700	700	705	705	
703	703	684	684	688	688	692	692	696	696	700	700	705	705	
682	43	2	0	6	6	2	0	0	0	0	0	0	0	0	
683	43	0	2	6	6	2	0	0	0	0	0	0	0	0	
684	43	2	12	6	6	2	0	0	0	0	0	0	0	0	
685	43	12	2	6	6	2	0	0	0	0	0	0	0	0	
686	43	4	0	6	6	2	0	0	0	0	0	0	0	0	
687	43	0	4	6	6	2	0	0	0	0	0	0	0	0	
688	43	4	12	6	6	2	0	0	0	0	0	0	0	0	
689	43	12	4	6	6	2	0	0	0	0	0	0	0	0	
690	42	6	0	6	6	2	0	0	0	0	0	0	0	0	
691	42	0	6	6	6	2	0	0	0	0	0	0	0	0	
692	42	6	12	6	6	2	0	0	0	0	0	0	0	0	
693	42	12	6	6	6	2	0	0	0	0	0	0	0	0	
694	43	8	0	6	6	2	0	0	0	0	0	0	0	0	
695	43	0	8	6	6	2	0	0	0	0	0	0	0	0	
696	43	8	12	6	6	2	0	0	0	0	0	0	0	0	
697	43	12	8	6	6	2	0	0	0	0	0	0	0	0	
698	43	10	0	6	6	2	0	0	0	0	0	0	0	0	
699	43	0	10	6	6	2	0	0	0	0	0	0	0	0	
700	43	10	12	6	6	2	0	0	0	0	0	0	0	0	
701	43	12	10	6	6	2	0	0	0	0	0	0	0	0	
702	43	0	0	6	6	2	0	0	0	0	0	0	0	0	
703	43	0	12	6	6	2	0	0	0	0	0	0	0	0	
704	43	12	0	6	6	2	0	0	0	0	0	0	0	0	
705	43	12	12	6	6	2	0	0	0	0	0	0	0	0	
706	37	6	2	6	6	2	0	0	0	0	0	0	0	0	
707	55	6	4	6	6	2	0	0	0	0	0	0	0	0	
708	37	2	6	6	6	2	0	0	0	0	0	0	0	0	
709	58	4	6	6	6	2	0	0	0	0	0	0	0	0	
710	34	6	6	6	6	2	0	0	0	0	0	0	0	0	
711	56	8	6	6	6	2	0	0	0	0	0	0	0	0	
712	37	10	6	6	6	2	0	0	0	0	0	0	0	0	
713	57	6	8	6	6	2	0	0	0	0	0	0	0	0	
714	37	6	10	6	6	2	0	0	0	0	0	0	0	0	
715	32	8	10	-999	-999	2	0	0	0	0	0	0	0	0	
736	736	716	716	720	720	724	724	728	728	732	732	738	738	
736	736	716	716	720	720	724	724	728	728	732	732	738	738	
717	717	NULL	NULL	NULL	NULL	740	740	NULL	NULL	NULL	NULL	719	719	
717	717	NULL	NULL	NULL	NULL	740	740	NULL	NULL	NULL	NULL	719	719	
721	721	NULL	NULL	NULL	NULL	741	741	NULL	NULL	NULL	NULL	723	723	
721	721	NULL	NULL	NULL	NULL	741	741	NULL	NULL	NULL	NULL	723	723	
725	725	742	742	743	743	846	846	745	745	746	746	727	727	
725	725	742	742	743	743	846	846	745	745	746	746	727	727	
729	729	NULL	NULL	NULL	NULL	747	747	NULL	NULL	NULL	NULL	731	731	
729	729	NULL	NULL	NULL	NULL	747	747	NULL	NULL	NULL	NULL	731	731	
733	733	NULL	NULL	NULL	NULL	748	748	NULL	NULL	NULL	NULL	735	735	
733	733	NULL	NULL	NULL	NULL	748	748	NULL	NULL	NULL	NULL	735	735	
737	737	718	718	722	722	726	726	730	730	734	734	739	739	
737	737	718	718	722	722	726	726	730	730	734	734	739	739	
716	43	2	0	8	10	2	0	0	0	0	0	0	0	0	
717	43	0	2	8	10	2	0	0	0	0	0	0	0	0	
718	43	2	12	8	10	2	0	0	0	0	0	0	0	0	
719	43	12	2	8	10	2	0	0	0	0	0	0	0	0	
720	43	4	0	8	10	2	0	0	0	0	0	0	0	0	
721	43	0	4	8	10	2	0	0	0	0	0	0	0	0	
722	43	4	12	8	10	2	0	0	0	0	0	0	0	0	
723	43	12	4	8	10	2	0	0	0	0	0	0	0	0	
724	42	6	0	8	10	2	0	0	0	0	0	0	0	0	
725	42	0	6	8	10	2	0	0	0	0	0	0	0	0	
726	42	6	12	8	10	2	0	0	0	0	0	0	0	0	
727	42	12	6	8	10	2	0	0	0	0	0	0	0	0	
728	43	8	0	8	10	2	0	0	0	0	0	0	0	0	
729	43	0	8	8	10	2	0	0	0	0	0	0	0	0	
730	43	8	12	8	10	2	0	0	0	0	0	0	0	0	
731	43	12	8	8	10	2	0	0	0	0	0	0	0	0	
732	43	10	0	8	10	2	0	0	0	0	0	0	0	0	
733	43	0	10	8	10	2	0	0	0	0	0	0	0	0	
734	43	10	12	8	10	2	0	0	0	0	0	0	0	0	
735	43	12	10	8	10	2	0	0	0	0	0	0	0	0	
736	43	0	0	8	10	2	0	0	0	0	0	0	0	0	
737	43	0	12	8	10	2	0	0	0	0	0	0	0	0	
738	43	12	0	8	10	2	0	0	0	0	0	0	0	0	
739	43	12	12	8	10	2	0	0	0	0	0	0	0	0	
740	37	6	2	8	10	2	0	0	0	0	0	0	0	0	
741	55	6	4	8	10	2	0	0	0	0	0	0	0	0	
742	37	2	6	8	10	2	0	0	0	0	0	0	0	0	
743	58	4	6	8	10	2	0	0	0	0	0	0	0	0	
744	13	6	6	6	10	2	100000	0	0	0	0	0	0	0	
745	56	8	6	8	10	2	0	0	0	0	0	0	0	0	
746	37	10	6	8	10	2	0	0	0	0	0	0	0	0	
747	57	6	8	8	10	2	0	0	0	0	0	0	0	0	
748	37	6	10	8	10	2	0	0	0	0	0	0	0	0	
749	43	0	0	8	16	2	0	0	0	0	0	0	0	0	
750	43	8	0	8	16	2	0	0	0	0	0	0	0	0	
751	43	12	0	8	18	2	0	0	0	0	0	0	0	0	
752	42	0	6	8	14	2	0	0	0	0	0	0	0	0	
753	43	8	12	8	16	2	0	0	0	0	0	0	0	0	
754	56	8	6	8	18	2	0	0	0	0	0	0	0	0	
755	43	0	4	8	16	2	0	0	0	0	0	0	0	0	
756	43	12	10	8	16	2	0	0	0	0	0	0	0	0	
757	43	12	4	8	16	2	0	0	0	0	0	0	0	0	
758	43	0	12	8	18	2	0	0	0	0	0	0	0	0	
759	43	12	8	8	16	2	0	0	0	0	0	0	0	0	
760	42	12	6	8	14	2	0	0	0	0	0	0	0	0	
761	58	4	6	8	16	2	0	0	0	0	0	0	0	0	
762	40	0	6	-999	-999	2	0	0	0	0	0	0	0	0	
763	37	10	6	8	16	2	0	0	0	0	0	0	0	0	
764	55	6	4	8	16	2	0	0	0	0	0	0	0	0	
765	43	2	0	8	14	2	0	0	0	0	0	0	0	0	
766	43	0	8	8	16	2	0	0	0	0	0	0	0	0	
767	43	0	2	8	14	2	0	0	0	0	0	0	0	0	
768	43	0	10	8	14	2	0	0	0	0	0	0	0	0	
769	43	12	2	8	14	2	0	0	0	0	0	0	0	0	
770	34	6	6	8	18	2	0	0	0	0	0	0	0	0	
771	43	4	12	8	14	2	0	0	0	0	0	0	0	0	
772	37	10	6	4	16	2	0	0	0	0	0	0	0	0	
773	37	2	6	8	16	2	0	0	0	0	0	0	0	0	
774	43	4	0	8	16	2	0	0	0	0	0	0	0	0	
775	43	12	12	8	18	2	0	0	0	0	0	0	0	0	
776	42	6	0	8	16	2	0	0	0	0	0	0	0	0	
777	37	6	2	8	18	2	0	0	0	0	0	0	0	0	
778	42	6	12	8	16	2	0	0	0	0	0	0	0	0	
779	43	10	0	8	16	2	0	0	0	0	0	0	0	0	
780	43	10	12	8	18	2	0	0	0	0	0	0	0	0	
781	32	8	14	-999	-999	2	0	0	0	0	0	0	0	0	
802	802	765	765	808	808	810	810	784	784	813	813	794	794	
802	802	765	765	808	808	810	810	784	784	813	813	794	794	
767	767	NULL	NULL	NULL	NULL	786	786	NULL	NULL	NULL	NULL	769	769	
767	767	NULL	NULL	NULL	NULL	786	786	NULL	NULL	NULL	NULL	769	769	
789	789	NULL	NULL	NULL	NULL	805	805	NULL	NULL	NULL	NULL	791	791	
789	789	NULL	NULL	NULL	NULL	805	805	NULL	NULL	NULL	NULL	791	791	
752	752	803	803	816	816	801	801	799	799	815	815	760	760	
752	752	803	803	816	816	801	801	799	799	815	815	760	760	
800	800	NULL	NULL	NULL	NULL	797	797	NULL	NULL	NULL	NULL	793	793	
800	800	NULL	NULL	NULL	NULL	797	797	NULL	NULL	NULL	NULL	793	793	
768	768	NULL	NULL	NULL	NULL	795	795	NULL	NULL	NULL	NULL	807	807	
768	768	NULL	NULL	NULL	NULL	795	795	NULL	NULL	NULL	NULL	807	807	
798	798	782	782	771	771	812	812	787	787	783	783	790	790	
798	798	782	782	771	771	812	812	787	787	783	783	790	790	
782	43	2	12	8	14	2	0	0	0	0	0	0	0	0	
783	43	10	12	8	14	2	0	0	0	0	0	0	0	0	
784	43	8	0	8	14	2	0	0	0	0	0	0	0	0	
785	43	12	0	8	16	2	0	0	0	0	0	0	0	0	
786	37	6	2	8	14	2	0	0	0	0	0	0	0	0	
787	43	8	12	8	14	2	0	0	0	0	0	0	0	0	
788	56	8	6	8	16	2	0	0	0	0	0	0	0	0	
789	43	0	4	8	14	2	0	0	0	0	0	0	0	0	
790	43	12	12	8	14	2	0	0	0	0	0	0	0	0	
791	43	12	4	8	14	2	0	0	0	0	0	0	0	0	
792	43	0	12	8	16	2	0	0	0	0	0	0	0	0	
793	43	12	8	8	14	2	0	0	0	0	0	0	0	0	
794	43	12	0	8	14	2	0	0	0	0	0	0	0	0	
795	37	6	10	8	14	2	0	0	0	0	0	0	0	0	
796	57	6	8	8	16	2	0	0	0	0	0	0	0	0	
797	57	6	8	8	14	2	0	0	0	0	0	0	0	0	
798	43	0	12	8	14	2	0	0	0	0	0	0	0	0	
799	56	8	6	8	14	2	0	0	0	0	0	0	0	0	
800	43	0	8	8	14	2	0	0	0	0	0	0	0	0	
801	34	6	6	8	14	2	0	0	0	0	0	0	0	0	
802	43	0	0	8	14	2	0	0	0	0	0	0	0	0	
803	37	2	6	8	14	2	0	0	0	0	0	0	0	0	
804	34	6	6	8	16	2	0	0	0	0	0	0	0	0	
805	55	6	4	8	14	2	0	0	0	0	0	0	0	0	
806	37	6	10	8	16	2	0	0	0	0	0	0	0	0	
807	43	12	10	8	14	2	0	0	0	0	0	0	0	0	
808	43	4	0	8	14	2	0	0	0	0	0	0	0	0	
809	43	12	12	8	16	2	0	0	0	0	0	0	0	0	
810	42	6	0	8	14	2	0	0	0	0	0	0	0	0	
811	37	6	2	8	16	2	0	0	0	0	0	0	0	0	
812	42	6	12	8	14	2	0	0	0	0	0	0	0	0	
813	43	10	0	8	14	2	0	0	0	0	0	0	0	0	
814	43	10	12	8	16	2	0	0	0	0	0	0	0	0	
815	37	10	6	8	14	2	0	0	0	0	0	0	0	0	
816	58	4	6	8	14	2	0	0	0	0	0	0	0	0	
817	32	8	12	-999	-999	2	0	0	0	0	0	0	0	0	
838	838	818	818	822	822	826	826	830	830	834	834	840	840	
838	838	818	818	822	822	826	826	830	830	834	834	840	840	
819	819	NULL	NULL	NULL	NULL	842	842	NULL	NULL	NULL	NULL	821	821	
819	819	NULL	NULL	NULL	NULL	842	842	NULL	NULL	NULL	NULL	821	821	
823	823	NULL	NULL	NULL	NULL	843	843	NULL	NULL	NULL	NULL	825	825	
823	823	NULL	NULL	NULL	NULL	843	843	NULL	NULL	NULL	NULL	825	825	
827	827	844	844	845	845	154	154	847	847	848	848	829	829	
827	827	844	844	845	845	154	154	847	847	848	848	829	829	
831	831	NULL	NULL	NULL	NULL	849	849	NULL	NULL	NULL	NULL	833	833	
831	831	NULL	NULL	NULL	NULL	849	849	NULL	NULL	NULL	NULL	833	833	
835	835	NULL	NULL	NULL	NULL	850	850	NULL	NULL	NULL	NULL	837	837	
835	835	NULL	NULL	NULL	NULL	850	850	NULL	NULL	NULL	NULL	837	837	
839	839	820	820	824	824	828	828	832	832	836	836	841	841	
839	839	820	820	824	824	828	828	832	832	836	836	841	841	
818	43	2	0	8	12	2	0	0	0	0	0	0	0	0	
819	43	0	2	8	12	2	0	0	0	0	0	0	0	0	
820	43	2	12	8	12	2	0	0	0	0	0	0	0	0	
821	43	12	2	8	12	2	0	0	0	0	0	0	0	0	
822	43	4	0	8	12	2	0	0	0	0	0	0	0	0	
823	43	0	4	8	12	2	0	0	0	0	0	0	0	0	
824	43	4	12	8	12	2	0	0	0	0	0	0	0	0	
825	43	12	4	8	12	2	0	0	0	0	0	0	0	0	
826	42	6	0	8	12	2	0	0	0	0	0	0	0	0	
827	42	0	6	8	12	2	0	0	0	0	0	0	0	0	
828	42	6	12	8	12	2	0	0	0	0	0	0	0	0	
829	42	12	6	8	12	2	0	0	0	0	0	0	0	0	
830	43	8	0	8	12	2	0	0	0	0	0	0	0	0	
831	43	0	8	8	12	2	0	0	0	0	0	0	0	0	
832	43	8	12	8	12	2	0	0	0	0	0	0	0	0	
833	43	12	8	8	12	2	0	0	0	0	0	0	0	0	
834	43	10	0	8	12	2	0	0	0	0	0	0	0	0	
835	43	0	10	8	12	2	0	0	0	0	0	0	0	0	
836	43	10	12	8	12	2	0	0	0	0	0	0	0	0	
837	43	12	10	8	12	2	0	0	0	0	0	0	0	0	
838	43	0	0	8	12	2	0	0	0	0	0	0	0	0	
839	43	0	12	8	12	2	0	0	0	0	0	0	0	0	
840	43	12	0	8	12	2	0	0	0	0	0	0	0	0	
841	43	12	12	8	12	2	0	0	0	0	0	0	0	0	
842	37	6	2	8	12	2	0	0	0	0	0	0	0	0	
843	55	6	4	8	12	2	0	0	0	0	0	0	0	0	
844	37	2	6	8	12	2	0	0	0	0	0	0	0	0	
845	58	4	6	8	12	2	0	0	0	0	0	0	0	0	
846	14	6	6	8	10	2	100000	0	0	0	0	0	0	0	
847	56	8	6	8	12	2	0	0	0	0	0	0	0	0	
848	37	10	6	8	12	2	0	0	0	0	0	0	0	0	
849	57	6	8	8	12	2	0	0	0	0	0	0	0	0	
850	37	6	10	8	12	2	0	0	0	0	0	0	0	0	
851	32	6	12	-999	-999	2	0	0	0	0	0	0	0	0	
872	872	852	852	856	856	860	860	864	864	868	868	874	874	
872	872	852	852	856	856	860	860	864	864	868	868	874	874	
853	853	NULL	NULL	NULL	NULL	876	876	NULL	NULL	NULL	NULL	855	855	
853	853	NULL	NULL	NULL	NULL	876	876	NULL	NULL	NULL	NULL	855	855	
857	857	NULL	NULL	NULL	NULL	877	877	NULL	NULL	NULL	NULL	859	859	
857	857	NULL	NULL	NULL	NULL	877	877	NULL	NULL	NULL	NULL	859	859	
861	861	878	878	879	879	13	13	881	881	882	882	863	863	
861	861	878	878	879	879	13	13	881	881	882	882	863	863	
865	865	NULL	NULL	NULL	NULL	883	883	NULL	NULL	NULL	NULL	867	867	
865	865	NULL	NULL	NULL	NULL	883	883	NULL	NULL	NULL	NULL	867	867	
869	869	NULL	NULL	NULL	NULL	884	884	NULL	NULL	NULL	NULL	871	871	
869	869	NULL	NULL	NULL	NULL	884	884	NULL	NULL	NULL	NULL	871	871	
873	873	854	854	858	858	862	862	866	866	870	870	875	875	
873	873	854	854	858	858	862	862	866	866	870	870	875	875	
852	43	2	0	6	12	2	0	0	0	0	0	0	0	0	
853	43	0	2	6	12	2	0	0	0	0	0	0	0	0	
854	43	2	12	6	12	2	0	0	0	0	0	0	0	0	
855	43	12	2	6	12	2	0	0	0	0	0	0	0	0	
856	43	4	0	6	12	2	0	0	0	0	0	0	0	0	
857	43	0	4	6	12	2	0	0	0	0	0	0	0	0	
858	43	4	12	6	12	2	0	0	0	0	0	0	0	0	
859	43	12	4	6	12	2	0	0	0	0	0	0	0	0	
860	42	6	0	6	12	2	0	0	0	0	0	0	0	0	
861	42	0	6	6	12	2	0	0	0	0	0	0	0	0	
862	42	6	12	6	12	2	0	0	0	0	0	0	0	0	
863	42	12	6	6	12	2	0	0	0	0	0	0	0	0	
864	43	8	0	6	12	2	0	0	0	0	0	0	0	0	
865	43	0	8	6	12	2	0	0	0	0	0	0	0	0	
866	43	8	12	6	12	2	0	0	0	0	0	0	0	0	
867	43	12	8	6	12	2	0	0	0	0	0	0	0	0	
868	43	10	0	6	12	2	0	0	0	0	0	0	0	0	
869	43	0	10	6	12	2	0	0	0	0	0	0	0	0	
870	43	10	12	6	12	2	0	0	0	0	0	0	0	0	
871	43	12	10	6	12	2	0	0	0	0	0	0	0	0	
872	43	0	0	6	12	2	0	0	0	0	0	0	0	0	
873	43	0	12	6	12	2	0	0	0	0	0	0	0	0	
874	43	12	0	6	12	2	0	0	0	0	0	0	0	0	
875	43	12	12	6	12	2	0	0	0	0	0	0	0	0	
876	37	6	2	6	12	2	0	0	0	0	0	0	0	0	
877	55	6	4	6	12	2	0	0	0	0	0	0	0	0	
878	37	2	6	6	12	2	0	0	0	0	0	0	0	0	
879	58	4	6	6	12	2	0	0	0	0	0	0	0	0	
880	43	12	12	8	2	2	0	0	0	0	0	0	0	0	
881	56	8	6	6	12	2	0	0	0	0	0	0	0	0	
882	37	10	6	6	12	2	0	0	0	0	0	0	0	0	
883	57	6	8	6	12	2	0	0	0	0	0	0	0	0	
884	37	6	10	6	12	2	0	0	0	0	0	0	0	0	
885	32	6	14	-999	-999	2	0	0	0	0	0	0	0	0	
906	906	886	886	890	890	894	894	898	898	902	902	908	908	
906	906	886	886	890	890	894	894	898	898	902	902	908	908	
887	887	NULL	NULL	NULL	NULL	910	910	NULL	NULL	NULL	NULL	889	889	
887	887	NULL	NULL	NULL	NULL	910	910	NULL	NULL	NULL	NULL	889	889	
891	891	NULL	NULL	NULL	NULL	911	911	NULL	NULL	NULL	NULL	893	893	
891	891	NULL	NULL	NULL	NULL	911	911	NULL	NULL	NULL	NULL	893	893	
895	895	912	912	913	913	914	914	915	915	916	916	897	897	
895	895	912	912	913	913	914	914	915	915	916	916	897	897	
899	899	NULL	NULL	NULL	NULL	917	917	NULL	NULL	NULL	NULL	901	901	
899	899	NULL	NULL	NULL	NULL	917	917	NULL	NULL	NULL	NULL	901	901	
903	903	NULL	NULL	NULL	NULL	918	918	NULL	NULL	NULL	NULL	905	905	
903	903	NULL	NULL	NULL	NULL	918	918	NULL	NULL	NULL	NULL	905	905	
907	907	888	888	892	892	896	896	900	900	904	904	909	909	
907	907	888	888	892	892	896	896	900	900	904	904	909	909	
886	43	2	0	6	14	2	0	0	0	0	0	0	0	0	
887	43	0	2	6	14	2	0	0	0	0	0	0	0	0	
888	43	2	12	6	14	2	0	0	0	0	0	0	0	0	
889	43	12	2	6	14	2	0	0	0	0	0	0	0	0	
890	43	4	0	6	14	2	0	0	0	0	0	0	0	0	
891	43	0	4	6	14	2	0	0	0	0	0	0	0	0	
892	43	4	12	6	14	2	0	0	0	0	0	0	0	0	
893	43	12	4	6	14	2	0	0	0	0	0	0	0	0	
894	42	6	0	6	14	2	0	0	0	0	0	0	0	0	
895	42	0	6	6	14	2	0	0	0	0	0	0	0	0	
896	42	6	12	6	14	2	0	0	0	0	0	0	0	0	
897	42	12	6	6	14	2	0	0	0	0	0	0	0	0	
898	43	8	0	6	14	2	0	0	0	0	0	0	0	0	
899	43	0	8	6	14	2	0	0	0	0	0	0	0	0	
900	43	8	12	6	14	2	0	0	0	0	0	0	0	0	
901	43	12	8	6	14	2	0	0	0	0	0	0	0	0	
902	43	10	0	6	14	2	0	0	0	0	0	0	0	0	
903	43	0	10	6	14	2	0	0	0	0	0	0	0	0	
904	43	10	12	6	14	2	0	0	0	0	0	0	0	0	
905	43	12	10	6	14	2	0	0	0	0	0	0	0	0	
906	43	0	0	6	14	2	0	0	0	0	0	0	0	0	
907	43	0	12	6	14	2	0	0	0	0	0	0	0	0	
908	43	12	0	6	14	2	0	0	0	0	0	0	0	0	
909	43	12	12	6	14	2	0	0	0	0	0	0	0	0	
910	37	6	2	6	14	2	0	0	0	0	0	0	0	0	
911	55	6	4	6	14	2	0	0	0	0	0	0	0	0	
912	37	2	6	6	14	2	0	0	0	0	0	0	0	0	
913	58	4	6	6	14	2	0	0	0	0	0	0	0	0	
914	34	6	6	6	14	2	0	0	0	0	0	0	0	0	
915	56	8	6	6	14	2	0	0	0	0	0	0	0	0	
916	37	10	6	6	14	2	0	0	0	0	0	0	0	0	
917	57	6	8	6	14	2	0	0	0	0	0	0	0	0	
918	37	6	10	6	14	2	0	0	0	0	0	0	0	0	
919	32	6	16	-999	-999	2	0	0	0	0	0	0	0	0	
940	940	920	920	924	924	928	928	932	932	936	936	942	942	
940	940	920	920	924	924	928	928	932	932	936	936	942	942	
921	921	NULL	NULL	NULL	NULL	944	944	NULL	NULL	NULL	NULL	923	923	
921	921	NULL	NULL	NULL	NULL	944	944	NULL	NULL	NULL	NULL	923	923	
925	925	NULL	NULL	NULL	NULL	945	945	NULL	NULL	NULL	NULL	927	927	
925	925	NULL	NULL	NULL	NULL	945	945	NULL	NULL	NULL	NULL	927	927	
929	929	946	946	947	947	948	948	949	949	950	950	931	931	
929	929	946	946	947	947	948	948	949	949	950	950	931	931	
933	933	NULL	NULL	NULL	NULL	951	951	NULL	NULL	NULL	NULL	935	935	
933	933	NULL	NULL	NULL	NULL	951	951	NULL	NULL	NULL	NULL	935	935	
937	937	NULL	NULL	NULL	NULL	952	952	NULL	NULL	NULL	NULL	939	939	
937	937	NULL	NULL	NULL	NULL	952	952	NULL	NULL	NULL	NULL	939	939	
941	941	922	922	926	926	930	930	934	934	938	938	943	943	
941	941	922	922	926	926	930	930	934	934	938	938	943	943	
920	43	2	0	6	16	2	0	0	0	0	0	0	0	0	
921	43	0	2	6	16	2	0	0	0	0	0	0	0	0	
922	43	2	12	6	16	2	0	0	0	0	0	0	0	0	
923	43	12	2	6	16	2	0	0	0	0	0	0	0	0	
924	43	4	0	6	16	2	0	0	0	0	0	0	0	0	
925	43	0	4	6	16	2	0	0	0	0	0	0	0	0	
926	43	4	12	6	16	2	0	0	0	0	0	0	0	0	
927	43	12	4	6	16	2	0	0	0	0	0	0	0	0	
928	42	6	0	6	16	2	0	0	0	0	0	0	0	0	
929	42	0	6	6	16	2	0	0	0	0	0	0	0	0	
930	42	6	12	6	16	2	0	0	0	0	0	0	0	0	
931	42	12	6	6	16	2	0	0	0	0	0	0	0	0	
932	43	8	0	6	16	2	0	0	0	0	0	0	0	0	
933	43	0	8	6	16	2	0	0	0	0	0	0	0	0	
934	43	8	12	6	16	2	0	0	0	0	0	0	0	0	
935	43	12	8	6	16	2	0	0	0	0	0	0	0	0	
936	43	10	0	6	16	2	0	0	0	0	0	0	0	0	
937	43	0	10	6	16	2	0	0	0	0	0	0	0	0	
938	43	10	12	6	16	2	0	0	0	0	0	0	0	0	
939	43	12	10	6	16	2	0	0	0	0	0	0	0	0	
940	43	0	0	6	16	2	0	0	0	0	0	0	0	0	
941	43	0	12	6	16	2	0	0	0	0	0	0	0	0	
942	43	12	0	6	16	2	0	0	0	0	0	0	0	0	
943	43	12	12	6	16	2	0	0	0	0	0	0	0	0	
944	37	6	2	6	16	2	0	0	0	0	0	0	0	0	
945	55	6	4	6	16	2	0	0	0	0	0	0	0	0	
946	37	2	6	6	16	2	0	0	0	0	0	0	0	0	
947	58	4	6	6	16	2	0	0	0	0	0	0	0	0	
948	34	6	6	6	16	2	0	0	0	0	0	0	0	0	
949	56	8	6	6	16	2	0	0	0	0	0	0	0	0	
950	37	10	6	6	16	2	0	0	0	0	0	0	0	0	
951	57	6	8	6	16	2	0	0	0	0	0	0	0	0	
952	37	6	10	6	16	2	0	0	0	0	0	0	0	0	
953	32	6	18	-999	-999	2	0	0	0	0	0	0	0	0	
974	974	954	954	958	958	962	962	966	966	970	970	976	976	
974	974	954	954	958	958	962	962	966	966	970	970	976	976	
955	955	NULL	NULL	NULL	NULL	978	978	NULL	NULL	NULL	NULL	957	957	
955	955	NULL	NULL	NULL	NULL	978	978	NULL	NULL	NULL	NULL	957	957	
959	959	NULL	NULL	NULL	NULL	979	979	NULL	NULL	NULL	NULL	961	961	
959	959	NULL	NULL	NULL	NULL	979	979	NULL	NULL	NULL	NULL	961	961	
963	963	980	980	981	981	982	982	983	983	984	984	965	965	
963	963	980	980	981	981	982	982	983	983	984	984	965	965	
967	967	NULL	NULL	NULL	NULL	133	133	NULL	NULL	NULL	NULL	969	969	
967	967	NULL	NULL	NULL	NULL	133	133	NULL	NULL	NULL	NULL	969	969	
971	971	NULL	NULL	NULL	1114	1114	148	148	NULL	NULL	NULL	973	973	
971	971	NULL	NULL	NULL	1114	1114	148	148	NULL	NULL	NULL	973	973	
975	975	956	956	960	960	964	964	968	968	972	972	977	977	
975	975	956	956	960	960	964	964	968	968	972	972	977	977	
954	43	2	0	6	18	2	0	0	0	0	0	0	0	0	
955	43	0	2	6	18	2	0	0	0	0	0	0	0	0	
956	43	2	12	6	18	2	0	0	0	0	0	0	0	0	
957	43	12	2	6	18	2	0	0	0	0	0	0	0	0	
958	43	4	0	6	18	2	0	0	0	0	0	0	0	0	
959	43	0	4	6	18	2	0	0	0	0	0	0	0	0	
960	43	4	12	6	18	2	0	0	0	0	0	0	0	0	
961	43	12	4	6	18	2	0	0	0	0	0	0	0	0	
962	42	6	0	6	18	2	0	0	0	0	0	0	0	0	
963	42	0	6	6	18	2	0	0	0	0	0	0	0	0	
964	42	6	12	6	18	1	0	0	0	0	0	0	0	0	
965	42	12	6	6	18	2	0	0	0	0	0	0	0	0	
966	43	8	0	6	18	2	0	0	0	0	0	0	0	0	
967	43	0	8	6	18	2	0	0	0	0	0	0	0	0	
968	43	8	12	6	18	2	0	0	0	0	0	0	0	0	
969	43	12	8	6	18	2	0	0	0	0	0	0	0	0	
970	43	10	0	6	18	2	0	0	0	0	0	0	0	0	
971	43	0	10	6	18	2	0	0	0	0	0	0	0	0	
972	43	10	12	6	18	2	0	0	0	0	0	0	0	0	
973	43	12	10	6	18	2	0	0	0	0	0	0	0	0	
974	43	0	0	6	18	2	0	0	0	0	0	0	0	0	
975	43	0	12	6	18	2	0	0	0	0	0	0	0	0	
976	43	12	0	6	18	2	0	0	0	0	0	0	0	0	
977	43	12	12	6	18	2	0	0	0	0	0	0	0	0	
978	37	6	2	6	18	2	0	0	0	0	0	0	0	0	
979	55	6	4	6	18	2	0	0	0	0	0	0	0	0	
980	37	2	6	6	18	2	0	0	0	0	0	0	0	0	
981	58	4	6	6	18	2	0	0	0	0	0	0	0	0	
982	34	6	6	6	18	4	0	0	0	0	0	0	0	0	
983	56	8	6	6	18	2	0	0	0	0	0	0	0	0	
984	37	10	6	6	18	2	0	0	0	0	0	0	0	0	
985	43	10	12	4	14	2	0	0	0	0	0	0	0	0	
986	43	0	12	4	16	2	0	0	0	0	0	0	0	0	
987	32	8	18	-999	-999	2	0	0	0	0	0	0	0	0	
66	66	988	988	992	992	996	996	1000	1000	1004	1004	751	751	
66	66	988	988	992	992	996	996	1000	1000	1004	1004	751	751	
989	989	NULL	NULL	NULL	NULL	777	777	NULL	NULL	NULL	NULL	991	991	
989	989	NULL	NULL	NULL	NULL	777	777	NULL	NULL	NULL	NULL	991	991	
993	993	NULL	NULL	NULL	NULL	97	97	NULL	NULL	NULL	NULL	995	995	
993	993	NULL	NULL	NULL	NULL	97	97	NULL	NULL	NULL	NULL	995	995	
997	997	70	70	53	53	770	770	754	754	78	78	999	999	
997	997	70	70	53	53	770	770	754	754	78	78	999	999	
1001	1001	NULL	NULL	NULL	NULL	161	161	NULL	NULL	NULL	NULL	1003	1003	
1001	1001	NULL	NULL	NULL	NULL	161	161	NULL	NULL	NULL	NULL	1003	1003	
1005	1005	NULL	NULL	NULL	152	152	158	158	NULL	NULL	NULL	88	88	
1005	1005	NULL	NULL	NULL	152	152	158	158	NULL	NULL	NULL	88	88	
758	758	990	990	994	994	998	998	1002	1002	780	780	775	775	
758	758	990	990	994	994	998	998	1002	1002	780	780	775	775	
988	43	2	0	8	18	2	0	0	0	0	0	0	0	0	
989	43	0	2	8	18	2	0	0	0	0	0	0	0	0	
990	43	2	12	8	18	2	0	0	0	0	0	0	0	0	
991	43	12	2	8	18	2	0	0	0	0	0	0	0	0	
992	43	4	0	8	18	2	0	0	0	0	0	0	0	0	
993	43	0	4	8	18	2	0	0	0	0	0	0	0	0	
994	43	4	12	8	18	2	0	0	0	0	0	0	0	0	
995	43	12	4	8	18	2	0	0	0	0	0	0	0	0	
996	42	6	0	8	18	2	0	0	0	0	0	0	0	0	
997	42	0	6	8	18	2	0	0	0	0	0	0	0	0	
998	43	6	12	8	18	2	0	0	0	0	0	0	0	0	
999	42	12	6	8	18	2	0	0	0	0	0	0	0	0	
1000	43	8	0	8	18	2	0	0	0	0	0	0	0	0	
1001	43	0	8	8	18	2	0	0	0	0	0	0	0	0	
1002	43	8	12	8	18	2	0	0	0	0	0	0	0	0	
1003	43	12	8	8	18	2	0	0	0	0	0	0	0	0	
1004	43	10	0	8	18	2	0	0	0	0	0	0	0	0	
1005	43	0	10	8	18	2	0	0	0	0	0	0	0	0	
1006	43	0	8	8	2	2	0	0	0	0	0	0	0	0	
1007	36	10	5	10	6	2	0	0	0	0	0	0	0	0	
1008	56	8	6	10	4	2	0	0	0	0	0	0	0	0	
1009	43	12	10	8	2	2	0	0	0	0	0	0	0	0	
1010	37	6	2	8	2	2	0	0	0	0	0	0	0	0	
1011	56	8	6	10	6	2	0	0	0	0	0	0	0	0	
1012	2	8	0	-999	-999	2	0	2	1	0	0	0	0	0	
1013	43	10	12	8	2	2	0	0	0	0	0	0	0	0	
1014	32	4	6	-999	-999	2	0	0	0	0	0	0	0	0	
1035	1035	1015	1015	1019	1019	1023	1023	1027	1027	1031	1031	1037	1037	
1035	1035	1015	1015	1019	1019	1023	1023	1027	1027	1031	1031	1037	1037	
1016	1016	NULL	NULL	NULL	NULL	1039	1039	NULL	NULL	NULL	NULL	1018	1018	
1016	1016	NULL	NULL	NULL	NULL	1039	1039	NULL	NULL	NULL	NULL	1018	1018	
1020	1020	NULL	NULL	NULL	NULL	1040	1040	NULL	NULL	NULL	NULL	1022	1022	
1020	1020	1083	1083	NULL	NULL	1040	1040	NULL	NULL	NULL	NULL	1022	1022	
1024	1024	1083	1083	1099	1099	1041	1041	1042	1042	1043	1043	1026	1026	
1024	1024	1079	1079	1099	1099	1041	1041	1042	1042	1043	1043	1026	1026	
1028	1028	1079	1079	NULL	NULL	1044	1044	NULL	NULL	NULL	NULL	1030	1030	
1028	1028	NULL	NULL	NULL	NULL	1044	1044	NULL	NULL	NULL	NULL	1030	1030	
1032	1032	NULL	NULL	NULL	NULL	1045	1045	NULL	NULL	NULL	NULL	1034	1034	
1032	1032	NULL	NULL	NULL	NULL	1045	1045	NULL	NULL	NULL	NULL	1034	1034	
1036	1036	1017	1017	1021	1021	1025	1025	1029	1029	1033	1033	1038	1038	
1036	1036	1017	1017	1021	1021	1025	1025	1029	1029	1033	1033	1038	1038	
1015	43	2	0	4	6	2	0	0	0	0	0	0	0	0	
1016	43	0	2	4	6	2	0	0	0	0	0	0	0	0	
1017	43	2	12	4	6	2	0	0	0	0	0	0	0	0	
1018	43	12	2	4	6	2	0	0	0	0	0	0	0	0	
1019	43	4	0	4	6	2	0	0	0	0	0	0	0	0	
1020	43	0	4	4	6	2	0	0	0	0	0	0	0	0	
1021	43	4	12	4	6	2	0	0	0	0	0	0	0	0	
1022	43	12	4	4	6	2	0	0	0	0	0	0	0	0	
1023	42	6	0	4	6	2	0	0	0	0	0	0	0	0	
1024	43	0	6	4	6	2	0	0	0	0	0	0	0	0	
1025	42	6	12	4	6	2	0	0	0	0	0	0	0	0	
1026	42	12	6	4	6	2	0	0	0	0	0	0	0	0	
1027	43	8	0	4	6	2	0	0	0	0	0	0	0	0	
1028	43	0	8	4	6	2	0	0	0	0	0	0	0	0	
1029	43	8	12	4	6	2	0	0	0	0	0	0	0	0	
1030	43	12	8	4	6	2	0	0	0	0	0	0	0	0	
1031	43	10	0	4	6	2	0	0	0	0	0	0	0	0	
1032	43	0	10	4	6	2	0	0	0	0	0	0	0	0	
1033	43	10	12	4	6	2	0	0	0	0	0	0	0	0	
1034	43	12	10	4	6	2	0	0	0	0	0	0	0	0	
1035	43	0	0	4	6	2	0	0	0	0	0	0	0	0	
1036	43	0	12	4	6	2	0	0	0	0	0	0	0	0	
1037	43	12	0	4	6	2	0	0	0	0	0	0	0	0	
1038	43	12	12	4	6	2	0	0	0	0	0	0	0	0	
1039	37	6	2	4	6	2	0	0	0	0	0	0	0	0	
1040	55	6	4	4	6	2	0	0	0	0	0	0	0	0	
1041	34	6	6	4	6	2	0	0	0	0	0	0	0	0	
1042	56	8	6	4	6	2	0	0	0	0	0	0	0	0	
1043	37	10	6	4	6	2	0	0	0	0	0	0	0	0	
1044	57	6	8	4	6	2	0	0	0	0	0	0	0	0	
1045	37	6	10	4	6	2	0	0	0	0	0	0	0	0	
1046	32	4	8	-999	-999	2	0	0	0	0	0	0	0	0	
1067	1067	1047	1047	1051	1051	1055	1055	1059	1059	1063	1063	1069	1069	
1067	1067	1047	1047	1051	1051	1055	1055	1059	1059	1063	1063	1069	1069	
1048	1048	NULL	NULL	NULL	NULL	1071	1071	NULL	NULL	NULL	NULL	1050	1050	
1048	1048	NULL	NULL	NULL	NULL	1071	1071	NULL	NULL	NULL	NULL	1050	1050	
1052	1052	NULL	NULL	NULL	NULL	1072	1072	NULL	NULL	NULL	NULL	1054	1054	
1052	1052	1095	1095	NULL	NULL	1072	1072	NULL	NULL	NULL	NULL	1054	1054	
1056	1056	1095	1095	1087	1087	1073	1073	1074	1074	1075	1075	1058	1058	
1056	1056	1091	1091	1087	1087	1073	1073	1074	1074	1075	1075	1058	1058	
1060	1060	1091	1091	NULL	NULL	1076	1076	NULL	NULL	NULL	NULL	1062	1062	
1060	1060	NULL	NULL	NULL	NULL	1076	1076	NULL	NULL	NULL	NULL	1062	1062	
1064	1064	NULL	NULL	NULL	NULL	1077	1077	NULL	NULL	NULL	NULL	1066	1066	
1064	1064	NULL	NULL	NULL	NULL	1077	1077	NULL	NULL	NULL	NULL	1066	1066	
1068	1068	1049	1049	1053	1053	1057	1057	1061	1061	1065	1065	1070	1070	
1068	1068	1049	1049	1053	1053	1057	1057	1061	1061	1065	1065	1070	1070	
1047	43	2	0	4	8	2	0	0	0	0	0	0	0	0	
1048	43	0	2	4	8	2	0	0	0	0	0	0	0	0	
1049	43	2	12	4	8	2	0	0	0	0	0	0	0	0	
1050	43	12	2	4	8	2	0	0	0	0	0	0	0	0	
1051	43	4	0	4	8	2	0	0	0	0	0	0	0	0	
1052	43	0	4	4	8	2	0	0	0	0	0	0	0	0	
1053	43	4	12	4	8	2	0	0	0	0	0	0	0	0	
1054	43	12	4	4	8	2	0	0	0	0	0	0	0	0	
1055	42	6	0	4	8	2	0	0	0	0	0	0	0	0	
1056	42	0	6	4	8	1	0	0	0	0	0	0	0	0	
1057	42	6	12	4	8	2	0	0	0	0	0	0	0	0	
1058	42	12	6	4	8	2	0	0	0	0	0	0	0	0	
1059	43	8	0	4	8	2	0	0	0	0	0	0	0	0	
1060	43	0	8	4	8	2	0	0	0	0	0	0	0	0	
1061	43	8	12	4	8	2	0	0	0	0	0	0	0	0	
1062	43	12	8	4	8	2	0	0	0	0	0	0	0	0	
1063	43	10	0	4	8	2	0	0	0	0	0	0	0	0	
1064	43	0	10	4	8	2	0	0	0	0	0	0	0	0	
1065	43	10	12	4	8	2	0	0	0	0	0	0	0	0	
1066	43	12	10	4	8	2	0	0	0	0	0	0	0	0	
1067	43	0	0	4	8	2	0	0	0	0	0	0	0	0	
1068	43	0	12	4	8	2	0	0	0	0	0	0	0	0	
1069	43	12	0	4	8	2	0	0	0	0	0	0	0	0	
1070	43	12	12	4	8	2	0	0	0	0	0	0	0	0	
1071	37	6	2	4	8	2	0	0	0	0	0	0	0	0	
1072	55	6	4	4	8	2	0	0	0	0	0	0	0	0	
1073	34	6	6	4	8	4	0	0	0	0	0	0	0	0	
1074	56	8	6	4	8	2	0	0	0	0	0	0	0	0	
1075	37	10	6	4	8	2	0	0	0	0	0	0	0	0	
1076	57	6	8	4	8	2	0	0	0	0	0	0	0	0	
1077	37	6	10	4	8	2	0	0	0	0	0	0	0	0	
1078	43	12	8	2	8	2	0	0	0	0	0	0	0	0	
1079	36	2	7	4	6	2	0	0	0	0	0	0	0	0	
1080	35	8	10	2	8	2	0	0	0	0	0	0	0	0	
1081	43	0	4	2	8	2	0	0	0	0	0	0	0	0	
1082	35	6	10	2	8	2	0	0	0	0	0	0	0	0	
1083	36	2	5	4	6	2	0	0	0	0	0	0	0	0	
1084	39	4	6	2	8	2	0	0	0	0	0	0	0	0	
1085	43	6	0	2	8	2	0	0	0	0	0	0	0	0	
1086	37	2	6	2	8	2	0	0	0	0	0	0	0	0	
1087	58	4	6	4	8	3	0	0	0	0	0	0	0	0	
1088	0	2	10	2	8	2	0	2	1	0	0	0	0	0	
1089	42	12	6	2	8	2	0	0	0	0	0	0	0	0	
1090	43	0	12	2	8	2	0	0	0	0	0	0	0	0	
1091	36	2	7	4	8	2	0	0	0	0	0	0	0	0	
1092	43	10	0	2	8	2	0	0	0	0	0	0	0	0	
1093	43	6	12	2	8	2	0	0	0	0	0	0	0	0	
1094	43	10	12	2	8	2	0	0	0	0	0	0	0	0	
1095	36	2	5	4	8	2	0	0	0	0	0	0	0	0	
1096	43	0	2	2	8	2	0	0	0	0	0	0	0	0	
1097	42	0	6	2	8	2	0	0	0	0	0	0	0	0	
1098	43	12	4	2	8	2	0	0	0	0	0	0	0	0	
1099	58	4	6	4	6	2	0	0	0	0	0	0	0	0	
1100	43	8	12	2	8	2	0	0	0	0	0	0	0	0	
1101	39	8	6	2	8	2	0	0	0	0	0	0	0	0	
1102	43	4	0	2	8	2	0	0	0	0	0	0	0	0	
1103	39	6	6	2	8	2	0	0	0	0	0	0	0	0	
1104	63	4	10	2	8	2	0	0	0	0	0	0	0	0	
1105	43	12	0	2	8	2	0	0	0	0	0	0	0	0	
1106	43	0	0	2	8	2	0	0	0	0	0	0	0	0	
1107	43	12	12	2	8	2	0	0	0	0	0	0	0	0	
1108	43	12	2	2	8	2	0	0	0	0	0	0	0	0	
1109	43	8	0	2	8	2	0	0	0	0	0	0	0	0	
1110	43	4	12	6	20	2	0	0	0	0	0	0	0	0	
1111	43	0	8	2	8	2	0	0	0	0	0	0	0	0	
1112	1	0	8	-999	-999	2	0	2	1	0	0	0	0	0	
1113	43	2	0	6	20	2	0	0	0	0	0	0	0	0	
1114	36	5	10	6	18	2	0	0	0	0	0	0	0	0	
1115	43	2	0	2	8	2	0	0	0	0	0	0	0	0	
1116	39	6	2	6	20	2	0	0	0	0	0	0	0	0	
1117	43	12	2	6	20	2	0	0	0	0	0	0	0	0	
1118	39	6	4	6	20	2	0	0	0	0	0	0	0	0	
1119	43	12	10	2	8	2	0	0	0	0	0	0	0	0	
1120	35	10	4	6	20	2	0	0	0	0	0	0	0	0	
1121	43	2	12	6	20	2	0	0	0	0	0	0	0	0	
1122	62	10	8	6	20	2	0	0	0	0	0	0	0	0	
1123	43	2	12	2	8	2	0	0	0	0	0	0	0	0	
1124	37	6	10	6	20	2	0	0	0	0	0	0	0	0	
1125	43	0	4	6	20	2	0	0	0	0	0	0	0	0	
1126	43	0	0	6	20	2	0	0	0	0	0	0	0	0	
1127	43	0	10	2	8	2	0	0	0	0	0	0	0	0	
1128	43	0	12	6	20	2	0	0	0	0	0	0	0	0	
1129	43	4	0	6	20	2	0	0	0	0	0	0	0	0	
1130	0	16	20	-999	-999	2	2	2	1000	0	0	0	0	0	
1131	40	16	22	-999	-999	2	0	0	0	0	0	0	0	0	
1132	40	14	22	-999	-999	2	0	0	0	0	0	0	0	0	
1133	40	14	20	-999	-999	2	0	0	0	0	0	0	0	0	
1134	40	14	18	-999	-999	2	0	0	0	0	0	0	0	0	
1135	40	14	16	-999	-999	2	0	0	0	0	0	0	0	0	
1136	40	14	14	-999	-999	2	0	0	0	0	0	0	0	0	
1137	40	14	12	-999	-999	2	0	0	0	0	0	0	0	0	
1138	40	14	10	-999	-999	2	0	0	0	0	0	0	0	0	
1139	40	14	8	-999	-999	2	0	0	0	0	0	0	0	0	
1140	40	14	6	-999	-999	2	0	0	0	0	0	0	0	0	
1141	40	14	4	-999	-999	2	0	0	0	0	0	0	0	0	
1142	40	14	2	-999	-999	2	0	0	0	0	0	0	0	0	
1143	40	14	0	-999	-999	2	0	0	0	0	0	0	0	0	
1144	43	12	2	4	12	2	0	0	0	0	0	0	0	0	
1145	43	4	12	4	14	2	0	0	0	0	0	0	0	0	
1146	43	2	0	4	14	2	0	0	0	0	0	0	0	0	
1147	43	0	6	4	12	2	0	0	0	0	0	0	0	0	
1148	36	2	7	4	12	2	0	0	0	0	0	0	0	0	
1149	43	0	4	4	14	2	0	0	0	0	0	0	0	0	
1150	37	10	6	4	12	2	0	0	0	0	0	0	0	0	
1151	42	6	0	4	12	2	0	0	0	0	0	0	0	0	
1152	36	2	5	4	12	2	0	0	0	0	0	0	0	0	
1153	43	4	0	4	14	2	0	0	0	0	0	0	0	0	
1154	55	6	4	4	12	2	0	0	0	0	0	0	0	0	
1155	43	12	4	4	12	2	0	0	0	0	0	0	0	0	
1156	43	0	12	4	12	2	0	0	0	0	0	0	0	0	
1157	43	12	2	4	14	2	0	0	0	0	0	0	0	0	
1158	43	0	0	4	12	2	0	0	0	0	0	0	0	0	
1159	43	4	12	4	12	2	0	0	0	0	0	0	0	0	
1160	43	10	0	4	12	2	0	0	0	0	0	0	0	0	
1161	43	2	12	4	14	2	0	0	0	0	0	0	0	0	
1162	43	12	8	4	12	2	0	0	0	0	0	0	0	0	
1163	43	0	4	4	12	2	0	0	0	0	0	0	0	0	
1164	42	12	6	4	12	2	0	0	0	0	0	0	0	0	
1165	43	12	4	4	14	2	0	0	0	0	0	0	0	0	
1166	42	6	12	4	12	2	0	0	0	0	0	0	0	0	
1167	43	0	2	4	14	2	0	0	0	0	0	0	0	0	
1168	43	4	0	4	12	2	0	0	0	0	0	0	0	0	
1169	43	8	12	4	12	2	0	0	0	0	0	0	0	0	
1170	43	12	10	4	12	2	0	0	0	0	0	0	0	0	
1171	37	6	2	4	12	2	0	0	0	0	0	0	0	0	
1172	56	8	6	4	12	2	0	0	0	0	0	0	0	0	
1173	32	4	14	-999	-999	2	0	0	0	0	0	0	0	0	
1202	1202	1146	1146	1153	1153	1184	1184	1195	1195	1204	1204	1220	1220	
1202	1202	1146	1146	1153	1153	1184	1184	1195	1195	1204	1204	1220	1220	
1167	1167	NULL	NULL	NULL	NULL	1218	1218	NULL	NULL	NULL	NULL	1157	1157	
1167	1167	NULL	NULL	NULL	NULL	1218	1218	NULL	NULL	NULL	NULL	1157	1157	
1149	1149	NULL	NULL	NULL	NULL	1198	1198	NULL	NULL	NULL	NULL	1165	1165	
1149	1149	1196	1196	NULL	NULL	1198	1198	NULL	NULL	NULL	NULL	1165	1165	
1208	1208	1196	1196	1217	1217	1216	1216	1215	1215	1194	1194	1199	1199	
1208	1208	1192	1192	1217	1217	1216	1216	1215	1215	1194	1194	1199	1199	
1191	1191	1192	1192	NULL	NULL	1214	1214	NULL	NULL	NULL	NULL	1206	1206	
1191	1191	NULL	NULL	NULL	NULL	1214	1214	NULL	NULL	NULL	NULL	1206	1206	
306	306	NULL	NULL	NULL	NULL	1213	1213	NULL	NULL	NULL	NULL	303	303	
306	306	NULL	NULL	NULL	NULL	1213	1213	NULL	NULL	NULL	NULL	303	303	
1200	1200	1161	1161	1145	1145	1203	1203	1187	1187	985	985	1219	1219	
1200	1200	1161	1161	1145	1145	1203	1203	1187	1187	985	985	1219	1219	
1174	37	6	10	4	12	2	0	0	0	0	0	0	0	0	
1175	34	6	6	4	12	2	0	0	0	0	0	0	0	0	
1176	43	12	12	4	12	2	0	0	0	0	0	0	0	0	
1177	43	10	12	4	12	2	0	0	0	0	0	0	0	0	
1178	43	0	8	4	12	2	0	0	0	0	0	0	0	0	
1179	57	6	8	4	12	2	0	0	0	0	0	0	0	0	
1180	58	4	6	4	12	2	0	0	0	0	0	0	0	0	
1181	43	12	0	4	12	2	0	0	0	0	0	0	0	0	
1182	43	0	10	4	12	2	0	0	0	0	0	0	0	0	
1183	43	8	0	4	12	2	0	0	0	0	0	0	0	0	
1184	42	6	0	4	14	2	0	0	0	0	0	0	0	0	
1185	42	12	6	4	16	2	0	0	0	0	0	0	0	0	
1186	43	0	4	4	16	2	0	0	0	0	0	0	0	0	
1187	43	8	12	4	14	2	0	0	0	0	0	0	0	0	
1188	43	0	2	4	16	2	0	0	0	0	0	0	0	0	
1189	42	6	12	4	16	2	0	0	0	0	0	0	0	0	
1190	43	2	0	4	16	2	0	0	0	0	0	0	0	0	
1191	43	0	8	4	14	2	0	0	0	0	0	0	0	0	
1192	36	2	7	4	14	2	0	0	0	0	0	0	0	0	
1193	43	0	6	4	16	2	0	0	0	0	0	0	0	0	
1194	37	10	6	4	14	2	0	0	0	0	0	0	0	0	
1195	43	8	0	4	14	2	0	0	0	0	0	0	0	0	
1196	36	2	5	4	14	2	0	0	0	0	0	0	0	0	
1197	42	6	0	4	16	2	0	0	0	0	0	0	0	0	
1198	55	6	4	4	14	2	0	0	0	0	0	0	0	0	
1199	42	12	6	4	14	2	0	0	0	0	0	0	0	0	
1200	43	0	12	4	14	2	0	0	0	0	0	0	0	0	
1201	43	12	4	4	16	2	0	0	0	0	0	0	0	0	
1202	43	0	0	4	14	2	0	0	0	0	0	0	0	0	
1203	42	6	12	4	14	2	0	0	0	0	0	0	0	0	
1204	43	10	0	4	14	2	0	0	0	0	0	0	0	0	
1205	43	8	0	4	16	2	0	0	0	0	0	0	0	0	
1206	43	12	8	4	14	2	0	0	0	0	0	0	0	0	
1207	43	4	12	4	16	2	0	0	0	0	0	0	0	0	
1208	43	0	6	4	14	2	0	0	0	0	0	0	0	0	
1209	43	4	0	4	16	2	0	0	0	0	0	0	0	0	
1210	43	12	2	4	16	2	0	0	0	0	0	0	0	0	
1211	43	2	12	4	16	2	0	0	0	0	0	0	0	0	
1212	32	4	16	-999	-999	2	0	0	0	0	0	0	0	0	
272	272	1190	1190	1209	1209	1197	1197	1205	1205	275	275	378	378	
272	272	1190	1190	1209	1209	1197	1197	1205	1205	275	275	378	378	
1188	1188	NULL	NULL	NULL	NULL	395	395	NULL	NULL	NULL	NULL	1210	1210	
1188	1188	NULL	NULL	NULL	NULL	395	395	NULL	NULL	NULL	NULL	1210	1210	
1186	1186	NULL	NULL	NULL	NULL	299	299	NULL	NULL	NULL	NULL	1201	1201	
1186	1186	277	277	NULL	NULL	299	299	NULL	NULL	NULL	NULL	1201	1201	
1193	1193	277	277	393	393	434	434	422	422	772	772	1185	1185	
1193	1193	502	502	393	393	434	434	422	422	772	772	1185	1185	
278	278	502	502	NULL	NULL	430	430	NULL	NULL	NULL	NULL	283	283	
278	278	NULL	NULL	NULL	NULL	430	430	NULL	NULL	NULL	NULL	283	283	
290	290	NULL	NULL	NULL	NULL	390	390	NULL	NULL	NULL	NULL	300	300	
290	290	NULL	NULL	NULL	NULL	390	390	NULL	NULL	NULL	NULL	300	300	
986	986	1211	1211	1207	1207	1189	1189	286	286	305	305	402	402	
986	986	1211	1211	1207	1207	1189	1189	286	286	305	305	402	402	
1213	37	6	10	4	14	2	0	0	0	0	0	0	0	0	
1214	57	6	8	4	14	2	0	0	0	0	0	0	0	0	
1215	56	8	6	4	14	2	0	0	0	0	0	0	0	0	
1216	34	6	6	4	14	2	0	0	0	0	0	0	0	0	
1217	58	4	6	4	14	2	0	0	0	0	0	0	0	0	
1218	37	6	2	4	14	2	0	0	0	0	0	0	0	0	
1219	43	12	12	4	14	2	0	0	0	0	0	0	0	0	
1220	43	12	0	4	14	2	0	0	0	0	0	0	0	0	
1221	32	10	8	-999	-999	2	0	0	0	0	0	0	0	0	
1242	1242	1222	1222	1226	1226	1230	1230	1234	1234	1238	1238	1244	1244	
1242	1242	1222	1222	1226	1226	1230	1230	1234	1234	1238	1238	1244	1244	
1223	1223	NULL	NULL	NULL	NULL	1246	1246	NULL	NULL	NULL	NULL	1225	1225	
1223	1223	NULL	NULL	NULL	NULL	1246	1246	NULL	NULL	NULL	NULL	1225	1225	
1227	1227	NULL	NULL	NULL	NULL	1247	1247	NULL	NULL	NULL	NULL	1229	1229	
1227	1227	NULL	NULL	NULL	NULL	1247	1247	NULL	NULL	1248	1248	1229	1229	
1231	1231	1249	1249	1250	1250	1251	1251	1252	1252	1248	1248	1233	1233	
1231	1231	1249	1249	1250	1250	1251	1251	1252	1252	1253	1253	1233	1233	
1235	1235	NULL	NULL	NULL	NULL	1254	1254	NULL	NULL	1253	1253	1237	1237	
1235	1235	NULL	NULL	NULL	NULL	1254	1254	NULL	NULL	NULL	NULL	1237	1237	
1239	1239	NULL	NULL	NULL	NULL	1255	1255	NULL	NULL	NULL	NULL	1241	1241	
1239	1239	NULL	NULL	NULL	NULL	1255	1255	NULL	NULL	NULL	NULL	1241	1241	
1243	1243	1224	1224	1228	1228	1232	1232	1236	1236	1240	1240	1245	1245	
1243	1243	1224	1224	1228	1228	1232	1232	1236	1236	1240	1240	1245	1245	
1222	43	2	0	10	8	2	0	0	0	0	0	0	0	0	
1223	43	0	2	10	8	2	0	0	0	0	0	0	0	0	
1224	43	2	12	10	8	2	0	0	0	0	0	0	0	0	
1225	43	12	2	10	8	2	0	0	0	0	0	0	0	0	
1226	43	4	0	10	8	2	0	0	0	0	0	0	0	0	
1227	43	0	4	10	8	2	0	0	0	0	0	0	0	0	
1228	43	4	12	10	8	2	0	0	0	0	0	0	0	0	
1229	43	12	4	10	8	2	0	0	0	0	0	0	0	0	
1230	42	6	0	10	8	2	0	0	0	0	0	0	0	0	
1231	42	0	6	10	8	2	0	0	0	0	0	0	0	0	
1232	42	6	12	10	8	2	0	0	0	0	0	0	0	0	
1233	43	12	6	10	8	2	0	0	0	0	0	0	0	0	
1234	43	8	0	10	8	2	0	0	0	0	0	0	0	0	
1235	43	0	8	10	8	2	0	0	0	0	0	0	0	0	
1236	43	8	12	10	8	2	0	0	0	0	0	0	0	0	
1237	43	12	8	10	8	2	0	0	0	0	0	0	0	0	
1238	43	10	0	10	8	2	0	0	0	0	0	0	0	0	
1239	43	0	10	10	8	2	0	0	0	0	0	0	0	0	
1240	43	10	12	10	8	2	0	0	0	0	0	0	0	0	
1241	43	12	10	10	8	2	0	0	0	0	0	0	0	0	
1242	43	0	0	10	8	2	0	0	0	0	0	0	0	0	
1243	43	0	12	10	8	2	0	0	0	0	0	0	0	0	
1244	43	12	0	10	8	2	0	0	0	0	0	0	0	0	
1245	43	12	12	10	8	2	0	0	0	0	0	0	0	0	
1246	37	6	2	10	8	2	0	0	0	0	0	0	0	0	
1247	55	6	4	10	8	2	0	0	0	0	0	0	0	0	
1248	36	10	5	10	8	2	0	0	0	0	0	0	0	0	
1249	37	2	6	10	8	2	0	0	0	0	0	0	0	0	
1250	58	4	6	10	8	2	0	0	0	0	0	0	0	0	
1251	34	6	6	10	8	2	0	0	0	0	0	0	0	0	
1252	56	8	6	10	8	2	0	0	0	0	0	0	0	0	
1253	36	10	7	10	8	2	0	0	0	0	0	0	0	0	
1254	57	6	8	10	8	2	0	0	0	0	0	0	0	0	
1255	37	6	10	10	8	2	0	0	0	0	0	0	0	0	
1256	32	10	10	-999	-999	2	0	0	0	0	0	0	0	0	
1277	1277	1257	1257	1261	1261	1265	1265	1269	1269	1273	1273	1279	1279	
1277	1277	1257	1257	1261	1261	1265	1265	1269	1269	1273	1273	1279	1279	
1258	1258	NULL	NULL	NULL	NULL	1281	1281	NULL	NULL	NULL	NULL	1260	1260	
1258	1258	NULL	NULL	NULL	NULL	1281	1281	NULL	NULL	NULL	NULL	1260	1260	
1262	1262	NULL	NULL	NULL	NULL	1282	1282	NULL	NULL	NULL	NULL	1264	1264	
1262	1262	NULL	NULL	NULL	NULL	1282	1282	NULL	NULL	1283	1283	1264	1264	
1266	1266	1284	1284	1285	1285	1286	1286	1287	1287	1283	1283	1268	1268	
1266	1266	1284	1284	1285	1285	1286	1286	1287	1287	1288	1288	1268	1268	
1270	1270	NULL	NULL	NULL	NULL	1289	1289	NULL	NULL	1288	1288	1272	1272	
1270	1270	NULL	NULL	NULL	NULL	1289	1289	NULL	NULL	NULL	NULL	1272	1272	
1274	1274	NULL	NULL	NULL	NULL	1290	1290	NULL	NULL	NULL	NULL	1276	1276	
1274	1274	NULL	NULL	NULL	NULL	1290	1290	NULL	NULL	NULL	NULL	1276	1276	
1278	1278	1259	1259	1263	1263	1267	1267	1271	1271	1275	1275	1280	1280	
1278	1278	1259	1259	1263	1263	1267	1267	1271	1271	1275	1275	1280	1280	
1257	43	2	0	10	10	2	0	0	0	0	0	0	0	0	
1258	43	0	2	10	10	2	0	0	0	0	0	0	0	0	
1259	43	2	12	10	10	2	0	0	0	0	0	0	0	0	
1260	43	12	2	10	10	2	0	0	0	0	0	0	0	0	
1261	43	4	0	10	10	2	0	0	0	0	0	0	0	0	
1262	43	0	4	10	10	2	0	0	0	0	0	0	0	0	
1263	43	4	12	10	10	2	0	0	0	0	0	0	0	0	
1264	43	12	4	10	10	2	0	0	0	0	0	0	0	0	
1265	42	6	0	10	10	2	0	0	0	0	0	0	0	0	
1266	42	0	6	10	10	2	0	0	0	0	0	0	0	0	
1267	42	6	12	10	10	2	0	0	0	0	0	0	0	0	
1268	43	12	6	10	10	2	0	0	0	0	0	0	0	0	
1269	43	8	0	10	10	2	0	0	0	0	0	0	0	0	
1270	43	0	8	10	10	2	0	0	0	0	0	0	0	0	
1271	43	8	12	10	10	2	0	0	0	0	0	0	0	0	
1272	43	12	8	10	10	2	0	0	0	0	0	0	0	0	
1273	43	10	0	10	10	2	0	0	0	0	0	0	0	0	
1274	43	0	10	10	10	2	0	0	0	0	0	0	0	0	
1275	43	10	12	10	10	2	0	0	0	0	0	0	0	0	
1276	43	12	10	10	10	2	0	0	0	0	0	0	0	0	
1277	43	0	0	10	10	2	0	0	0	0	0	0	0	0	
1278	43	0	12	10	10	2	0	0	0	0	0	0	0	0	
1279	43	12	0	10	10	2	0	0	0	0	0	0	0	0	
1280	43	12	12	10	10	2	0	0	0	0	0	0	0	0	
1281	37	6	2	10	10	2	0	0	0	0	0	0	0	0	
1282	55	6	4	10	10	2	0	0	0	0	0	0	0	0	
1283	36	10	5	10	10	2	0	0	0	0	0	0	0	0	
1284	37	2	6	10	10	2	0	0	0	0	0	0	0	0	
1285	58	4	6	10	10	2	0	0	0	0	0	0	0	0	
1286	34	6	6	10	10	2	0	0	0	0	0	0	0	0	
1287	56	8	6	10	10	2	0	0	0	0	0	0	0	0	
1288	36	10	7	10	10	2	0	0	0	0	0	0	0	0	
1289	57	6	8	10	10	2	0	0	0	0	0	0	0	0	
1290	37	6	10	10	10	2	0	0	0	0	0	0	0	0	
1291	32	10	12	-999	-999	2	0	0	0	0	0	0	0	0	
1312	1312	1292	1292	1296	1296	1300	1300	1304	1304	1308	1308	1314	1314	
1312	1312	1292	1292	1296	1296	1300	1300	1304	1304	1308	1308	1314	1314	
1293	1293	NULL	NULL	NULL	NULL	1316	1316	NULL	NULL	NULL	NULL	1295	1295	
1293	1293	NULL	NULL	NULL	NULL	1316	1316	NULL	NULL	NULL	NULL	1295	1295	
1297	1297	NULL	NULL	NULL	NULL	1317	1317	NULL	NULL	NULL	NULL	1299	1299	
1297	1297	NULL	NULL	NULL	NULL	1317	1317	NULL	NULL	1318	1318	1299	1299	
1301	1301	1319	1319	1320	1320	1321	1321	1322	1322	1318	1318	1303	1303	
1301	1301	1319	1319	1320	1320	1321	1321	1322	1322	1323	1323	1303	1303	
1305	1305	NULL	NULL	NULL	NULL	1324	1324	NULL	NULL	1323	1323	1307	1307	
1305	1305	NULL	NULL	NULL	NULL	1324	1324	NULL	NULL	NULL	NULL	1307	1307	
1309	1309	NULL	NULL	NULL	NULL	1325	1325	NULL	NULL	NULL	NULL	1311	1311	
1309	1309	NULL	NULL	NULL	NULL	1325	1325	NULL	NULL	NULL	NULL	1311	1311	
1313	1313	1294	1294	1298	1298	1302	1302	1306	1306	1310	1310	1315	1315	
1313	1313	1294	1294	1298	1298	1302	1302	1306	1306	1310	1310	1315	1315	
1292	43	2	0	10	12	2	0	0	0	0	0	0	0	0	
1293	43	0	2	10	12	2	0	0	0	0	0	0	0	0	
1294	43	2	12	10	12	2	0	0	0	0	0	0	0	0	
1295	43	12	2	10	12	2	0	0	0	0	0	0	0	0	
1296	43	4	0	10	12	2	0	0	0	0	0	0	0	0	
1297	43	0	4	10	12	2	0	0	0	0	0	0	0	0	
1298	43	4	12	10	12	2	0	0	0	0	0	0	0	0	
1299	43	12	4	10	12	2	0	0	0	0	0	0	0	0	
1300	42	6	0	10	12	2	0	0	0	0	0	0	0	0	
1301	42	0	6	10	12	2	0	0	0	0	0	0	0	0	
1302	42	6	12	10	12	2	0	0	0	0	0	0	0	0	
1303	43	12	6	10	12	2	0	0	0	0	0	0	0	0	
1304	43	8	0	10	12	2	0	0	0	0	0	0	0	0	
1305	43	0	8	10	12	2	0	0	0	0	0	0	0	0	
1306	43	8	12	10	12	2	0	0	0	0	0	0	0	0	
1307	43	12	8	10	12	2	0	0	0	0	0	0	0	0	
1308	43	10	0	10	12	2	0	0	0	0	0	0	0	0	
1309	43	0	10	10	12	2	0	0	0	0	0	0	0	0	
1310	43	10	12	10	12	2	0	0	0	0	0	0	0	0	
1311	43	12	10	10	12	2	0	0	0	0	0	0	0	0	
1312	43	0	0	10	12	2	0	0	0	0	0	0	0	0	
1313	43	0	12	10	12	2	0	0	0	0	0	0	0	0	
1314	43	12	0	10	12	2	0	0	0	0	0	0	0	0	
1315	43	12	12	10	12	2	0	0	0	0	0	0	0	0	
1316	37	6	2	10	12	2	0	0	0	0	0	0	0	0	
1317	55	6	4	10	12	2	0	0	0	0	0	0	0	0	
1318	36	10	5	10	12	2	0	0	0	0	0	0	0	0	
1319	37	2	6	10	12	2	0	0	0	0	0	0	0	0	
1320	58	4	6	10	12	2	0	0	0	0	0	0	0	0	
1321	34	6	6	10	12	2	0	0	0	0	0	0	0	0	
1322	56	8	6	10	12	2	0	0	0	0	0	0	0	0	
1323	36	10	7	10	12	2	0	0	0	0	0	0	0	0	
1324	57	6	8	10	12	2	0	0	0	0	0	0	0	0	
1325	37	6	10	10	12	2	0	0	0	0	0	0	0	0	
1326	32	10	16	-999	-999	2	0	0	0	0	0	0	0	0	
384	384	385	385	380	380	292	292	285	285	164	164	293	293	
384	384	385	385	380	380	292	292	285	285	164	164	293	293	
276	276	NULL	NULL	NULL	NULL	379	379	NULL	NULL	NULL	NULL	365	365	
276	276	NULL	NULL	NULL	NULL	379	379	NULL	NULL	NULL	NULL	365	365	
398	398	NULL	NULL	NULL	NULL	295	295	NULL	NULL	NULL	NULL	284	284	
398	398	NULL	NULL	NULL	NULL	295	295	NULL	NULL	401	401	284	284	
304	304	280	280	335	335	396	396	388	388	401	401	334	334	
304	304	280	280	335	335	396	396	388	388	400	400	334	334	
341	341	NULL	NULL	NULL	NULL	383	383	NULL	NULL	400	400	163	163	
341	341	NULL	NULL	NULL	NULL	383	383	NULL	NULL	NULL	NULL	163	163	
287	287	NULL	NULL	NULL	NULL	288	288	NULL	NULL	NULL	NULL	291	291	
287	287	NULL	NULL	NULL	NULL	288	288	NULL	NULL	NULL	NULL	291	291	
392	392	297	297	381	381	273	273	376	376	289	289	377	377	
392	392	297	297	381	381	273	273	376	376	289	289	377	377	
1327	32	10	14	-999	-999	2	0	0	0	0	0	0	0	0	
1349	1349	1345	1345	1341	1341	1337	1337	1333	1333	1329	1329	1348	1348	
1349	1349	1345	1345	1341	1341	1337	1337	1333	1333	1329	1329	1348	1348	
1330	1330	NULL	NULL	NULL	NULL	349	349	NULL	NULL	NULL	NULL	1328	1328	
1330	1330	NULL	NULL	NULL	NULL	349	349	NULL	NULL	NULL	NULL	1328	1328	
1334	1334	NULL	NULL	NULL	NULL	374	374	NULL	NULL	NULL	NULL	1332	1332	
1334	1334	NULL	NULL	NULL	NULL	374	374	NULL	NULL	1352	1352	1332	1332	
1338	1338	343	343	438	438	355	355	348	348	1352	1352	1336	1336	
1338	1338	343	343	438	438	355	355	348	348	360	360	1336	1336	
1342	1342	NULL	NULL	NULL	NULL	345	345	NULL	NULL	360	360	1340	1340	
1342	1342	NULL	NULL	NULL	NULL	345	345	NULL	NULL	NULL	NULL	1340	1340	
1346	1346	NULL	NULL	NULL	NULL	370	370	NULL	NULL	NULL	NULL	1344	1344	
1346	1346	NULL	NULL	NULL	NULL	370	370	NULL	NULL	NULL	NULL	1344	1344	
1351	1351	1347	1347	1343	1343	1339	1339	1335	1335	1331	1331	1350	1350	
1351	1351	1347	1347	1343	1343	1339	1339	1335	1335	1331	1331	1350	1350	
1328	43	12	2	10	14	2	0	0	0	0	0	0	0	0	
1329	43	10	0	10	14	2	0	0	0	0	0	0	0	0	
1330	43	0	2	10	14	2	0	0	0	0	0	0	0	0	
1331	43	10	12	10	14	2	0	0	0	0	0	0	0	0	
1332	43	12	4	10	14	2	0	0	0	0	0	0	0	0	
1333	43	8	0	10	14	2	0	0	0	0	0	0	0	0	
1334	43	0	4	10	14	2	0	0	0	0	0	0	0	0	
1335	43	8	12	10	14	2	0	0	0	0	0	0	0	0	
1336	42	12	6	10	14	1	0	0	0	0	0	0	0	0	
1337	42	6	0	10	14	2	0	0	0	0	0	0	0	0	
1338	42	0	6	10	14	2	0	0	0	0	0	0	0	0	
1339	42	6	12	10	14	2	0	0	0	0	0	0	0	0	
1340	43	12	8	10	14	2	0	0	0	0	0	0	0	0	
1341	43	4	0	10	14	2	0	0	0	0	0	0	0	0	
1342	43	0	8	10	14	2	0	0	0	0	0	0	0	0	
1343	43	4	12	10	14	2	0	0	0	0	0	0	0	0	
1344	43	12	10	10	14	2	0	0	0	0	0	0	0	0	
1345	43	2	0	10	14	2	0	0	0	0	0	0	0	0	
1346	43	0	10	10	14	2	0	0	0	0	0	0	0	0	
1347	43	2	12	10	14	2	0	0	0	0	0	0	0	0	
1348	43	12	0	10	14	2	0	0	0	0	0	0	0	0	
1349	43	0	0	10	14	2	0	0	0	0	0	0	0	0	
1350	43	12	12	10	14	2	0	0	0	0	0	0	0	0	
1351	43	0	12	10	14	2	0	0	0	0	0	0	0	0	
1352	36	10	5	10	14	2	0	0	0	0	0	0	0	0	
1353	32	4	10	-999	-999	2	0	0	0	0	0	0	0	0	
1374	1374	1354	1354	1358	1358	1362	1362	1366	1366	1370	1370	1376	1376	
1374	1374	1354	1354	1358	1358	1362	1362	1366	1366	1370	1370	1376	1376	
1355	1355	NULL	NULL	NULL	NULL	1378	1378	NULL	NULL	NULL	NULL	1357	1357	
1355	1355	NULL	NULL	NULL	NULL	1378	1378	NULL	NULL	NULL	NULL	1357	1357	
1359	1359	NULL	NULL	NULL	NULL	1379	1379	NULL	NULL	NULL	NULL	1361	1361	
1359	1359	1380	1380	NULL	NULL	1379	1379	NULL	NULL	NULL	NULL	1361	1361	
1363	1363	1380	1380	1381	1381	1382	1382	1383	1383	1384	1384	1365	1365	
1363	1363	1385	1385	1381	1381	1382	1382	1383	1383	1384	1384	1365	1365	
1367	1367	1385	1385	NULL	NULL	1386	1386	NULL	NULL	NULL	NULL	1369	1369	
1367	1367	NULL	NULL	NULL	NULL	1386	1386	NULL	NULL	NULL	NULL	1369	1369	
1371	1371	NULL	NULL	NULL	NULL	1387	1387	NULL	NULL	NULL	NULL	1373	1373	
1371	1371	NULL	NULL	NULL	NULL	1387	1387	NULL	NULL	NULL	NULL	1373	1373	
1375	1375	1356	1356	1360	1360	1364	1364	1368	1368	1372	1372	1377	1377	
1375	1375	1356	1356	1360	1360	1364	1364	1368	1368	1372	1372	1377	1377	
1354	43	2	0	4	10	2	0	0	0	0	0	0	0	0	
1355	43	0	2	4	10	2	0	0	0	0	0	0	0	0	
1356	43	2	12	4	10	2	0	0	0	0	0	0	0	0	
1357	43	12	2	4	10	2	0	0	0	0	0	0	0	0	
1358	43	4	0	4	10	2	0	0	0	0	0	0	0	0	
1359	43	0	4	4	10	2	0	0	0	0	0	0	0	0	
1360	43	4	12	4	10	2	0	0	0	0	0	0	0	0	
1361	43	12	4	4	10	2	0	0	0	0	0	0	0	0	
1362	42	6	0	4	10	2	0	0	0	0	0	0	0	0	
1363	43	0	6	4	10	2	0	0	0	0	0	0	0	0	
1364	42	6	12	4	10	2	0	0	0	0	0	0	0	0	
1365	42	12	6	4	10	2	0	0	0	0	0	0	0	0	
1366	43	8	0	4	10	2	0	0	0	0	0	0	0	0	
1367	43	0	8	4	10	2	0	0	0	0	0	0	0	0	
1368	43	8	12	4	10	2	0	0	0	0	0	0	0	0	
1369	43	12	8	4	10	2	0	0	0	0	0	0	0	0	
1370	43	10	0	4	10	2	0	0	0	0	0	0	0	0	
1371	43	0	10	4	10	2	0	0	0	0	0	0	0	0	
1372	43	10	12	4	10	2	0	0	0	0	0	0	0	0	
1373	43	12	10	4	10	2	0	0	0	0	0	0	0	0	
1374	43	0	0	4	10	2	0	0	0	0	0	0	0	0	
1375	43	0	12	4	10	2	0	0	0	0	0	0	0	0	
1376	43	12	0	4	10	2	0	0	0	0	0	0	0	0	
1377	43	12	12	4	10	2	0	0	0	0	0	0	0	0	
1378	37	6	2	4	10	2	0	0	0	0	0	0	0	0	
1379	55	6	4	4	10	2	0	0	0	0	0	0	0	0	
1380	36	2	5	4	10	2	0	0	0	0	0	0	0	0	
1381	58	4	6	4	10	2	0	0	0	0	0	0	0	0	
1382	34	6	6	4	10	2	0	0	0	0	0	0	0	0	
1383	56	8	6	4	10	2	0	0	0	0	0	0	0	0	
1384	37	10	6	4	10	2	0	0	0	0	0	0	0	0	
1385	36	2	7	4	10	2	0	0	0	0	0	0	0	0	
1386	57	6	8	4	10	2	0	0	0	0	0	0	0	0	
1387	37	6	10	4	10	2	0	0	0	0	0	0	0	0	
1388	32	4	12	-999	-999	2	0	0	0	0	0	0	0	0	
1158	1158	1389	1389	1168	1168	1151	1151	1183	1183	1160	1160	1181	1181	
1158	1158	1389	1389	1168	1168	1151	1151	1183	1183	1160	1160	1181	1181	
1390	1390	NULL	NULL	NULL	NULL	1171	1171	NULL	NULL	NULL	NULL	1144	1144	
1390	1390	NULL	NULL	NULL	NULL	1171	1171	NULL	NULL	NULL	NULL	1144	1144	
1163	1163	NULL	NULL	NULL	NULL	1154	1154	NULL	NULL	NULL	NULL	1155	1155	
1163	1163	1152	1152	NULL	NULL	1154	1154	NULL	NULL	NULL	NULL	1155	1155	
1147	1147	1152	1152	1180	1180	1175	1175	1172	1172	1150	1150	1164	1164	
1147	1147	1148	1148	1180	1180	1175	1175	1172	1172	1150	1150	1164	1164	
1178	1178	1148	1148	NULL	NULL	1179	1179	NULL	NULL	NULL	NULL	1162	1162	
1178	1178	NULL	NULL	NULL	NULL	1179	1179	NULL	NULL	NULL	NULL	1162	1162	
1182	1182	NULL	NULL	NULL	NULL	1174	1174	NULL	NULL	NULL	NULL	1170	1170	
1182	1182	NULL	NULL	NULL	NULL	1174	1174	NULL	NULL	NULL	NULL	1170	1170	
1156	1156	1391	1391	1159	1159	1166	1166	1169	1169	1177	1177	1176	1176	
1156	1156	1391	1391	1159	1159	1166	1166	1169	1169	1177	1177	1176	1176	
1389	43	2	0	4	12	2	0	0	0	0	0	0	0	0	
1390	43	0	2	4	12	2	0	0	0	0	0	0	0	0	
1391	43	2	12	4	12	2	0	0	0	0	0	0	0	0	
301	301	386	386	416	416	411	411	1012	1012	410	410	408	408	1143	1143	NULL	NULL	NULL	NULL	NULL	NULL	NULL	NULL	
301	301	386	386	416	416	411	411	1012	1012	410	410	408	408	1143	1143	NULL	NULL	NULL	NULL	NULL	NULL	NULL	NULL	
266	266	296	296	415	415	382	382	409	409	375	375	421	421	1142	1142	NULL	NULL	NULL	NULL	NULL	NULL	NULL	NULL	
266	266	296	296	415	415	382	382	409	409	375	375	421	421	1142	1142	NULL	NULL	NULL	NULL	NULL	NULL	NULL	NULL	
505	505	498	498	98	98	511	511	545	545	579	579	466	466	1141	1141	NULL	NULL	NULL	NULL	NULL	NULL	NULL	NULL	
505	505	498	498	98	98	511	511	545	545	579	579	466	466	1141	1141	NULL	NULL	NULL	NULL	NULL	NULL	NULL	NULL	
762	762	294	294	1014	1014	681	681	647	647	613	613	433	433	1140	1140	NULL	NULL	NULL	NULL	NULL	NULL	NULL	NULL	
762	762	294	294	1014	1014	681	681	647	647	613	613	433	433	1140	1140	NULL	NULL	NULL	NULL	NULL	NULL	NULL	NULL	
1112	1112	151	151	1046	1046	134	134	100	100	1221	1221	417	417	1139	1139	NULL	NULL	NULL	NULL	NULL	NULL	NULL	NULL	
1112	1112	151	151	1046	1046	134	134	100	100	1221	1221	417	417	1139	1139	NULL	NULL	NULL	NULL	NULL	NULL	NULL	NULL	
447	447	403	403	1353	1353	0	0	715	715	1256	1256	432	432	1138	1138	NULL	NULL	NULL	NULL	NULL	NULL	NULL	NULL	
447	447	403	403	1353	1353	0	0	715	715	1256	1256	432	432	1138	1138	NULL	NULL	NULL	NULL	NULL	NULL	NULL	NULL	
387	387	405	405	1388	1388	851	851	817	817	1291	1291	399	399	1137	1137	NULL	NULL	NULL	NULL	NULL	NULL	NULL	NULL	
387	387	405	405	1388	1388	851	851	817	817	1291	1291	399	399	1137	1137	NULL	NULL	NULL	NULL	NULL	NULL	NULL	NULL	
413	413	414	414	1173	1173	885	885	781	781	1327	1327	367	367	1136	1136	NULL	NULL	NULL	NULL	NULL	NULL	NULL	NULL	
413	413	414	414	1173	1173	885	885	781	781	1327	1327	367	367	1136	1136	NULL	NULL	NULL	NULL	NULL	NULL	NULL	NULL	
394	394	442	442	1212	1212	919	919	67	67	1326	1326	323	323	1135	1135	NULL	NULL	NULL	NULL	NULL	NULL	NULL	NULL	
394	394	442	442	1212	1212	919	919	67	67	1326	1326	323	323	1135	1135	NULL	NULL	NULL	NULL	NULL	NULL	NULL	NULL	
404	404	406	406	239	239	953	953	987	987	477	477	427	427	1134	1134	NULL	NULL	NULL	NULL	NULL	NULL	NULL	NULL	
404	404	406	406	239	239	953	953	987	987	477	477	427	427	1134	1134	NULL	NULL	NULL	NULL	NULL	NULL	NULL	NULL	
271	271	279	279	426	426	315	315	302	302	504	504	441	441	1133	1133	1130	1130	146	146	145	145	127	127	
271	271	279	279	426	426	315	315	302	302	504	504	441	441	1133	1133	1130	1130	146	146	145	145	127	127	
281	281	418	418	298	298	317	317	389	389	391	391	448	448	1132	1132	1131	1131	153	153	202	202	165	165	
281	281	418	418	298	298	317	317	389	389	391	391	448	448	1132	1132	1131	1131	153	153	202	202	165	165	
