504
0	34	8	7	2	5	3	0	0	0	0	0	0	0	0	1	
1	42	0	10	16	22	2	0	0	0	0	0	0	0	0	1	
2	43	6	0	18	22	2	0	0	0	0	0	0	0	0	1	
3	43	10	12	16	22	2	0	0	0	0	0	0	0	0	1	
4	43	12	0	14	22	2	0	0	0	0	0	0	0	0	1	
5	43	10	12	20	22	2	0	0	0	0	0	0	0	0	1	
6	40	2	19	-999	-999	2	0	0	0	0	0	0	0	0	1	
7	40	4	9	-999	-999	2	0	0	0	0	0	0	0	0	1	
8	37	0	7	-999	-999	4	0	0	0	0	0	0	0	0	1	
9	42	12	10	16	22	2	0	0	0	0	0	0	0	0	1	
10	43	0	0	18	22	2	0	0	0	0	0	0	0	0	1	
11	40	20	3	-999	-999	2	0	0	0	0	0	0	0	0	1	
12	40	2	3	-999	-999	2	0	0	0	0	0	0	0	0	1	
13	40	4	1	-999	-999	2	0	0	0	0	0	0	0	0	1	
14	40	20	1	-999	-999	2	0	0	0	0	0	0	0	0	1	
15	40	22	1	-999	-999	2	0	0	0	0	0	0	0	0	1	
16	27	0	19	-999	-999	0	0	0	0	0	0	0	0	0	1	
17	42	0	10	18	22	2	0	0	0	0	0	0	0	0	1	
18	40	0	3	-999	-999	2	0	0	0	0	0	0	0	0	1	
19	43	10	12	18	22	2	0	0	0	0	0	0	0	0	1	
20	34	6	10	2	5	2	0	0	0	0	0	0	0	0	1	
21	40	0	21	-999	-999	2	0	0	0	0	0	0	0	0	1	
22	40	0	1	-999	-999	2	0	0	0	0	0	0	0	0	1	
23	43	0	0	16	22	2	0	0	0	0	0	0	0	0	1	
24	40	2	1	-999	-999	2	0	0	0	0	0	0	0	0	1	
25	34	10	6	2	5	4	0	0	0	0	0	0	0	0	1	
26	43	0	12	14	22	2	0	0	0	0	0	0	0	0	1	
27	43	0	12	16	22	2	0	0	0	0	0	0	0	0	1	
28	40	2	21	-999	-999	2	0	0	0	0	0	0	0	0	1	
29	43	12	8	14	22	2	0	0	0	0	0	0	0	0	1	
30	43	10	12	14	22	2	0	0	0	0	0	0	0	0	1	
31	42	12	10	14	22	2	0	0	0	0	0	0	0	0	1	
32	34	8	5	2	5	3	0	0	0	0	0	0	0	0	1	
33	42	12	10	18	22	2	0	0	0	0	0	0	0	0	1	
34	43	0	12	18	22	2	0	0	0	0	0	0	0	0	1	
35	40	6	3	-999	-999	2	0	0	0	0	0	0	0	0	1	
36	12	8	19	-999	-999	4	100000	0	0	0	0	0	0	0	1	
37	43	10	0	20	22	2	0	0	0	0	0	0	0	0	1	
38	12	4	3	-999	-999	3	100000	0	0	0	0	0	0	0	1	
39	40	6	1	-999	-999	2	0	0	0	0	0	0	0	0	1	
40	34	6	2	2	5	2	0	0	0	0	0	0	0	0	1	
41	43	0	0	14	22	2	0	0	0	0	0	0	0	0	1	
42	43	0	8	12	17	2	0	0	0	0	0	0	0	0	1	
43	43	0	8	12	14	2	0	0	0	0	0	0	0	0	1	
44	13	14	8	-999	-999	2	100000	0	0	0	0	0	0	0	1	
45	12	22	5	-999	-999	2	100000	0	0	0	0	0	0	0	1	
46	37	4	3	12	17	2	0	0	0	0	0	0	0	0	1	
47	43	8	12	12	17	2	0	0	0	0	0	0	0	0	1	
48	43	6	12	12	17	2	0	0	0	0	0	0	0	0	1	
49	16	14	17	-999	-999	2	100000	0	0	0	0	0	0	0	1	
50	15	16	14	-999	-999	2	100000	0	0	0	0	0	0	0	1	
51	15	14	14	-999	-999	2	100000	0	0	0	0	0	0	0	1	
52	43	6	12	12	14	2	0	0	0	0	0	0	0	0	1	
53	14	14	11	-999	-999	2	100000	0	0	0	0	0	0	0	1	
54	14	18	11	-999	-999	2	100000	0	0	0	0	0	0	0	1	
55	14	16	11	-999	-999	2	100000	0	0	0	0	0	0	0	1	
56	13	16	8	-999	-999	2	100000	0	0	0	0	0	0	0	1	
57	13	18	8	-999	-999	2	100000	0	0	0	0	0	0	0	1	
58	13	20	8	-999	-999	2	100000	0	0	0	0	0	0	0	1	
59	12	20	5	-999	-999	2	100000	0	0	0	0	0	0	0	1	
60	12	18	5	-999	-999	2	100000	0	0	0	0	0	0	0	1	
61	12	16	5	-999	-999	2	100000	0	0	0	0	0	0	0	1	
62	32	12	5	-999	-999	2	0	0	0	0	0	0	0	0	1	
66	66	86	86	69	69	80	80	87	87	91	91	85	85	
66	66	86	86	69	69	80	80	87	87	91	91	85	85	
81	81	NULL	NULL	NULL	NULL	NULL	NULL	NULL	NULL	NULL	NULL	73	73	
81	81	NULL	NULL	NULL	NULL	NULL	NULL	NULL	NULL	NULL	NULL	73	73	
65	65	NULL	NULL	NULL	NULL	NULL	NULL	NULL	NULL	NULL	NULL	82	82	
65	65	NULL	NULL	NULL	NULL	NULL	NULL	NULL	NULL	NULL	NULL	82	82	
78	78	75	75	71	71	67	67	63	63	83	83	74	74	
78	78	75	75	71	71	67	67	63	63	83	83	74	74	
88	88	NULL	NULL	NULL	NULL	NULL	NULL	NULL	NULL	NULL	NULL	90	90	
88	88	NULL	NULL	NULL	NULL	NULL	NULL	NULL	NULL	NULL	NULL	90	90	
72	72	NULL	NULL	NULL	NULL	NULL	NULL	NULL	NULL	NULL	NULL	68	68	
72	72	NULL	NULL	NULL	NULL	NULL	NULL	NULL	NULL	NULL	NULL	68	68	
64	64	77	77	84	84	76	76	89	89	70	70	79	79	
64	64	77	77	84	84	76	76	89	89	70	70	79	79	
63	37	8	6	12	5	2	0	0	0	0	0	0	0	0	1	
64	43	0	12	12	5	2	0	0	0	0	0	0	0	0	1	
65	43	0	4	12	5	2	0	0	0	0	0	0	0	0	1	
66	43	0	0	12	5	2	0	0	0	0	0	0	0	0	1	
67	37	6	6	12	5	2	0	0	0	0	0	0	0	0	1	
68	43	12	10	12	5	2	0	0	0	0	0	0	0	0	1	
69	43	4	0	12	5	2	0	0	0	0	0	0	0	0	1	
70	43	10	12	12	5	2	0	0	0	0	0	0	0	0	1	
71	37	4	6	12	5	2	0	0	0	0	0	0	0	0	1	
72	43	0	10	12	5	2	0	0	0	0	0	0	0	0	1	
73	43	12	2	12	5	2	0	0	0	0	0	0	0	0	1	
74	42	12	6	12	5	2	0	0	0	0	0	0	0	0	1	
75	37	2	6	12	5	2	0	0	0	0	0	0	0	0	1	
76	43	6	12	12	5	2	0	0	0	0	0	0	0	0	1	
77	43	2	12	12	5	2	0	0	0	0	0	0	0	0	1	
78	42	0	6	12	5	4	0	0	0	0	0	0	0	0	1	
79	43	12	12	12	5	2	0	0	0	0	0	0	0	0	1	
80	43	6	0	12	5	2	0	0	0	0	0	0	0	0	1	
81	43	0	2	12	5	2	0	0	0	0	0	0	0	0	1	
82	43	12	4	12	5	2	0	0	0	0	0	0	0	0	1	
83	37	10	6	12	5	2	0	0	0	0	0	0	0	0	1	
84	43	4	12	12	5	2	0	0	0	0	0	0	0	0	1	
85	43	12	0	12	5	2	0	0	0	0	0	0	0	0	1	
86	43	2	0	12	5	2	0	0	0	0	0	0	0	0	1	
87	43	8	0	12	5	2	0	0	0	0	0	0	0	0	1	
88	43	0	8	12	5	2	0	0	0	0	0	0	0	0	1	
89	43	8	12	12	5	2	0	0	0	0	0	0	0	0	1	
90	43	12	8	12	5	2	0	0	0	0	0	0	0	0	1	
91	43	10	0	12	5	2	0	0	0	0	0	0	0	0	1	
92	32	12	8	-999	-999	2	0	0	0	0	0	0	0	0	1	
96	96	116	116	99	99	110	110	119	119	117	117	115	115	
96	96	116	116	99	99	110	110	119	119	117	117	115	115	
111	111	NULL	NULL	NULL	NULL	NULL	NULL	NULL	NULL	NULL	NULL	103	103	
111	111	NULL	NULL	NULL	NULL	NULL	NULL	NULL	NULL	NULL	NULL	103	103	
95	95	NULL	NULL	NULL	NULL	NULL	NULL	NULL	NULL	NULL	NULL	112	112	
95	95	NULL	NULL	NULL	NULL	NULL	NULL	NULL	NULL	NULL	NULL	112	112	
108	108	105	105	101	101	97	97	93	93	113	113	104	104	
108	108	105	105	101	101	97	97	93	93	113	113	104	104	
120	120	NULL	NULL	NULL	NULL	NULL	NULL	NULL	NULL	NULL	NULL	118	118	
120	120	NULL	NULL	NULL	NULL	NULL	NULL	NULL	NULL	NULL	NULL	118	118	
102	102	NULL	NULL	NULL	NULL	NULL	NULL	NULL	NULL	NULL	NULL	98	98	
102	102	NULL	NULL	NULL	NULL	NULL	NULL	NULL	NULL	NULL	NULL	98	98	
94	94	107	107	114	114	106	106	121	121	100	100	109	109	
94	94	107	107	114	114	106	106	121	121	100	100	109	109	
93	37	8	6	12	8	2	0	0	0	0	0	0	0	0	1	
94	43	0	12	12	8	2	0	0	0	0	0	0	0	0	1	
95	43	0	4	12	8	2	0	0	0	0	0	0	0	0	1	
96	43	0	0	12	8	2	0	0	0	0	0	0	0	0	1	
97	7	6	6	12	8	2	0	0	0	0	0	0	0	0	1	
98	43	12	10	12	8	2	0	0	0	0	0	0	0	0	1	
99	43	4	0	12	8	2	0	0	0	0	0	0	0	0	1	
100	43	10	12	12	8	2	0	0	0	0	0	0	0	0	1	
101	37	4	6	12	8	2	0	0	0	0	0	0	0	0	1	
102	43	0	10	12	8	2	0	0	0	0	0	0	0	0	1	
103	43	12	2	12	8	2	0	0	0	0	0	0	0	0	1	
104	42	12	6	12	8	2	0	0	0	0	0	0	0	0	1	
105	37	2	6	12	8	2	0	0	0	0	0	0	0	0	1	
106	43	6	12	12	8	2	0	0	0	0	0	0	0	0	1	
107	43	2	12	12	8	2	0	0	0	0	0	0	0	0	1	
108	42	0	6	12	8	4	0	0	0	0	0	0	0	0	1	
109	43	12	12	12	8	2	0	0	0	0	0	0	0	0	1	
110	43	6	0	12	8	2	0	0	0	0	0	0	0	0	1	
111	43	0	2	12	8	2	0	0	0	0	0	0	0	0	1	
112	43	12	4	12	8	2	0	0	0	0	0	0	0	0	1	
113	37	10	6	12	8	2	0	0	0	0	0	0	0	0	1	
114	43	4	12	12	8	2	0	0	0	0	0	0	0	0	1	
115	43	12	0	12	8	2	0	0	0	0	0	0	0	0	1	
116	43	2	0	12	8	2	0	0	0	0	0	0	0	0	1	
117	43	10	0	12	8	2	0	0	0	0	0	0	0	0	1	
118	43	12	8	12	8	2	0	0	0	0	0	0	0	0	1	
119	43	8	0	12	8	2	0	0	0	0	0	0	0	0	1	
120	43	0	8	12	8	2	0	0	0	0	0	0	0	0	1	
121	43	8	12	12	8	2	0	0	0	0	0	0	0	0	1	
122	32	12	11	-999	-999	2	0	0	0	0	0	0	0	0	1	
128	128	146	146	129	129	140	140	151	151	147	147	124	124	
128	128	146	146	129	129	140	140	151	151	147	147	124	124	
141	141	NULL	NULL	NULL	NULL	NULL	NULL	NULL	NULL	NULL	NULL	133	133	
141	141	NULL	NULL	NULL	NULL	NULL	NULL	NULL	NULL	NULL	NULL	133	133	
125	125	NULL	NULL	NULL	NULL	NULL	NULL	NULL	NULL	NULL	NULL	142	142	
125	125	NULL	NULL	NULL	NULL	139	139	NULL	NULL	NULL	NULL	142	142	
138	138	135	135	131	131	139	139	NULL	NULL	127	127	152	152	
138	138	135	135	131	131	123	123	143	143	127	127	152	152	
134	134	NULL	NULL	NULL	NULL	123	123	143	143	NULL	NULL	148	148	
134	134	NULL	NULL	NULL	NULL	NULL	NULL	NULL	NULL	NULL	NULL	148	148	
132	132	NULL	NULL	NULL	NULL	NULL	NULL	NULL	NULL	NULL	NULL	130	130	
132	132	NULL	NULL	NULL	NULL	NULL	NULL	NULL	NULL	NULL	NULL	130	130	
126	126	137	137	144	144	136	136	149	149	150	150	145	145	
126	126	137	137	144	144	136	136	149	149	150	150	145	145	
123	8	6	7	12	11	3	0	0	0	0	0	0	0	0	1	
124	43	12	0	12	11	2	0	0	0	0	0	0	0	0	1	
125	43	0	4	12	11	2	0	0	0	0	0	0	0	0	1	
126	43	0	12	12	11	2	0	0	0	0	0	0	0	0	1	
127	37	10	6	12	11	2	0	0	0	0	0	0	0	0	1	
128	43	0	0	12	11	2	0	0	0	0	0	0	0	0	1	
129	43	4	0	12	11	2	0	0	0	0	0	0	0	0	1	
130	43	12	10	12	11	2	0	0	0	0	0	0	0	0	1	
131	37	4	6	12	11	2	0	0	0	0	0	0	0	0	1	
132	43	0	10	12	11	2	0	0	0	0	0	0	0	0	1	
133	43	12	2	12	11	2	0	0	0	0	0	0	0	0	1	
134	43	0	8	12	11	2	0	0	0	0	0	0	0	0	1	
135	37	2	6	12	11	2	0	0	0	0	0	0	0	0	1	
136	43	6	12	12	11	2	0	0	0	0	0	0	0	0	1	
137	43	2	12	12	11	2	0	0	0	0	0	0	0	0	1	
138	42	0	6	12	11	4	0	0	0	0	0	0	0	0	1	
139	7	6	5	12	11	2	0	0	0	0	0	0	0	0	1	
140	43	6	0	12	11	2	0	0	0	0	0	0	0	0	1	
141	43	0	2	12	11	2	0	0	0	0	0	0	0	0	1	
142	43	12	4	12	11	2	0	0	0	0	0	0	0	0	1	
143	37	8	7	12	11	3	0	0	0	0	0	0	0	0	1	
144	43	4	12	12	11	2	0	0	0	0	0	0	0	0	1	
145	43	12	12	12	11	2	0	0	0	0	0	0	0	0	1	
146	43	2	0	12	11	2	0	0	0	0	0	0	0	0	1	
147	43	10	0	12	11	2	0	0	0	0	0	0	0	0	1	
148	43	12	8	12	11	2	0	0	0	0	0	0	0	0	1	
149	43	8	12	12	11	2	0	0	0	0	0	0	0	0	1	
150	43	10	12	12	11	2	0	0	0	0	0	0	0	0	1	
151	43	8	0	12	11	2	0	0	0	0	0	0	0	0	1	
152	42	12	6	12	11	2	0	0	0	0	0	0	0	0	1	
153	32	12	14	-999	-999	2	0	0	0	0	0	0	0	0	1	
161	161	177	177	160	160	171	171	167	167	184	184	159	159	
161	161	177	177	160	160	171	171	167	167	184	184	159	159	
172	172	NULL	NULL	NULL	NULL	NULL	NULL	NULL	NULL	NULL	NULL	164	164	
172	172	NULL	NULL	NULL	NULL	NULL	NULL	NULL	NULL	NULL	NULL	164	164	
156	156	NULL	NULL	NULL	NULL	155	155	NULL	NULL	NULL	NULL	173	173	
156	156	NULL	NULL	176	176	155	155	NULL	NULL	NULL	NULL	173	173	
169	169	170	170	176	176	166	166	NULL	NULL	NULL	NULL	183	183	
169	169	170	170	162	162	166	166	NULL	NULL	158	158	183	183	
43	43	NULL	NULL	162	162	154	154	174	174	158	158	165	165	
43	43	NULL	NULL	NULL	NULL	154	154	174	174	NULL	NULL	165	165	
179	179	NULL	NULL	NULL	NULL	NULL	NULL	NULL	NULL	NULL	NULL	180	180	
179	179	NULL	NULL	NULL	NULL	NULL	NULL	NULL	NULL	NULL	NULL	180	180	
182	182	168	168	175	175	52	52	181	181	163	163	157	157	
182	182	168	168	175	175	52	52	181	181	163	163	157	157	
154	9	6	8	12	14	3	0	0	0	0	0	0	0	0	1	
155	7	6	4	12	14	2	0	0	0	0	0	0	0	0	1	
156	43	0	4	12	14	2	0	0	0	0	0	0	0	0	1	
157	43	12	12	12	14	2	0	0	0	0	0	0	0	0	1	
158	37	10	7	12	14	4	0	0	0	0	0	0	0	0	1	
159	43	12	0	12	14	2	0	0	0	0	0	0	0	0	1	
160	43	4	0	12	14	2	0	0	0	0	0	0	0	0	1	
161	43	0	0	12	14	2	0	0	0	0	0	0	0	0	1	
162	37	4	7	12	14	2	0	0	0	0	0	0	0	0	1	
163	43	10	12	12	14	2	0	0	0	0	0	0	0	0	1	
164	43	12	2	12	14	2	0	0	0	0	0	0	0	0	1	
165	43	12	8	12	14	2	0	0	0	0	0	0	0	0	1	
166	8	6	6	12	14	2	0	0	0	0	0	0	0	0	1	
167	43	8	0	12	14	2	0	0	0	0	0	0	0	0	1	
168	43	2	12	12	14	2	0	0	0	0	0	0	0	0	1	
169	42	0	6	12	14	4	0	0	0	0	0	0	0	0	1	
170	37	2	6	12	14	1	0	0	0	0	0	0	0	0	1	
171	43	6	0	12	14	2	0	0	0	0	0	0	0	0	1	
172	43	0	2	12	14	2	0	0	0	0	0	0	0	0	1	
173	43	12	4	12	14	2	0	0	0	0	0	0	0	0	1	
174	37	8	8	12	14	3	0	0	0	0	0	0	0	0	1	
175	43	4	12	12	14	2	0	0	0	0	0	0	0	0	1	
176	37	4	5	12	14	2	0	0	0	0	0	0	0	0	1	
177	43	2	0	12	14	2	0	0	0	0	0	0	0	0	1	
178	42	12	6	12	17	2	0	0	0	0	0	0	0	0	1	
179	43	0	10	12	14	2	0	0	0	0	0	0	0	0	1	
180	43	12	10	12	14	2	0	0	0	0	0	0	0	0	1	
181	43	8	12	12	14	2	0	0	0	0	0	0	0	0	1	
182	43	0	12	12	14	2	0	0	0	0	0	0	0	0	1	
183	42	12	6	12	14	2	0	0	0	0	0	0	0	0	1	
184	43	10	0	12	14	2	0	0	0	0	0	0	0	0	1	
185	43	12	12	12	17	2	0	0	0	0	0	0	0	0	1	
186	32	12	17	-999	-999	2	0	0	0	0	0	0	0	0	1	
194	194	210	210	193	193	204	204	200	200	214	214	192	192	
194	194	210	210	193	193	204	204	200	200	214	214	192	192	
205	205	NULL	NULL	NULL	NULL	190	190	NULL	NULL	NULL	NULL	197	197	
205	205	NULL	NULL	46	46	190	190	NULL	NULL	NULL	NULL	197	197	
189	189	NULL	NULL	46	46	188	188	NULL	NULL	NULL	NULL	206	206	
189	189	NULL	NULL	209	209	188	188	NULL	NULL	NULL	NULL	206	206	
202	202	203	203	209	209	199	199	NULL	NULL	NULL	NULL	178	178	
202	202	203	203	195	195	199	199	NULL	NULL	191	191	178	178	
42	42	NULL	NULL	195	195	187	187	207	207	191	191	198	198	
42	42	NULL	NULL	NULL	NULL	187	187	207	207	NULL	NULL	198	198	
213	213	NULL	NULL	NULL	NULL	NULL	NULL	NULL	NULL	NULL	NULL	212	212	
213	213	NULL	NULL	NULL	NULL	NULL	NULL	NULL	NULL	NULL	NULL	212	212	
211	211	201	201	208	208	48	48	47	47	196	196	185	185	
211	211	201	201	208	208	48	48	47	47	196	196	185	185	
187	10	6	8	12	17	3	0	0	0	0	0	0	0	0	1	
188	8	6	4	12	17	2	0	0	0	0	0	0	0	0	1	
189	43	0	4	12	17	2	0	0	0	0	0	0	0	0	1	
190	7	6	2	12	17	2	0	0	0	0	0	0	0	0	1	
191	37	10	7	12	17	2	0	0	0	0	0	0	0	0	1	
192	43	12	0	12	17	2	0	0	0	0	0	0	0	0	1	
193	43	4	0	12	17	2	0	0	0	0	0	0	0	0	1	
194	43	0	0	12	17	2	0	0	0	0	0	0	0	0	1	
195	37	4	7	12	17	2	0	0	0	0	0	0	0	0	1	
196	43	10	12	12	17	2	0	0	0	0	0	0	0	0	1	
197	43	12	2	12	17	2	0	0	0	0	0	0	0	0	1	
198	43	12	8	12	17	2	0	0	0	0	0	0	0	0	1	
199	9	6	6	12	17	2	0	0	0	0	0	0	0	0	1	
200	43	8	0	12	17	2	0	0	0	0	0	0	0	0	1	
201	43	2	12	12	17	2	0	0	0	0	0	0	0	0	1	
202	42	0	6	12	17	4	0	0	0	0	0	0	0	0	1	
203	37	2	6	12	17	1	0	0	0	0	0	0	0	0	1	
204	43	6	0	12	17	2	0	0	0	0	0	0	0	0	1	
205	43	0	2	12	17	2	0	0	0	0	0	0	0	0	1	
206	43	12	4	12	17	2	0	0	0	0	0	0	0	0	1	
207	37	8	8	12	17	3	0	0	0	0	0	0	0	0	1	
208	43	4	12	12	17	2	0	0	0	0	0	0	0	0	1	
209	37	4	5	12	17	2	0	0	0	0	0	0	0	0	1	
210	43	2	0	12	17	2	0	0	0	0	0	0	0	0	1	
211	43	0	12	12	17	2	0	0	0	0	0	0	0	0	1	
212	43	12	10	12	17	2	0	0	0	0	0	0	0	0	1	
213	43	0	10	12	17	2	0	0	0	0	0	0	0	0	1	
214	43	10	0	12	17	2	0	0	0	0	0	0	0	0	1	
215	12	14	5	-999	-999	2	100000	0	0	0	0	0	0	0	1	
216	55	10	5	-999	-999	3	0	0	0	0	0	0	0	0	1	
217	56	10	8	-999	-999	3	0	0	0	0	0	0	0	0	1	
218	57	10	11	-999	-999	3	0	0	0	0	0	0	0	0	1	
219	58	10	14	-999	-999	3	0	0	0	0	0	0	0	0	1	
220	59	10	17	-999	-999	3	0	0	0	0	0	0	0	0	1	
221	40	2	7	-999	-999	2	0	0	0	0	0	0	0	0	1	
222	40	18	1	-999	-999	2	0	0	0	0	0	0	0	0	1	
223	40	18	3	-999	-999	2	0	0	0	0	0	0	0	0	1	
224	37	4	5	-999	-999	2	0	0	0	0	0	0	0	0	1	
225	37	6	5	-999	-999	2	0	0	0	0	0	0	0	0	1	
226	37	8	5	-999	-999	2	0	0	0	0	0	0	0	0	1	
227	37	8	7	-999	-999	2	0	0	0	0	0	0	0	0	1	
228	37	8	9	-999	-999	2	0	0	0	0	0	0	0	0	1	
229	37	8	11	-999	-999	2	0	0	0	0	0	0	0	0	1	
230	37	8	13	-999	-999	2	0	0	0	0	0	0	0	0	1	
231	37	8	15	-999	-999	2	0	0	0	0	0	0	0	0	1	
232	37	8	17	-999	-999	2	0	0	0	0	0	0	0	0	1	
233	40	22	7	-999	-999	2	0	0	0	0	0	0	0	0	1	
234	40	22	9	-999	-999	2	0	0	0	0	0	0	0	0	1	
235	40	20	10	-999	-999	2	0	0	0	0	0	0	0	0	1	
236	40	22	11	-999	-999	2	0	0	0	0	0	0	0	0	1	
237	40	20	12	-999	-999	2	0	0	0	0	0	0	0	0	1	
238	40	22	13	-999	-999	2	0	0	0	0	0	0	0	0	1	
239	40	18	13	-999	-999	2	0	0	0	0	0	0	0	0	1	
240	40	20	14	-999	-999	2	0	0	0	0	0	0	0	0	1	
241	40	22	15	-999	-999	2	0	0	0	0	0	0	0	0	1	
242	40	18	15	-999	-999	2	0	0	0	0	0	0	0	0	1	
243	40	20	16	-999	-999	2	0	0	0	0	0	0	0	0	1	
244	40	22	17	-999	-999	2	0	0	0	0	0	0	0	0	1	
245	40	18	17	-999	-999	2	0	0	0	0	0	0	0	0	1	
246	40	16	16	-999	-999	2	0	0	0	0	0	0	0	0	1	
247	40	20	18	-999	-999	2	0	0	0	0	0	0	0	0	1	
248	5	4	7	2	5	1	0	0	0	0	0	0	0	0	1	
249	5	4	5	2	5	1	0	0	0	0	0	0	0	0	1	
250	34	6	8	2	5	2	0	0	0	0	0	0	0	0	1	
251	34	6	4	2	5	2	0	0	0	0	0	0	0	0	1	
252	34	4	3	2	5	2	0	0	0	0	0	0	0	0	1	
253	34	2	4	2	5	0	0	0	0	0	0	0	0	0	1	
254	40	22	20	-999	-999	2	0	0	0	0	0	0	0	0	1	
255	5	2	6	2	5	0	0	0	0	0	0	0	0	0	1	
256	34	6	6	2	5	2	0	0	0	0	0	0	0	0	1	
257	35	10	10	20	22	2	0	0	0	0	0	0	0	0	1	
258	34	2	8	2	5	0	0	0	0	0	0	0	0	0	1	
259	40	19	20	-999	-999	2	0	0	0	0	0	0	0	0	1	
260	40	12	21	-999	-999	2	0	0	0	0	0	0	0	0	1	
261	40	10	21	-999	-999	2	0	0	0	0	0	0	0	0	1	
262	40	10	19	-999	-999	2	0	0	0	0	0	0	0	0	1	
263	42	0	10	20	22	2	0	0	0	0	0	0	0	0	1	
264	40	8	21	-999	-999	2	0	0	0	0	0	0	0	0	1	
265	32	14	22	-999	-999	2	0	0	0	0	0	0	0	0	1	
41	41	289	289	272	272	438	438	329	329	279	279	4	4	
41	41	289	289	272	272	438	438	329	329	279	279	4	4	
284	284	273	273	271	271	269	269	323	323	325	325	276	276	
284	284	273	273	271	271	269	269	323	323	325	325	276	276	
268	268	NULL	NULL	NULL	NULL	NULL	NULL	NULL	NULL	NULL	NULL	285	285	
268	268	NULL	NULL	NULL	NULL	NULL	NULL	NULL	NULL	NULL	NULL	285	285	
439	439	327	327	442	442	315	315	267	267	288	288	441	441	
439	439	327	327	442	442	315	315	267	267	288	288	441	441	
283	283	282	282	NULL	NULL	NULL	NULL	NULL	NULL	NULL	NULL	29	29	
283	283	282	282	NULL	NULL	NULL	NULL	NULL	NULL	NULL	NULL	29	29	
277	277	278	278	274	274	270	270	266	266	286	286	31	31	
277	277	278	278	274	274	270	270	266	266	286	286	31	31	
26	26	280	280	287	287	440	440	281	281	30	30	275	275	
26	26	280	280	287	287	440	440	281	281	30	30	275	275	
266	35	8	10	14	22	2	0	0	0	0	0	0	0	0	1	
267	35	8	6	14	22	2	0	0	0	0	0	0	0	0	1	
268	43	0	4	14	22	2	0	0	0	0	0	0	0	0	1	
269	35	6	2	14	22	2	0	0	0	0	0	0	0	0	1	
270	35	6	10	14	22	2	0	0	0	0	0	0	0	0	1	
271	60	4	2	14	22	2	0	0	0	0	0	0	0	0	1	
272	43	4	0	14	22	2	0	0	0	0	0	0	0	0	1	
273	0	2	2	14	22	2	0	2	1	0	0	0	0	0	1	
274	35	4	10	14	22	2	0	0	0	0	0	0	0	0	1	
275	43	12	12	14	22	2	0	0	0	0	0	0	0	0	1	
276	42	12	2	14	22	2	0	0	0	0	0	0	0	0	1	
277	43	0	10	14	22	2	0	0	0	0	0	0	0	0	1	
278	35	2	10	14	22	2	0	0	0	0	0	0	0	0	1	
279	43	10	0	14	22	2	0	0	0	0	0	0	0	0	1	
280	43	2	12	14	22	2	0	0	0	0	0	0	0	0	1	
281	43	8	12	14	22	2	0	0	0	0	0	0	0	0	1	
282	35	2	8	14	22	2	0	0	0	0	0	0	0	0	1	
283	43	0	8	14	22	2	0	0	0	0	0	0	0	0	1	
284	43	0	2	14	22	2	0	0	0	0	0	0	0	0	1	
285	43	12	4	14	22	2	0	0	0	0	0	0	0	0	1	
286	35	10	10	14	22	2	0	0	0	0	0	0	0	0	1	
287	43	4	12	14	22	2	0	0	0	0	0	0	0	0	1	
288	35	10	6	14	22	2	0	0	0	0	0	0	0	0	1	
289	43	2	0	14	22	2	0	0	0	0	0	0	0	0	1	
290	32	18	22	-999	-999	2	0	0	0	0	0	0	0	0	1	
10	10	314	314	297	297	2	2	318	318	302	302	300	300	
10	10	314	314	297	297	2	2	318	318	302	302	300	300	
309	309	296	296	294	294	326	326	322	322	317	317	301	301	
309	309	296	296	294	294	326	326	322	322	317	317	301	301	
293	293	NULL	NULL	NULL	NULL	NULL	NULL	NULL	NULL	NULL	NULL	310	310	
293	293	NULL	NULL	NULL	NULL	NULL	NULL	NULL	NULL	NULL	NULL	310	310	
324	324	319	319	321	321	292	292	313	313	307	307	316	316	
324	324	319	319	321	321	292	292	313	313	307	307	316	316	
308	308	NULL	NULL	NULL	NULL	NULL	NULL	NULL	NULL	NULL	NULL	304	304	
308	308	NULL	NULL	NULL	NULL	NULL	NULL	NULL	NULL	NULL	NULL	304	304	
17	17	303	303	299	299	295	295	291	291	311	311	33	33	
17	17	303	303	299	299	295	295	291	291	311	311	33	33	
34	34	305	305	312	312	320	320	306	306	19	19	298	298	
34	34	305	305	312	312	320	320	306	306	19	19	298	298	
291	35	8	10	18	22	2	0	0	0	0	0	0	0	0	1	
292	35	6	6	18	22	2	0	0	0	0	0	0	0	0	1	
293	43	0	4	18	22	2	0	0	0	0	0	0	0	0	1	
294	61	4	2	18	22	2	0	0	0	0	0	0	0	0	1	
295	35	6	10	18	22	2	0	0	0	0	0	0	0	0	1	
296	60	2	2	18	22	2	0	0	0	0	0	0	0	0	1	
297	43	4	0	18	22	2	0	0	0	0	0	0	0	0	1	
298	43	12	12	18	22	2	0	0	0	0	0	0	0	0	1	
299	35	4	10	18	22	2	0	0	0	0	0	0	0	0	1	
300	43	12	0	18	22	2	0	0	0	0	0	0	0	0	1	
301	42	12	2	18	22	2	0	0	0	0	0	0	0	0	1	
302	43	10	0	18	22	2	0	0	0	0	0	0	0	0	1	
303	62	2	10	18	22	2	0	0	0	0	0	0	0	0	1	
304	43	12	8	18	22	2	0	0	0	0	0	0	0	0	1	
305	43	2	12	18	22	2	0	0	0	0	0	0	0	0	1	
306	43	8	12	18	22	2	0	0	0	0	0	0	0	0	1	
307	64	10	6	18	22	2	0	0	0	0	0	0	0	0	1	
308	43	0	8	18	22	2	0	0	0	0	0	0	0	0	1	
309	42	0	2	18	22	2	0	0	0	0	0	0	0	0	1	
310	43	12	4	18	22	2	0	0	0	0	0	0	0	0	1	
311	35	10	10	18	22	2	0	0	0	0	0	0	0	0	1	
312	43	4	12	18	22	2	0	0	0	0	0	0	0	0	1	
313	63	8	6	18	22	2	0	0	0	0	0	0	0	0	1	
314	43	2	0	18	22	2	0	0	0	0	0	0	0	0	1	
315	35	6	6	14	22	2	0	0	0	0	0	0	0	0	1	
316	42	12	6	18	22	2	0	0	0	0	0	0	0	0	1	
317	35	10	2	18	22	2	0	0	0	0	0	0	0	0	1	
318	43	8	0	18	22	2	0	0	0	0	0	0	0	0	1	
319	35	2	6	18	22	2	0	0	0	0	0	0	0	0	1	
320	43	6	12	18	22	2	0	0	0	0	0	0	0	0	1	
321	35	4	6	18	22	2	0	0	0	0	0	0	0	0	1	
322	35	8	2	18	22	2	0	0	0	0	0	0	0	0	1	
323	35	8	2	14	22	2	0	0	0	0	0	0	0	0	1	
324	42	0	6	18	22	2	0	0	0	0	0	0	0	0	1	
325	35	10	2	14	22	2	0	0	0	0	0	0	0	0	1	
326	35	6	2	18	22	2	0	0	0	0	0	0	0	0	1	
327	35	2	6	14	22	2	0	0	0	0	0	0	0	0	1	
328	43	8	0	16	22	2	0	0	0	0	0	0	0	0	1	
329	43	8	0	14	22	2	0	0	0	0	0	0	0	0	1	
330	32	16	22	-999	-999	2	0	0	0	0	0	0	0	0	1	
23	23	354	354	337	337	364	364	328	328	342	342	340	340	
23	23	354	354	337	337	364	364	328	328	342	342	340	340	
349	349	336	336	334	334	359	359	358	358	357	357	341	341	
349	349	336	336	334	334	359	359	358	358	357	357	341	341	
333	333	NULL	NULL	NULL	NULL	NULL	NULL	NULL	NULL	NULL	NULL	350	350	
333	333	NULL	NULL	NULL	NULL	NULL	NULL	NULL	NULL	NULL	NULL	350	350	
363	363	457	457	356	356	332	332	353	353	347	347	361	361	
363	363	457	457	356	356	332	332	353	353	347	347	361	361	
348	348	NULL	NULL	NULL	NULL	NULL	NULL	NULL	NULL	NULL	NULL	344	344	
348	348	NULL	NULL	NULL	NULL	NULL	NULL	NULL	NULL	NULL	NULL	344	344	
1	1	343	343	339	339	335	335	331	331	351	351	9	9	
1	1	343	343	339	339	335	335	331	331	351	351	9	9	
27	27	345	345	352	352	362	362	346	346	3	3	338	338	
27	27	345	345	352	352	362	362	346	346	3	3	338	338	
331	35	8	10	16	22	2	0	0	0	0	0	0	0	0	1	
332	35	6	6	16	22	2	0	0	0	0	0	0	0	0	1	
333	43	0	4	16	22	2	0	0	0	0	0	0	0	0	1	
334	35	4	2	16	22	2	0	0	0	0	0	0	0	0	1	
335	35	6	10	16	22	2	0	0	0	0	0	0	0	0	1	
336	35	2	2	16	22	2	0	0	0	0	0	0	0	0	1	
337	43	4	0	16	22	2	0	0	0	0	0	0	0	0	1	
338	43	12	12	16	22	2	0	0	0	0	0	0	0	0	1	
339	35	4	10	16	22	2	0	0	0	0	0	0	0	0	1	
340	43	12	0	16	22	2	0	0	0	0	0	0	0	0	1	
341	42	12	2	16	22	2	0	0	0	0	0	0	0	0	1	
342	43	10	0	16	22	2	0	0	0	0	0	0	0	0	1	
343	35	2	10	16	22	2	0	0	0	0	0	0	0	0	1	
344	43	12	8	16	22	2	0	0	0	0	0	0	0	0	1	
345	43	2	12	16	22	2	0	0	0	0	0	0	0	0	1	
346	43	8	12	16	22	2	0	0	0	0	0	0	0	0	1	
347	35	10	6	16	22	2	0	0	0	0	0	0	0	0	1	
348	43	0	8	16	22	2	0	0	0	0	0	0	0	0	1	
349	42	0	2	16	22	2	0	0	0	0	0	0	0	0	1	
350	43	12	4	16	22	2	0	0	0	0	0	0	0	0	1	
351	63	10	10	16	22	2	0	0	0	0	0	0	0	0	1	
352	43	4	12	16	22	2	0	0	0	0	0	0	0	0	1	
353	35	8	6	16	22	2	0	0	0	0	0	0	0	0	1	
354	43	2	0	16	22	2	0	0	0	0	0	0	0	0	1	
355	40	22	3	-999	-999	2	0	0	0	0	0	0	0	0	1	
356	35	4	6	16	22	2	0	0	0	0	0	0	0	0	1	
357	35	10	2	16	22	2	0	0	0	0	0	0	0	0	1	
358	35	8	2	16	22	2	0	0	0	0	0	0	0	0	1	
359	35	6	2	16	22	2	0	0	0	0	0	0	0	0	1	
360	35	2	2	22	22	2	0	0	0	0	0	0	0	0	1	
361	42	12	6	16	22	2	0	0	0	0	0	0	0	0	1	
362	43	6	12	16	22	2	0	0	0	0	0	0	0	0	1	
363	42	0	6	16	22	2	0	0	0	0	0	0	0	0	1	
364	43	6	0	16	22	2	0	0	0	0	0	0	0	0	1	
365	35	10	10	22	22	2	0	0	0	0	0	0	0	0	1	
366	35	6	10	20	22	2	0	0	0	0	0	0	0	0	1	
367	35	10	2	20	22	2	0	0	0	0	0	0	0	0	1	
368	43	4	0	20	22	2	0	0	0	0	0	0	0	0	1	
369	43	12	0	20	22	2	0	0	0	0	0	0	0	0	1	
370	35	4	10	20	22	2	0	0	0	0	0	0	0	0	1	
371	43	0	12	20	22	2	0	0	0	0	0	0	0	0	1	
372	42	12	2	20	22	2	0	0	0	0	0	0	0	0	1	
373	43	0	0	20	22	2	0	0	0	0	0	0	0	0	1	
374	35	2	10	20	22	2	0	0	0	0	0	0	0	0	1	
375	42	12	10	20	22	2	0	0	0	0	0	0	0	0	1	
376	43	2	12	20	22	2	0	0	0	0	0	0	0	0	1	
377	43	12	8	20	22	2	0	0	0	0	0	0	0	0	1	
378	17	6	6	20	22	2	0	0	0	0	0	0	0	0	1	
379	43	8	12	20	22	2	0	0	0	0	0	0	0	0	1	
380	42	0	2	20	22	2	0	0	0	0	0	0	0	0	1	
381	43	0	8	20	22	2	0	0	0	0	0	0	0	0	1	
382	37	4	6	20	22	2	0	0	0	0	0	0	0	0	1	
383	43	8	0	20	22	2	0	0	0	0	0	0	0	0	1	
384	43	2	0	20	22	2	0	0	0	0	0	0	0	0	1	
385	43	4	12	20	22	2	0	0	0	0	0	0	0	0	1	
386	35	8	10	20	22	2	0	0	0	0	0	0	0	0	1	
387	43	0	4	20	22	2	0	0	0	0	0	0	0	0	1	
388	37	2	6	20	22	2	0	0	0	0	0	0	0	0	1	
389	32	20	22	-999	-999	2	0	0	0	0	0	0	0	0	1	
373	373	384	384	368	368	398	398	383	383	37	37	369	369	
373	373	384	384	368	368	398	398	383	383	37	37	369	369	
380	380	393	393	392	392	391	391	390	390	367	367	372	372	
380	380	393	393	392	392	391	391	390	390	367	367	372	372	
387	387	NULL	NULL	NULL	NULL	NULL	NULL	NULL	NULL	NULL	NULL	399	399	
387	387	NULL	NULL	NULL	NULL	NULL	NULL	NULL	NULL	NULL	NULL	399	399	
397	397	388	388	382	382	378	378	NULL	NULL	NULL	NULL	395	395	
397	397	388	388	382	382	378	378	NULL	NULL	NULL	NULL	395	395	
381	381	NULL	NULL	NULL	NULL	NULL	NULL	NULL	NULL	NULL	NULL	377	377	
381	381	NULL	NULL	NULL	NULL	NULL	NULL	NULL	NULL	NULL	NULL	377	377	
263	263	374	374	370	370	366	366	386	386	257	257	375	375	
263	263	374	374	370	370	366	366	386	386	257	257	375	375	
371	371	376	376	385	385	396	396	379	379	5	5	394	394	
371	371	376	376	385	385	396	396	379	379	5	5	394	394	
390	35	8	2	20	22	2	0	0	0	0	0	0	0	0	1	
391	35	6	2	20	22	2	0	0	0	0	0	0	0	0	1	
392	35	4	2	20	22	2	0	0	0	0	0	0	0	0	1	
393	35	2	2	20	22	2	0	0	0	0	0	0	0	0	1	
394	43	12	12	20	22	2	0	0	0	0	0	0	0	0	1	
395	43	12	6	20	22	2	0	0	0	0	0	0	0	0	1	
396	43	6	12	20	22	2	0	0	0	0	0	0	0	0	1	
397	42	0	6	20	22	2	0	0	0	0	0	0	0	0	1	
398	43	6	0	20	22	2	0	0	0	0	0	0	0	0	1	
399	43	12	4	20	22	2	0	0	0	0	0	0	0	0	1	
400	34	4	9	2	5	2	0	0	0	0	0	0	0	0	1	
401	35	6	10	22	22	2	0	0	0	0	0	0	0	0	1	
402	35	10	2	22	22	2	0	0	0	0	0	0	0	0	1	
403	43	4	0	22	22	2	0	0	0	0	0	0	0	0	1	
404	43	12	0	22	22	2	0	0	0	0	0	0	0	0	1	
405	35	4	10	22	22	2	0	0	0	0	0	0	0	0	1	
406	43	0	12	22	22	2	0	0	0	0	0	0	0	0	1	
407	43	12	2	22	22	2	0	0	0	0	0	0	0	0	1	
408	43	12	10	22	22	2	0	0	0	0	0	0	0	0	1	
409	35	2	10	22	22	2	0	0	0	0	0	0	0	0	1	
410	43	10	12	22	22	2	0	0	0	0	0	0	0	0	1	
411	43	2	12	22	22	2	0	0	0	0	0	0	0	0	1	
412	43	10	0	22	22	2	0	0	0	0	0	0	0	0	1	
413	35	10	8	22	22	2	0	0	0	0	0	0	0	0	1	
414	43	12	8	22	22	2	0	0	0	0	0	0	0	0	1	
415	42	0	2	22	22	2	0	0	0	0	0	0	0	0	1	
416	43	0	8	22	22	2	0	0	0	0	0	0	0	0	1	
417	35	10	6	22	22	2	0	0	0	0	0	0	0	0	1	
418	43	8	0	22	22	2	0	0	0	0	0	0	0	0	1	
419	43	2	0	22	22	2	0	0	0	0	0	0	0	0	1	
420	43	4	12	22	22	2	0	0	0	0	0	0	0	0	1	
421	35	8	10	22	22	2	0	0	0	0	0	0	0	0	1	
422	43	0	4	22	22	2	0	0	0	0	0	0	0	0	1	
423	35	10	4	22	22	2	0	0	0	0	0	0	0	0	1	
424	32	22	22	-999	-999	2	0	0	0	0	0	0	0	0	1	
435	435	419	419	403	403	433	433	418	418	412	412	404	404	
435	435	419	419	403	403	433	433	418	418	412	412	404	404	
415	415	360	360	428	428	426	426	425	425	402	402	407	407	
415	415	360	360	428	428	426	426	425	425	402	402	407	407	
422	422	NULL	NULL	NULL	NULL	NULL	NULL	NULL	NULL	423	423	434	434	
422	422	NULL	NULL	NULL	NULL	NULL	NULL	NULL	NULL	423	423	434	434	
432	432	NULL	NULL	NULL	NULL	NULL	NULL	NULL	NULL	417	417	430	430	
432	432	NULL	NULL	NULL	NULL	NULL	NULL	NULL	NULL	417	417	430	430	
416	416	NULL	NULL	NULL	NULL	NULL	NULL	NULL	NULL	413	413	414	414	
416	416	NULL	NULL	NULL	NULL	NULL	NULL	NULL	NULL	413	413	414	414	
436	436	409	409	405	405	401	401	421	421	365	365	408	408	
436	436	409	409	405	405	401	401	421	421	365	365	408	408	
406	406	411	411	420	420	431	431	437	437	410	410	429	429	
406	406	411	411	420	420	431	431	437	437	410	410	429	429	
425	62	8	2	22	22	2	0	0	0	0	0	0	0	0	1	
426	61	6	2	22	22	2	0	0	0	0	0	0	0	0	1	
427	40	4	11	-999	-999	2	0	0	0	0	0	0	0	0	1	
428	35	4	2	22	22	2	0	0	0	0	0	0	0	0	1	
429	43	12	12	22	22	2	0	0	0	0	0	0	0	0	1	
430	43	12	6	22	22	2	0	0	0	0	0	0	0	0	1	
431	43	6	12	22	22	2	0	0	0	0	0	0	0	0	1	
432	43	0	6	22	22	2	0	0	0	0	0	0	0	0	1	
433	43	6	0	22	22	2	0	0	0	0	0	0	0	0	1	
434	43	12	4	22	22	2	0	0	0	0	0	0	0	0	1	
435	43	0	0	22	22	2	0	0	0	0	0	0	0	0	1	
436	42	0	10	22	22	2	0	0	0	0	0	0	0	0	1	
437	43	8	12	22	22	2	0	0	0	0	0	0	0	0	1	
438	43	6	0	14	22	2	0	0	0	0	0	0	0	0	1	
439	43	0	6	14	22	2	0	0	0	0	0	0	0	0	1	
440	43	6	12	14	22	2	0	0	0	0	0	0	0	0	1	
441	42	12	6	14	22	2	0	0	0	0	0	0	0	0	1	
442	35	4	6	14	22	2	0	0	0	0	0	0	0	0	1	
443	37	0	11	-999	-999	3	0	0	0	0	0	0	0	0	1	
444	37	0	13	-999	-999	2	0	0	0	0	0	0	0	0	1	
445	37	0	15	-999	-999	1	0	0	0	0	0	0	0	0	1	
446	37	0	17	-999	-999	0	0	0	0	0	0	0	0	0	1	
447	37	0	5	-999	-999	2	0	0	0	0	0	0	0	0	1	
448	37	0	9	-999	-999	4	0	0	0	0	0	0	0	0	1	
449	4	2	9	-999	-999	2	0	0	1	0	0	0	0	0	1	
450	3	2	11	-999	-999	2	4	4	2	0	0	0	0	0	1	
451	0	2	17	-999	-999	2	40	4	5	0	0	0	0	0	1	
452	1	2	15	-999	-999	2	24	4	4	0	0	0	0	0	1	
453	2	2	13	-999	-999	2	12	4	3	0	0	0	0	0	1	
454	40	6	7	-999	-999	2	0	0	0	0	0	0	0	0	1	
455	40	6	9	-999	-999	2	0	0	0	0	0	0	0	0	1	
456	40	4	7	-999	-999	2	0	0	0	0	0	0	0	0	1	
457	35	2	6	16	22	2	0	0	0	0	0	0	0	0	1	
458	40	6	11	-999	-999	2	0	0	0	0	0	0	0	0	1	
459	40	6	13	-999	-999	2	0	0	0	0	0	0	0	0	1	
460	40	4	13	-999	-999	2	0	0	0	0	0	0	0	0	1	
461	40	4	15	-999	-999	2	0	0	0	0	0	0	0	0	1	
462	40	6	15	-999	-999	2	0	0	0	0	0	0	0	0	1	
463	40	6	17	-999	-999	2	0	0	0	0	0	0	0	0	1	
464	40	4	17	-999	-999	2	0	0	0	0	0	0	0	0	1	
465	40	4	19	-999	-999	2	0	0	0	0	0	0	0	0	1	
466	40	6	19	-999	-999	2	0	0	0	0	0	0	0	0	1	
467	40	6	21	-999	-999	2	0	0	0	0	0	0	0	0	1	
468	40	4	21	-999	-999	2	0	0	0	0	0	0	0	0	1	
469	32	2	5	-999	-999	2	0	0	0	0	0	0	0	0	1	
490	490	470	470	474	474	478	478	482	482	486	486	492	492	
490	490	470	470	474	474	478	478	482	482	486	486	492	492	
471	471	NULL	NULL	NULL	NULL	40	40	NULL	NULL	NULL	NULL	473	473	
471	471	NULL	NULL	252	252	40	40	NULL	NULL	NULL	NULL	473	473	
475	475	253	253	252	252	251	251	NULL	NULL	NULL	NULL	477	477	
475	475	253	253	249	249	251	251	32	32	NULL	NULL	477	477	
479	479	255	255	249	249	256	256	32	32	25	25	481	481	
479	479	255	255	248	248	256	256	0	0	25	25	481	481	
483	483	258	258	248	248	250	250	0	0	NULL	NULL	485	485	
483	483	258	258	400	400	250	250	NULL	NULL	NULL	NULL	485	485	
487	487	NULL	NULL	400	400	20	20	NULL	NULL	NULL	NULL	489	489	
487	487	NULL	NULL	NULL	NULL	20	20	NULL	NULL	NULL	NULL	489	489	
491	491	472	472	476	476	480	480	484	484	488	488	493	493	
491	491	472	472	476	476	480	480	484	484	488	488	493	493	
470	43	2	0	2	5	2	0	0	0	0	0	0	0	0	1	
471	43	0	2	2	5	2	0	0	0	0	0	0	0	0	1	
472	43	2	12	2	5	2	0	0	0	0	0	0	0	0	1	
473	43	12	2	2	5	2	0	0	0	0	0	0	0	0	1	
474	43	4	0	2	5	2	0	0	0	0	0	0	0	0	1	
475	43	0	4	2	5	2	0	0	0	0	0	0	0	0	1	
476	43	4	12	2	5	2	0	0	0	0	0	0	0	0	1	
477	43	12	4	2	5	2	0	0	0	0	0	0	0	0	1	
478	43	6	0	2	5	2	0	0	0	0	0	0	0	0	1	
479	42	0	6	2	5	0	0	0	0	0	0	0	0	0	1	
480	43	6	12	2	5	2	0	0	0	0	0	0	0	0	1	
481	42	12	6	2	5	4	0	0	0	0	0	0	0	0	1	
482	43	8	0	2	5	2	0	0	0	0	0	0	0	0	1	
483	43	0	8	2	5	2	0	0	0	0	0	0	0	0	1	
484	43	8	12	2	5	2	0	0	0	0	0	0	0	0	1	
485	43	12	8	2	5	2	0	0	0	0	0	0	0	0	1	
486	43	10	0	2	5	2	0	0	0	0	0	0	0	0	1	
487	43	0	10	2	5	2	0	0	0	0	0	0	0	0	1	
488	43	10	12	2	5	2	0	0	0	0	0	0	0	0	1	
489	43	12	10	2	5	2	0	0	0	0	0	0	0	0	1	
490	43	0	0	2	5	2	0	0	0	0	0	0	0	0	1	
491	43	0	12	2	5	2	0	0	0	0	0	0	0	0	1	
492	43	12	0	2	5	2	0	0	0	0	0	0	0	0	1	
493	43	12	12	2	5	2	0	0	0	0	0	0	0	0	1	
494	40	13	19	-999	-999	2	0	0	0	0	0	0	0	0	1	
495	40	15	20	-999	-999	2	0	0	0	0	0	0	0	0	1	
496	40	16	18	-999	-999	2	0	0	0	0	0	0	0	0	1	
497	40	17	20	-999	-999	2	0	0	0	0	0	0	0	0	1	
498	40	15	3	-999	-999	2	0	0	0	0	0	0	0	0	1	
499	40	12	3	-999	-999	2	0	0	0	0	0	0	0	0	1	
500	40	9	3	-999	-999	2	0	0	0	0	0	0	0	0	1	
501	40	9	1	-999	-999	2	0	0	0	0	0	0	0	0	1	
502	40	12	1	-999	-999	2	0	0	0	0	0	0	0	0	1	
503	40	15	1	-999	-999	2	0	0	0	0	0	0	0	0	1	
NULL	NULL	NULL	NULL	NULL	NULL	NULL	NULL	NULL	NULL	NULL	NULL	NULL	NULL	NULL	NULL	NULL	NULL	NULL	NULL	NULL	NULL	NULL	NULL	
22	22	24	24	13	13	39	39	NULL	501	501	NULL	502	502	NULL	503	503	NULL	222	222	14	14	15	15	
22	22	24	24	13	13	39	39	NULL	501	501	NULL	502	502	NULL	503	503	NULL	222	222	14	14	15	15	
18	18	12	12	38	38	35	35	NULL	500	500	NULL	499	499	NULL	498	498	NULL	223	223	11	11	355	355	
18	18	12	12	38	38	35	35	NULL	500	500	NULL	499	499	NULL	498	498	NULL	223	223	11	11	355	355	
447	447	469	469	224	224	225	225	226	226	216	216	62	62	215	215	61	61	60	60	59	59	45	45	
447	447	469	469	224	224	225	225	226	226	216	216	62	62	215	215	61	61	60	60	59	59	45	45	
8	8	221	221	456	456	454	454	227	227	NULL	NULL	NULL	NULL	NULL	NULL	NULL	NULL	NULL	NULL	NULL	NULL	233	233	
8	8	221	221	456	456	454	454	227	227	217	217	92	92	44	44	56	56	57	57	58	58	233	233	
448	448	449	449	7	7	455	455	228	228	217	217	92	92	44	44	56	56	57	57	58	58	234	234	
448	448	449	449	7	7	455	455	228	228	NULL	NULL	NULL	NULL	NULL	NULL	NULL	NULL	NULL	NULL	235	235	234	234	
443	443	450	450	427	427	458	458	229	229	218	218	122	122	53	53	55	55	54	54	235	235	236	236	
443	443	450	450	427	427	458	458	229	229	218	218	122	122	53	53	55	55	54	54	237	237	236	236	
444	444	453	453	460	460	459	459	230	230	NULL	NULL	NULL	NULL	NULL	NULL	NULL	NULL	239	239	237	237	238	238	
444	444	453	453	460	460	459	459	230	230	219	219	153	153	51	51	50	50	239	239	240	240	238	238	
445	445	452	452	461	461	462	462	231	231	219	219	153	153	51	51	50	50	242	242	240	240	241	241	
445	445	452	452	461	461	462	462	231	231	NULL	NULL	NULL	NULL	NULL	NULL	246	246	242	242	243	243	241	241	
446	446	451	451	464	464	463	463	232	232	220	220	186	186	49	49	246	246	245	245	243	243	244	244	
446	446	451	451	464	464	463	463	232	232	220	220	186	186	49	49	496	496	245	245	247	247	244	244	
16	16	6	6	465	465	466	466	36	36	262	262	NULL	494	494	NULL	496	496	NULL	NULL	247	247	NULL	NULL	
16	16	6	6	465	465	466	466	36	36	262	262	NULL	494	494	495	495	497	497	259	259	NULL	254	254	
21	21	28	28	468	468	467	467	264	264	261	261	260	260	NULL	495	495	497	497	259	259	NULL	254	254	
21	21	28	28	468	468	467	467	264	264	261	261	260	260	265	265	330	330	290	290	389	389	424	424	
NULL	NULL	NULL	NULL	NULL	NULL	NULL	NULL	NULL	NULL	NULL	NULL	NULL	NULL	265	265	330	330	290	290	389	389	424	424	
