84
0	2	11	2	-999	-999	2	0	1	1000	0	0	0	0	0	
1	3	15	2	-999	-999	2	0	1	1000	0	0	0	0	0	
2	0	3	2	-999	-999	2	0	1	1000	0	0	0	0	0	
3	40	5	20	-999	-999	2	0	0	0	0	0	0	0	0	
4	40	3	0	-999	-999	2	0	0	0	0	0	0	0	0	
5	40	5	2	-999	-999	2	0	0	0	0	0	0	0	0	
6	4	19	2	-999	-999	2	0	1	1000	0	0	0	0	0	
7	40	13	22	-999	-999	2	0	0	0	0	0	0	0	0	
8	40	21	20	-999	-999	2	0	0	0	0	0	0	0	0	
9	40	7	0	-999	-999	2	0	0	0	0	0	0	0	0	
10	40	1	2	-999	-999	2	0	0	0	0	0	0	0	0	
11	40	21	2	-999	-999	2	0	0	0	0	0	0	0	0	
12	40	1	0	-999	-999	2	0	0	0	0	0	0	0	0	
13	40	9	2	-999	-999	2	0	0	0	0	0	0	0	0	
14	40	11	0	-999	-999	2	0	0	0	0	0	0	0	0	
15	40	21	22	-999	-999	2	0	0	0	0	0	0	0	0	
16	40	17	2	-999	-999	2	0	0	0	0	0	0	0	0	
17	40	17	20	-999	-999	2	0	0	0	0	0	0	0	0	
18	40	19	0	-999	-999	2	0	0	0	0	0	0	0	0	
19	40	9	22	-999	-999	2	0	0	0	0	0	0	0	0	
20	40	1	20	-999	-999	2	0	0	0	0	0	0	0	0	
21	68	19	20	-999	-999	2	10	120	1	0	0	0	0	0	
22	40	5	22	-999	-999	2	0	0	0	0	0	0	0	0	
23	40	13	2	-999	-999	2	0	0	0	0	0	0	0	0	
24	69	15	20	-999	-999	2	20	120	2	0	0	0	0	0	
25	70	11	20	-999	-999	2	30	120	3	0	0	0	0	0	
26	40	17	22	-999	-999	2	0	0	0	0	0	0	0	0	
27	40	7	22	-999	-999	2	0	0	0	0	0	0	0	0	
28	40	9	0	-999	-999	2	0	0	0	0	0	0	0	0	
29	40	13	0	-999	-999	2	0	0	0	0	0	0	0	0	
30	40	21	0	-999	-999	2	0	0	0	0	0	0	0	0	
31	40	15	22	-999	-999	2	0	0	0	0	0	0	0	0	
32	71	7	20	-999	-999	2	40	120	4	0	0	0	0	0	
33	40	15	0	-999	-999	2	0	0	0	0	0	0	0	0	
34	40	9	20	-999	-999	2	0	0	0	0	0	0	0	0	
35	40	17	0	-999	-999	2	0	0	0	0	0	0	0	0	
36	40	13	20	-999	-999	2	0	0	0	0	0	0	0	0	
37	40	5	0	-999	-999	2	0	0	0	0	0	0	0	0	
38	40	11	22	-999	-999	2	0	0	0	0	0	0	0	0	
39	40	1	22	-999	-999	2	0	0	0	0	0	0	0	0	
40	40	3	22	-999	-999	2	0	0	0	0	0	0	0	0	
41	40	19	22	-999	-999	2	0	0	0	0	0	0	0	0	
42	1	7	2	-999	-999	2	0	1	1000	0	0	0	0	0	
43	37	19	4	-999	-999	0	0	0	0	0	0	0	0	0	
44	37	19	6	-999	-999	0	0	0	0	0	0	0	0	0	
45	37	19	8	-999	-999	1	0	0	0	0	0	0	0	0	
46	37	19	10	-999	-999	1	0	0	0	0	0	0	0	0	
47	37	19	12	-999	-999	2	0	0	0	0	0	0	0	0	
48	37	19	14	-999	-999	2	0	0	0	0	0	0	0	0	
49	37	19	16	-999	-999	3	0	0	0	0	0	0	0	0	
50	37	19	18	-999	-999	3	0	0	0	0	0	0	0	0	
51	37	15	4	-999	-999	0	0	0	0	0	0	0	0	0	
52	37	15	6	-999	-999	0	0	0	0	0	0	0	0	0	
53	37	15	8	-999	-999	1	0	0	0	0	0	0	0	0	
54	37	15	10	-999	-999	1	0	0	0	0	0	0	0	0	
55	37	15	12	-999	-999	2	0	0	0	0	0	0	0	0	
56	37	15	14	-999	-999	2	0	0	0	0	0	0	0	0	
57	37	15	16	-999	-999	3	0	0	0	0	0	0	0	0	
58	37	15	18	-999	-999	3	0	0	0	0	0	0	0	0	
59	37	11	4	-999	-999	0	0	0	0	0	0	0	0	0	
60	37	11	6	-999	-999	0	0	0	0	0	0	0	0	0	
61	37	11	8	-999	-999	1	0	0	0	0	0	0	0	0	
62	37	7	4	-999	-999	0	0	0	0	0	0	0	0	0	
63	37	7	6	-999	-999	0	0	0	0	0	0	0	0	0	
64	37	7	8	-999	-999	1	0	0	0	0	0	0	0	0	
65	37	7	10	-999	-999	1	0	0	0	0	0	0	0	0	
66	37	7	12	-999	-999	2	0	0	0	0	0	0	0	0	
67	37	7	14	-999	-999	2	0	0	0	0	0	0	0	0	
68	37	7	16	-999	-999	3	0	0	0	0	0	0	0	0	
69	37	7	18	-999	-999	3	0	0	0	0	0	0	0	0	
70	37	3	4	-999	-999	0	0	0	0	0	0	0	0	0	
71	37	3	6	-999	-999	0	0	0	0	0	0	0	0	0	
72	37	3	8	-999	-999	1	0	0	0	0	0	0	0	0	
73	37	3	10	-999	-999	1	0	0	0	0	0	0	0	0	
74	37	3	12	-999	-999	2	0	0	0	0	0	0	0	0	
75	37	3	14	-999	-999	2	0	0	0	0	0	0	0	0	
76	37	3	16	-999	-999	3	0	0	0	0	0	0	0	0	
77	37	3	18	-999	-999	3	0	0	0	0	0	0	0	0	
78	37	11	10	-999	-999	1	0	0	0	0	0	0	0	0	
79	37	11	12	-999	-999	2	0	0	0	0	0	0	0	0	
80	37	11	14	-999	-999	2	0	0	0	0	0	0	0	0	
81	37	11	16	-999	-999	3	0	0	0	0	0	0	0	0	
82	37	11	18	-999	-999	3	0	0	0	0	0	0	0	0	
83	72	3	20	-999	-999	2	50	120	5	0	0	0	0	0	
NULL	12	12	4	4	37	37	9	9	28	28	14	14	29	29	33	33	35	35	18	18	30	30	NULL	
NULL	12	12	4	4	37	37	9	9	28	28	14	14	29	29	33	33	35	35	18	18	30	30	NULL	
NULL	10	10	2	2	5	5	42	42	13	13	0	0	23	23	1	1	16	16	6	6	11	11	NULL	
NULL	10	10	2	2	5	5	42	42	13	13	0	0	23	23	1	1	16	16	6	6	11	11	NULL	
NULL	NULL	NULL	70	70	NULL	NULL	62	62	NULL	NULL	59	59	NULL	NULL	51	51	NULL	NULL	43	43	NULL	NULL	NULL	
NULL	NULL	NULL	70	70	NULL	NULL	62	62	NULL	NULL	59	59	NULL	NULL	51	51	NULL	NULL	43	43	NULL	NULL	NULL	
NULL	NULL	NULL	71	71	NULL	NULL	63	63	NULL	NULL	60	60	NULL	NULL	52	52	NULL	NULL	44	44	NULL	NULL	NULL	
NULL	NULL	NULL	71	71	NULL	NULL	63	63	NULL	NULL	60	60	NULL	NULL	52	52	NULL	NULL	44	44	NULL	NULL	NULL	
NULL	NULL	NULL	72	72	NULL	NULL	64	64	NULL	NULL	61	61	NULL	NULL	53	53	NULL	NULL	45	45	NULL	NULL	NULL	
NULL	NULL	NULL	72	72	NULL	NULL	64	64	NULL	NULL	61	61	NULL	NULL	53	53	NULL	NULL	45	45	NULL	NULL	NULL	
NULL	NULL	NULL	73	73	NULL	NULL	65	65	NULL	NULL	78	78	NULL	NULL	54	54	NULL	NULL	46	46	NULL	NULL	NULL	
NULL	NULL	NULL	73	73	NULL	NULL	65	65	NULL	NULL	78	78	NULL	NULL	54	54	NULL	NULL	46	46	NULL	NULL	NULL	
NULL	NULL	NULL	74	74	NULL	NULL	66	66	NULL	NULL	79	79	NULL	NULL	55	55	NULL	NULL	47	47	NULL	NULL	NULL	
NULL	NULL	NULL	74	74	NULL	NULL	66	66	NULL	NULL	79	79	NULL	NULL	55	55	NULL	NULL	47	47	NULL	NULL	NULL	
NULL	NULL	NULL	75	75	NULL	NULL	67	67	NULL	NULL	80	80	NULL	NULL	56	56	NULL	NULL	48	48	NULL	NULL	NULL	
NULL	NULL	NULL	75	75	NULL	NULL	67	67	NULL	NULL	80	80	NULL	NULL	56	56	NULL	NULL	48	48	NULL	NULL	NULL	
NULL	NULL	NULL	76	76	NULL	NULL	68	68	NULL	NULL	81	81	NULL	NULL	57	57	NULL	NULL	49	49	NULL	NULL	NULL	
NULL	NULL	NULL	76	76	NULL	NULL	68	68	NULL	NULL	81	81	NULL	NULL	57	57	NULL	NULL	49	49	NULL	NULL	NULL	
NULL	NULL	NULL	77	77	NULL	NULL	69	69	NULL	NULL	82	82	NULL	NULL	58	58	NULL	NULL	50	50	NULL	NULL	NULL	
NULL	NULL	NULL	77	77	NULL	NULL	69	69	NULL	NULL	82	82	NULL	NULL	58	58	NULL	NULL	50	50	NULL	NULL	NULL	
NULL	20	20	83	83	3	3	32	32	34	34	25	25	36	36	24	24	17	17	21	21	8	8	NULL	
NULL	20	20	83	83	3	3	32	32	34	34	25	25	36	36	24	24	17	17	21	21	8	8	NULL	
NULL	39	39	40	40	22	22	27	27	19	19	38	38	7	7	31	31	26	26	41	41	15	15	NULL	
NULL	39	39	40	40	22	22	27	27	19	19	38	38	7	7	31	31	26	26	41	41	15	15	NULL	
