244
0	43	10	0	4	12	2	0	0	0	0	0	0	0	0	
1	43	4	12	16	13	2	0	0	0	0	0	0	0	0	
2	7	6	3	4	12	3	0	0	0	0	0	0	0	0	
3	43	12	10	4	12	2	0	0	0	0	0	0	0	0	
4	43	12	2	4	12	2	0	0	0	0	0	0	0	0	
5	43	0	8	4	12	2	0	0	0	0	0	0	0	0	
6	43	10	12	4	12	2	0	0	0	0	0	0	0	0	
7	43	0	2	4	12	2	0	0	0	0	0	0	0	0	
8	40	2	10	-999	-999	2	0	0	0	0	0	0	0	0	
9	26	2	10	16	13	2	0	0	0	0	0	0	0	0	
10	43	2	0	4	12	2	0	0	0	0	0	0	0	0	
11	40	0	13	-999	-999	2	0	0	0	0	0	0	0	0	
12	37	3	5	16	13	0	0	0	0	0	0	0	0	0	
13	43	12	12	4	12	2	0	0	0	0	0	0	0	0	
14	9	6	7	4	12	3	0	0	0	0	0	0	0	0	
15	43	0	0	4	12	2	0	0	0	0	0	0	0	0	
16	43	8	0	16	13	2	0	0	0	0	0	0	0	0	
17	37	2	7	4	12	2	0	0	0	0	0	0	0	0	
18	43	4	0	4	12	2	0	0	0	0	0	0	0	0	
19	37	4	4	4	12	2	0	0	0	0	0	0	0	0	
20	43	8	0	4	12	2	0	0	0	0	0	0	0	0	
21	26	6	9	16	13	3	0	0	0	0	0	0	0	0	
22	37	8	8	4	12	3	0	0	0	0	0	0	0	0	
23	42	0	6	4	12	2	0	0	0	0	0	0	0	0	
24	37	4	8	4	12	2	0	0	0	0	0	0	0	0	
25	43	0	4	16	13	2	0	0	0	0	0	0	0	0	
26	27	9	9	18	11	1	0	0	0	0	0	0	0	0	
27	10	6	9	4	12	4	0	0	0	0	0	0	0	0	
28	43	12	10	16	13	2	0	0	0	0	0	0	0	0	
29	43	12	0	4	12	2	0	0	0	0	0	0	0	0	
30	43	6	0	4	12	2	0	0	0	0	0	0	0	0	
31	43	0	4	4	12	2	0	0	0	0	0	0	0	0	
32	37	4	6	4	12	1	0	0	0	0	0	0	0	0	
33	42	2	12	16	13	2	0	0	0	0	0	0	0	0	
34	43	6	12	4	12	2	0	0	0	0	0	0	0	0	
35	43	0	10	4	12	2	0	0	0	0	0	0	0	0	
36	6	8	7	16	13	1	0	0	0	0	0	0	0	0	
37	43	2	0	16	13	2	0	0	0	0	0	0	0	0	
38	21	6	14	-999	-999	2	0	0	0	0	0	0	0	0	
39	6	5	9	18	11	2	0	0	0	0	0	0	0	0	
40	43	0	6	2	12	2	0	0	0	0	0	0	0	0	
41	43	0	4	2	12	2	0	0	0	0	0	0	0	0	
42	43	12	2	2	12	2	0	0	0	0	0	0	0	0	
43	36	7	5	2	12	1	0	0	0	0	0	0	0	0	
44	43	12	12	2	12	2	0	0	0	0	0	0	0	0	
45	43	10	12	16	13	2	0	0	0	0	0	0	0	0	
46	6	7	9	2	12	2	0	0	0	0	0	0	0	0	
47	43	12	0	2	12	2	0	0	0	0	0	0	0	0	
48	42	12	6	2	12	2	0	0	0	0	0	0	0	0	
49	43	0	8	2	12	2	0	0	0	0	0	0	0	0	
50	5	5	4	2	12	2	0	0	0	0	0	0	0	0	
51	34	4	9	16	13	2	0	0	0	0	0	0	0	0	
52	43	2	12	4	12	2	0	0	0	0	0	0	0	0	
53	43	8	12	4	12	2	0	0	0	0	0	0	0	0	
54	43	12	2	16	13	2	0	0	0	0	0	0	0	0	
55	43	0	12	2	12	2	0	0	0	0	0	0	0	0	
56	5	6	7	16	13	3	0	0	0	0	0	0	0	0	
57	43	0	12	4	12	2	0	0	0	0	0	0	0	0	
58	42	0	2	2	12	2	0	0	0	0	0	0	0	0	
59	5	4	7	16	13	2	0	0	0	0	0	0	0	0	
60	43	8	12	2	12	2	0	0	0	0	0	0	0	0	
61	43	12	8	2	12	2	0	0	0	0	0	0	0	0	
62	43	0	6	16	13	2	0	0	0	0	0	0	0	0	
63	43	10	0	16	13	2	0	0	0	0	0	0	0	0	
64	17	5	2	2	12	2	0	0	0	0	0	0	0	0	
65	37	7	5	16	13	3	0	0	0	0	0	0	0	0	
66	32	2	12	-999	-999	2	0	0	0	0	0	0	0	0	
79	79	69	69	85	85	72	72	71	71	103	103	47	47	
79	79	69	69	85	85	72	72	71	71	103	103	47	47	
58	58	117	117	NULL	64	64	NULL	NULL	NULL	NULL	NULL	42	42	
58	58	117	117	NULL	64	64	75	75	93	93	NULL	42	42	
41	41	NULL	89	89	50	50	75	75	93	93	NULL	120	120	
41	41	NULL	89	89	50	50	43	43	NULL	83	83	120	120	
40	40	NULL	67	67	113	113	43	43	NULL	83	83	48	48	
40	40	NULL	67	67	113	113	100	100	NULL	NULL	NULL	48	48	
49	49	NULL	NULL	NULL	104	104	100	100	NULL	NULL	NULL	61	61	
49	49	NULL	84	84	104	104	46	46	NULL	NULL	NULL	61	61	
92	92	NULL	84	84	NULL	NULL	46	46	NULL	NULL	NULL	68	68	
92	92	NULL	NULL	NULL	NULL	NULL	NULL	NULL	NULL	NULL	NULL	68	68	
55	55	73	73	80	80	90	90	60	60	96	96	44	44	
55	55	73	73	80	80	90	90	60	60	96	96	44	44	
67	26	3	6	2	12	3	0	0	0	0	0	0	0	0	
68	43	12	10	2	12	2	0	0	0	0	0	0	0	0	
69	43	2	0	2	12	2	0	0	0	0	0	0	0	0	
70	43	12	4	16	13	2	0	0	0	0	0	0	0	0	
71	43	8	0	2	12	2	0	0	0	0	0	0	0	0	
72	43	6	0	2	12	2	0	0	0	0	0	0	0	0	
73	43	2	12	2	12	2	0	0	0	0	0	0	0	0	
74	43	8	12	16	13	2	0	0	0	0	0	0	0	0	
75	37	7	3	2	12	0	0	0	0	0	0	0	0	0	
76	4	0	11	-999	-999	2	0	2	1000	0	0	0	0	0	
77	40	0	9	-999	-999	2	0	0	0	0	0	0	0	0	
78	43	0	0	16	13	2	0	0	0	0	0	0	0	0	
79	43	0	0	2	12	2	0	0	0	0	0	0	0	0	
80	43	4	12	2	12	2	0	0	0	0	0	0	0	0	
81	37	6	12	-999	-999	2	0	0	0	0	0	0	0	0	
82	43	12	12	16	13	2	0	0	0	0	0	0	0	0	
83	37	10	5	2	12	2	0	0	0	0	0	0	0	0	
84	27	3	9	2	12	1	0	0	0	0	0	0	0	0	
85	43	4	0	2	12	2	0	0	0	0	0	0	0	0	
86	43	4	0	16	13	2	0	0	0	0	0	0	0	0	
87	43	12	4	4	12	2	0	0	0	0	0	0	0	0	
88	42	12	6	4	12	2	0	0	0	0	0	0	0	0	
89	34	3	4	2	12	2	0	0	0	0	0	0	0	0	
90	43	6	12	2	12	2	0	0	0	0	0	0	0	0	
91	37	10	7	4	12	4	0	0	0	0	0	0	0	0	
92	43	0	10	2	12	2	0	0	0	0	0	0	0	0	
93	37	9	3	2	12	2	0	0	0	0	0	0	0	0	
94	43	0	12	16	13	2	0	0	0	0	0	0	0	0	
95	43	4	12	4	12	2	0	0	0	0	0	0	0	0	
96	43	10	12	2	12	2	0	0	0	0	0	0	0	0	
97	43	12	6	16	13	2	0	0	0	0	0	0	0	0	
98	43	0	10	16	13	2	0	0	0	0	0	0	0	0	
99	43	0	8	16	13	2	0	0	0	0	0	0	0	0	
100	37	7	7	2	12	3	0	0	0	0	0	0	0	0	
101	32	4	12	-999	-999	2	0	0	0	0	0	0	0	0	
15	15	10	10	18	18	30	30	20	20	0	0	29	29	
15	15	10	10	18	18	30	30	20	20	0	0	29	29	
7	7	NULL	NULL	NULL	NULL	NULL	NULL	NULL	NULL	NULL	NULL	4	4	
7	7	NULL	NULL	NULL	NULL	2	2	NULL	NULL	NULL	NULL	4	4	
31	31	NULL	NULL	19	19	2	2	NULL	NULL	NULL	NULL	87	87	
31	31	NULL	NULL	19	19	111	111	NULL	NULL	NULL	NULL	87	87	
23	23	NULL	NULL	32	32	111	111	NULL	NULL	NULL	NULL	88	88	
23	23	17	17	32	32	14	14	NULL	NULL	91	91	88	88	
5	5	17	17	24	24	14	14	22	22	91	91	115	115	
5	5	NULL	NULL	24	24	27	27	22	22	NULL	NULL	115	115	
35	35	NULL	NULL	NULL	NULL	27	27	NULL	NULL	NULL	NULL	3	3	
35	35	NULL	NULL	NULL	NULL	NULL	NULL	NULL	NULL	NULL	NULL	3	3	
57	57	52	52	95	95	34	34	53	53	6	6	13	13	
57	57	52	52	95	95	34	34	53	53	6	6	13	13	
102	32	16	13	-999	-999	2	0	0	0	0	0	0	0	0	
78	78	37	37	86	86	107	107	16	16	63	63	105	105	
78	78	37	37	86	86	107	107	16	16	63	63	105	105	
106	106	NULL	NULL	NULL	118	118	NULL	NULL	NULL	NULL	NULL	54	54	
106	106	NULL	116	116	118	118	NULL	NULL	NULL	NULL	NULL	54	54	
25	25	NULL	116	116	NULL	NULL	NULL	NULL	NULL	NULL	NULL	70	70	
25	25	NULL	12	12	109	109	65	65	126	126	NULL	70	70	
62	62	NULL	12	12	109	109	65	65	126	126	NULL	97	97	
62	62	114	114	59	59	56	56	36	36	NULL	NULL	97	97	
99	99	114	114	59	59	56	56	36	36	NULL	NULL	112	112	
99	99	NULL	NULL	51	51	21	21	NULL	110	110	NULL	112	112	
98	98	9	9	51	51	21	21	NULL	110	110	NULL	28	28	
98	98	9	9	NULL	NULL	NULL	NULL	NULL	NULL	NULL	NULL	28	28	
94	94	33	33	1	1	108	108	74	74	45	45	82	82	
94	94	33	33	1	1	108	108	74	74	45	45	82	82	
103	43	10	0	2	12	2	0	0	0	0	0	0	0	0	
104	6	5	8	2	12	1	0	0	0	0	0	0	0	0	
105	43	12	0	16	13	2	0	0	0	0	0	0	0	0	
106	43	0	2	16	13	2	0	0	0	0	0	0	0	0	
107	42	6	0	16	13	2	0	0	0	0	0	0	0	0	
108	43	6	12	16	13	2	0	0	0	0	0	0	0	0	
109	36	5	5	16	13	1	0	0	0	0	0	0	0	0	
110	27	9	9	16	13	1	0	0	0	0	0	0	0	0	
111	8	6	5	4	12	3	0	0	0	0	0	0	0	0	
112	43	12	8	16	13	2	0	0	0	0	0	0	0	0	
113	5	5	6	2	12	3	0	0	0	0	0	0	0	0	
114	17	2	7	16	13	2	0	0	0	0	0	0	0	0	
115	43	12	8	4	12	2	0	0	0	0	0	0	0	0	
116	37	3	3	16	13	2	0	0	0	0	0	0	0	0	
117	26	2	2	2	12	2	0	0	0	0	0	0	0	0	
118	37	5	2	16	13	2	0	0	0	0	0	0	0	0	
119	6	7	8	18	11	1	0	0	0	0	0	0	0	0	
120	43	12	4	2	12	2	0	0	0	0	0	0	0	0	
121	37	5	7	18	11	3	0	0	0	0	0	0	0	0	
122	5	7	6	18	11	3	0	0	0	0	0	0	0	0	
123	68	16	11	-999	-999	2	20	30	1	0	0	0	0	0	
124	19	8	11	-999	-999	2	0	0	0	0	0	0	0	0	
125	20	8	13	-999	-999	2	0	0	0	0	0	0	0	0	
126	6	9	5	16	13	2	0	0	0	0	0	0	0	0	
127	32	14	11	-999	-999	2	0	0	0	0	0	0	0	0	
148	148	128	128	132	132	136	136	140	140	144	144	150	150	
148	148	128	128	132	132	136	136	140	140	144	144	150	150	
129	129	152	152	NULL	153	153	NULL	NULL	NULL	NULL	NULL	131	131	
129	129	152	152	NULL	153	153	154	154	155	155	NULL	131	131	
133	133	NULL	156	156	157	157	154	154	155	155	NULL	135	135	
133	133	NULL	156	156	157	157	158	158	NULL	159	159	135	135	
137	137	NULL	160	160	161	161	158	158	NULL	159	159	139	139	
137	137	NULL	160	160	161	161	162	162	NULL	NULL	NULL	139	139	
141	141	NULL	NULL	NULL	163	163	162	162	NULL	NULL	NULL	143	143	
141	141	NULL	164	164	163	163	165	165	NULL	NULL	NULL	143	143	
145	145	NULL	164	164	NULL	NULL	165	165	NULL	NULL	NULL	147	147	
145	145	NULL	NULL	NULL	NULL	NULL	NULL	NULL	NULL	NULL	NULL	147	147	
149	149	130	130	134	134	138	138	142	142	146	146	151	151	
149	149	130	130	134	134	138	138	142	142	146	146	151	151	
128	43	2	0	14	11	2	0	0	0	0	0	0	0	0	
129	42	0	2	14	11	2	0	0	0	0	0	0	0	0	
130	43	2	12	14	11	2	0	0	0	0	0	0	0	0	
131	43	12	2	14	11	2	0	0	0	0	0	0	0	0	
132	43	4	0	14	11	2	0	0	0	0	0	0	0	0	
133	43	0	4	14	11	2	0	0	0	0	0	0	0	0	
134	43	4	12	14	11	2	0	0	0	0	0	0	0	0	
135	43	12	4	14	11	2	0	0	0	0	0	0	0	0	
136	43	6	0	14	11	2	0	0	0	0	0	0	0	0	
137	43	0	6	14	11	2	0	0	0	0	0	0	0	0	
138	43	6	12	14	11	2	0	0	0	0	0	0	0	0	
139	42	12	6	14	11	2	0	0	0	0	0	0	0	0	
140	43	8	0	14	11	2	0	0	0	0	0	0	0	0	
141	43	0	8	14	11	2	0	0	0	0	0	0	0	0	
142	43	8	12	14	11	2	0	0	0	0	0	0	0	0	
143	43	12	8	14	11	2	0	0	0	0	0	0	0	0	
144	43	10	0	14	11	2	0	0	0	0	0	0	0	0	
145	43	0	10	14	11	2	0	0	0	0	0	0	0	0	
146	43	10	12	14	11	2	0	0	0	0	0	0	0	0	
147	43	12	10	14	11	2	0	0	0	0	0	0	0	0	
148	43	0	0	14	11	2	0	0	0	0	0	0	0	0	
149	43	0	12	14	11	2	0	0	0	0	0	0	0	0	
150	43	12	0	14	11	2	0	0	0	0	0	0	0	0	
151	43	12	12	14	11	2	0	0	0	0	0	0	0	0	
152	26	2	2	14	11	2	0	0	0	0	0	0	0	0	
153	17	5	2	14	11	2	0	0	0	0	0	0	0	0	
154	37	7	3	14	11	0	0	0	0	0	0	0	0	0	
155	37	9	3	14	11	2	0	0	0	0	0	0	0	0	
156	34	3	4	14	11	2	0	0	0	0	0	0	0	0	
157	5	5	4	14	11	2	0	0	0	0	0	0	0	0	
158	36	7	5	14	11	1	0	0	0	0	0	0	0	0	
159	37	10	5	14	11	2	0	0	0	0	0	0	0	0	
160	26	3	6	14	11	3	0	0	0	0	0	0	0	0	
161	5	5	6	14	11	3	0	0	0	0	0	0	0	0	
162	37	7	7	14	11	3	0	0	0	0	0	0	0	0	
163	6	5	8	14	11	1	0	0	0	0	0	0	0	0	
164	27	3	9	14	11	1	0	0	0	0	0	0	0	0	
165	6	7	9	14	11	2	0	0	0	0	0	0	0	0	
166	32	16	9	-999	-999	2	0	0	0	0	0	0	0	0	
187	187	168	168	172	172	176	176	180	180	184	184	188	188	
187	187	168	168	172	172	176	176	180	180	184	184	188	188	
167	167	191	191	NULL	NULL	NULL	NULL	NULL	NULL	NULL	NULL	169	169	
167	167	191	191	195	195	199	199	NULL	203	203	NULL	169	169	
171	171	NULL	NULL	195	195	199	199	NULL	203	203	NULL	173	173	
171	171	192	192	196	196	200	200	202	202	NULL	NULL	173	173	
175	175	192	192	196	196	200	200	202	202	NULL	NULL	177	177	
175	175	NULL	193	193	197	197	201	201	204	204	NULL	177	177	
179	179	NULL	193	193	197	197	201	201	204	204	NULL	181	181	
179	179	NULL	194	194	NULL	NULL	NULL	NULL	NULL	NULL	NULL	181	181	
183	183	NULL	194	194	198	198	NULL	NULL	NULL	NULL	NULL	185	185	
183	183	NULL	NULL	NULL	198	198	NULL	NULL	NULL	NULL	NULL	185	185	
189	189	170	170	174	174	178	178	182	182	186	186	190	190	
189	189	170	170	174	174	178	178	182	182	186	186	190	190	
167	43	0	2	16	9	2	0	0	0	0	0	0	0	0	
168	42	2	0	16	9	2	0	0	0	0	0	0	0	0	
169	43	12	2	16	9	2	0	0	0	0	0	0	0	0	
170	43	2	12	16	9	2	0	0	0	0	0	0	0	0	
171	43	0	4	16	9	2	0	0	0	0	0	0	0	0	
172	43	4	0	16	9	2	0	0	0	0	0	0	0	0	
173	43	12	4	16	9	2	0	0	0	0	0	0	0	0	
174	43	4	12	16	9	2	0	0	0	0	0	0	0	0	
175	43	0	6	16	9	2	0	0	0	0	0	0	0	0	
176	43	6	0	16	9	2	0	0	0	0	0	0	0	0	
177	43	12	6	16	9	2	0	0	0	0	0	0	0	0	
178	42	6	12	16	9	2	0	0	0	0	0	0	0	0	
179	43	0	8	16	9	2	0	0	0	0	0	0	0	0	
180	43	8	0	16	9	2	0	0	0	0	0	0	0	0	
181	43	12	8	16	9	2	0	0	0	0	0	0	0	0	
182	43	8	12	16	9	2	0	0	0	0	0	0	0	0	
183	43	0	10	16	9	2	0	0	0	0	0	0	0	0	
184	43	10	0	16	9	2	0	0	0	0	0	0	0	0	
185	43	12	10	16	9	2	0	0	0	0	0	0	0	0	
186	43	10	12	16	9	2	0	0	0	0	0	0	0	0	
187	43	0	0	16	9	2	0	0	0	0	0	0	0	0	
188	43	12	0	16	9	2	0	0	0	0	0	0	0	0	
189	43	0	12	16	9	2	0	0	0	0	0	0	0	0	
190	43	12	12	16	9	2	0	0	0	0	0	0	0	0	
191	26	2	2	16	9	2	0	0	0	0	0	0	0	0	
192	17	2	5	16	9	2	0	0	0	0	0	0	0	0	
193	37	3	7	16	9	0	0	0	0	0	0	0	0	0	
194	37	3	9	16	9	2	0	0	0	0	0	0	0	0	
195	34	4	3	16	9	2	0	0	0	0	0	0	0	0	
196	5	4	5	16	9	2	0	0	0	0	0	0	0	0	
197	36	5	7	16	9	1	0	0	0	0	0	0	0	0	
198	37	5	10	16	9	2	0	0	0	0	0	0	0	0	
199	26	6	3	16	9	3	0	0	0	0	0	0	0	0	
200	5	6	5	16	9	3	0	0	0	0	0	0	0	0	
201	37	7	7	16	9	3	0	0	0	0	0	0	0	0	
202	6	8	5	16	9	1	0	0	0	0	0	0	0	0	
203	27	9	3	16	9	1	0	0	0	0	0	0	0	0	
204	6	9	7	16	9	2	0	0	0	0	0	0	0	0	
205	32	18	11	-999	-999	2	0	0	0	0	0	0	0	0	
228	228	222	222	218	218	214	214	210	210	206	206	226	226	
228	228	222	222	218	218	214	214	210	210	206	206	226	226	
209	209	NULL	NULL	NULL	NULL	NULL	231	231	NULL	230	230	207	207	
209	209	NULL	233	233	232	232	231	231	NULL	230	230	207	207	
213	213	NULL	233	233	232	232	235	235	234	234	NULL	211	211	
213	213	237	237	NULL	236	236	235	235	234	234	NULL	211	211	
217	217	237	237	NULL	236	236	122	122	238	238	NULL	215	215	
217	217	NULL	NULL	NULL	121	121	122	122	238	238	NULL	215	215	
221	221	NULL	NULL	NULL	121	121	119	119	NULL	NULL	NULL	219	219	
221	221	NULL	NULL	NULL	39	39	119	119	26	26	NULL	219	219	
225	225	NULL	NULL	NULL	39	39	NULL	NULL	26	26	NULL	223	223	
225	225	NULL	NULL	NULL	NULL	NULL	NULL	NULL	NULL	NULL	NULL	223	223	
229	229	224	224	220	220	216	216	212	212	208	208	227	227	
229	229	224	224	220	220	216	216	212	212	208	208	227	227	
206	42	10	0	18	11	2	0	0	0	0	0	0	0	0	
207	42	12	2	18	11	2	0	0	0	0	0	0	0	0	
208	42	10	12	18	11	2	0	0	0	0	0	0	0	0	
209	43	0	2	18	11	2	0	0	0	0	0	0	0	0	
210	43	8	0	18	11	2	0	0	0	0	0	0	0	0	
211	43	12	4	18	11	2	0	0	0	0	0	0	0	0	
212	43	8	12	18	11	2	0	0	0	0	0	0	0	0	
213	43	0	4	18	11	2	0	0	0	0	0	0	0	0	
214	43	6	0	18	11	2	0	0	0	0	0	0	0	0	
215	43	12	6	18	11	2	0	0	0	0	0	0	0	0	
216	43	6	12	18	11	2	0	0	0	0	0	0	0	0	
217	42	0	6	18	11	2	0	0	0	0	0	0	0	0	
218	43	4	0	18	11	2	0	0	0	0	0	0	0	0	
219	43	12	8	18	11	2	0	0	0	0	0	0	0	0	
220	43	4	12	18	11	2	0	0	0	0	0	0	0	0	
221	43	0	8	18	11	2	0	0	0	0	0	0	0	0	
222	43	2	0	18	11	2	0	0	0	0	0	0	0	0	
223	43	12	10	18	11	2	0	0	0	0	0	0	0	0	
224	43	2	12	18	11	2	0	0	0	0	0	0	0	0	
225	43	0	10	18	11	2	0	0	0	0	0	0	0	0	
226	43	12	0	18	11	2	0	0	0	0	0	0	0	0	
227	43	12	12	18	11	2	0	0	0	0	0	0	0	0	
228	43	0	0	18	11	2	0	0	0	0	0	0	0	0	
229	43	0	12	18	11	2	0	0	0	0	0	0	0	0	
230	26	10	2	18	11	2	0	0	0	0	0	0	0	0	
231	17	7	2	18	11	2	0	0	0	0	0	0	0	0	
232	37	5	3	18	11	0	0	0	0	0	0	0	0	0	
233	37	3	3	18	11	2	0	0	0	0	0	0	0	0	
234	34	9	4	18	11	2	0	0	0	0	0	0	0	0	
235	5	7	4	18	11	2	0	0	0	0	0	0	0	0	
236	36	5	5	18	11	1	0	0	0	0	0	0	0	0	
237	37	2	5	18	11	2	0	0	0	0	0	0	0	0	
238	26	9	6	18	11	3	0	0	0	0	0	0	0	0	
239	18	6	10	-999	-999	2	0	0	0	0	0	0	0	0	
240	28	12	10	-999	-999	2	0	0	0	0	0	0	0	0	
241	29	15	7	-999	-999	2	0	0	0	0	0	0	0	0	
242	30	20	10	-999	-999	2	0	0	0	0	0	0	0	0	
243	31	15	15	-999	-999	2	0	0	0	0	0	0	0	0	
NULL	NULL	NULL	NULL	NULL	NULL	NULL	NULL	NULL	NULL	NULL	NULL	NULL	NULL	NULL	NULL	NULL	NULL	NULL	NULL	NULL	NULL	NULL	NULL	
NULL	NULL	NULL	NULL	NULL	NULL	NULL	NULL	NULL	NULL	NULL	NULL	NULL	NULL	NULL	NULL	NULL	NULL	NULL	NULL	NULL	NULL	NULL	NULL	
NULL	NULL	NULL	NULL	NULL	NULL	NULL	NULL	NULL	NULL	NULL	NULL	NULL	NULL	NULL	NULL	NULL	NULL	NULL	NULL	NULL	NULL	NULL	NULL	
NULL	NULL	NULL	NULL	NULL	NULL	NULL	NULL	NULL	NULL	NULL	NULL	NULL	NULL	NULL	NULL	NULL	NULL	NULL	NULL	NULL	NULL	NULL	NULL	
NULL	NULL	NULL	NULL	NULL	NULL	NULL	NULL	NULL	NULL	NULL	NULL	NULL	NULL	NULL	NULL	NULL	NULL	NULL	NULL	NULL	NULL	NULL	NULL	
NULL	NULL	NULL	NULL	NULL	NULL	NULL	NULL	NULL	NULL	NULL	NULL	NULL	NULL	NULL	NULL	NULL	NULL	NULL	NULL	NULL	NULL	NULL	NULL	
NULL	NULL	NULL	NULL	NULL	NULL	NULL	NULL	NULL	NULL	NULL	NULL	NULL	NULL	NULL	NULL	NULL	NULL	NULL	NULL	NULL	NULL	NULL	NULL	
NULL	NULL	NULL	NULL	NULL	NULL	NULL	NULL	NULL	NULL	NULL	NULL	NULL	NULL	NULL	241	241	NULL	NULL	NULL	NULL	NULL	NULL	NULL	
NULL	NULL	NULL	NULL	NULL	NULL	NULL	NULL	NULL	NULL	NULL	NULL	NULL	NULL	NULL	241	241	NULL	NULL	NULL	NULL	NULL	NULL	NULL	
77	77	NULL	NULL	NULL	NULL	NULL	NULL	NULL	NULL	NULL	NULL	NULL	NULL	NULL	NULL	166	166	NULL	NULL	NULL	NULL	NULL	NULL	
77	77	8	8	NULL	NULL	239	239	NULL	NULL	NULL	NULL	240	240	NULL	NULL	166	166	NULL	NULL	242	242	NULL	NULL	
76	76	8	8	NULL	NULL	239	239	124	124	NULL	NULL	240	240	127	127	123	123	205	205	242	242	NULL	NULL	
76	76	66	66	101	101	81	81	124	124	NULL	NULL	NULL	NULL	127	127	123	123	205	205	NULL	NULL	NULL	NULL	
11	11	66	66	101	101	81	81	125	125	NULL	NULL	NULL	NULL	NULL	NULL	102	102	NULL	NULL	NULL	NULL	NULL	NULL	
11	11	NULL	NULL	NULL	NULL	38	38	125	125	NULL	NULL	NULL	NULL	NULL	NULL	102	102	NULL	NULL	NULL	NULL	NULL	NULL	
NULL	NULL	NULL	NULL	NULL	NULL	38	38	NULL	NULL	NULL	NULL	NULL	NULL	NULL	243	243	NULL	NULL	NULL	NULL	NULL	NULL	NULL	
NULL	NULL	NULL	NULL	NULL	NULL	NULL	NULL	NULL	NULL	NULL	NULL	NULL	NULL	NULL	243	243	NULL	NULL	NULL	NULL	NULL	NULL	NULL	
NULL	NULL	NULL	NULL	NULL	NULL	NULL	NULL	NULL	NULL	NULL	NULL	NULL	NULL	NULL	NULL	NULL	NULL	NULL	NULL	NULL	NULL	NULL	NULL	
NULL	NULL	NULL	NULL	NULL	NULL	NULL	NULL	NULL	NULL	NULL	NULL	NULL	NULL	NULL	NULL	NULL	NULL	NULL	NULL	NULL	NULL	NULL	NULL	
NULL	NULL	NULL	NULL	NULL	NULL	NULL	NULL	NULL	NULL	NULL	NULL	NULL	NULL	NULL	NULL	NULL	NULL	NULL	NULL	NULL	NULL	NULL	NULL	
NULL	NULL	NULL	NULL	NULL	NULL	NULL	NULL	NULL	NULL	NULL	NULL	NULL	NULL	NULL	NULL	NULL	NULL	NULL	NULL	NULL	NULL	NULL	NULL	
NULL	NULL	NULL	NULL	NULL	NULL	NULL	NULL	NULL	NULL	NULL	NULL	NULL	NULL	NULL	NULL	NULL	NULL	NULL	NULL	NULL	NULL	NULL	NULL	
NULL	NULL	NULL	NULL	NULL	NULL	NULL	NULL	NULL	NULL	NULL	NULL	NULL	NULL	NULL	NULL	NULL	NULL	NULL	NULL	NULL	NULL	NULL	NULL	
NULL	NULL	NULL	NULL	NULL	NULL	NULL	NULL	NULL	NULL	NULL	NULL	NULL	NULL	NULL	NULL	NULL	NULL	NULL	NULL	NULL	NULL	NULL	NULL	
