415
0	37	16	15	-999	-999	2	0	0	0	0	0	0	0	0	
1	74	2	10	20	13	2	0	0	0	0	0	0	0	0	
2	43	0	4	20	13	2	0	0	0	0	0	0	0	0	
3	43	2	0	20	13	2	0	0	0	0	0	0	0	0	
4	37	10	4	20	13	2	0	0	0	0	0	0	0	0	
5	43	10	12	20	13	2	0	0	0	0	0	0	0	0	
6	37	4	10	20	13	2	0	0	0	0	0	0	0	0	
7	43	8	0	20	13	2	0	0	0	0	0	0	0	0	
8	32	20	9	-999	-999	2	0	0	0	0	0	0	0	0	
128	128	106	106	104	104	99	99	87	87	36	36	119	119	
128	128	106	106	104	104	99	99	87	87	36	36	119	119	
100	100	25	25	14	14	123	123	NULL	NULL	NULL	NULL	129	129	
100	100	25	25	14	14	123	123	NULL	NULL	NULL	NULL	129	129	
116	116	70	70	NULL	NULL	NULL	NULL	NULL	NULL	NULL	NULL	111	111	
116	116	70	70	NULL	NULL	NULL	NULL	NULL	NULL	NULL	NULL	111	111	
103	103	67	67	NULL	NULL	NULL	NULL	NULL	NULL	120	120	95	95	
103	103	67	67	NULL	NULL	NULL	NULL	NULL	NULL	120	120	95	95	
110	110	NULL	NULL	NULL	NULL	NULL	NULL	NULL	NULL	118	118	10	10	
110	110	NULL	NULL	NULL	NULL	NULL	NULL	NULL	NULL	118	118	10	10	
20	20	NULL	NULL	NULL	NULL	69	69	96	96	102	102	41	41	
20	20	NULL	NULL	NULL	NULL	69	69	96	96	102	102	41	41	
124	124	121	121	107	107	91	91	11	11	12	12	115	115	
124	124	121	121	107	107	91	91	11	11	12	12	115	115	
9	42	6	0	20	13	2	0	0	0	0	0	0	0	0	
10	43	12	8	20	9	2	0	0	0	0	0	0	0	0	
11	43	8	12	20	9	2	0	0	0	0	0	0	0	0	
12	43	10	12	20	9	2	0	0	0	0	0	0	0	0	
13	43	4	0	20	13	2	0	0	0	0	0	0	0	0	
14	37	4	2	20	9	2	0	0	0	0	0	0	0	0	
15	43	12	8	20	13	2	0	0	0	0	0	0	0	0	
16	43	12	0	20	13	2	0	0	0	0	0	0	0	0	
17	34	2	8	20	13	2	0	0	0	0	0	0	0	0	
18	43	2	12	20	13	2	0	0	0	0	0	0	0	0	
19	43	0	8	20	13	2	0	0	0	0	0	0	0	0	
20	43	0	10	20	9	2	0	0	0	0	0	0	0	0	
21	34	8	2	20	13	2	0	0	0	0	0	0	0	0	
22	42	12	6	20	13	2	0	0	0	0	0	0	0	0	
23	43	12	2	20	13	2	0	0	0	0	0	0	0	0	
24	42	6	12	20	13	2	0	0	0	0	0	0	0	0	
25	74	2	2	20	9	2	0	0	0	0	0	0	0	0	
26	43	12	4	20	13	2	0	0	0	0	0	0	0	0	
27	43	12	12	20	13	2	0	0	0	0	0	0	0	0	
28	42	0	6	20	13	2	0	0	0	0	0	0	0	0	
29	43	10	0	20	13	2	0	0	0	0	0	0	0	0	
30	43	0	12	20	13	2	0	0	0	0	0	0	0	0	
31	43	8	12	20	13	2	0	0	0	0	0	0	0	0	
32	37	10	6	20	13	2	0	0	0	0	0	0	0	0	
33	32	20	13	-999	-999	2	0	0	0	0	0	0	0	0	
34	34	3	3	13	13	9	9	7	7	29	29	16	16	
34	34	3	3	13	13	9	9	7	7	29	29	16	16	
39	39	NULL	NULL	NULL	NULL	114	114	21	21	38	38	23	23	
39	39	NULL	NULL	NULL	NULL	114	114	21	21	38	38	23	23	
2	2	NULL	NULL	NULL	NULL	NULL	NULL	NULL	NULL	4	4	26	26	
2	2	NULL	NULL	NULL	NULL	NULL	NULL	NULL	NULL	4	4	26	26	
28	28	46	46	NULL	NULL	NULL	NULL	NULL	NULL	32	32	22	22	
28	28	46	46	NULL	NULL	NULL	NULL	NULL	NULL	32	32	22	22	
19	19	17	17	NULL	NULL	NULL	NULL	NULL	NULL	NULL	NULL	15	15	
19	19	17	17	NULL	NULL	NULL	NULL	NULL	NULL	NULL	NULL	15	15	
40	40	1	1	6	6	42	42	NULL	NULL	NULL	NULL	37	37	
40	40	1	1	6	6	42	42	NULL	NULL	NULL	NULL	37	37	
30	30	18	18	35	35	24	24	31	31	5	5	27	27	
30	30	18	18	35	35	24	24	31	31	5	5	27	27	
34	43	0	0	20	13	2	0	0	0	0	0	0	0	0	
35	43	4	12	20	13	2	0	0	0	0	0	0	0	0	
36	43	10	0	20	9	2	0	0	0	0	0	0	0	0	
37	43	12	10	20	13	2	0	0	0	0	0	0	0	0	
38	74	10	2	20	13	2	0	0	0	0	0	0	0	0	
39	43	0	2	20	13	2	0	0	0	0	0	0	0	0	
40	43	0	10	20	13	2	0	0	0	0	0	0	0	0	
41	43	12	10	20	9	2	0	0	0	0	0	0	0	0	
42	37	6	10	20	13	2	0	0	0	0	0	0	0	0	
43	68	18	11	-999	-999	2	20	8	1	0	0	0	0	0	
44	43	10	0	16	9	2	0	0	0	0	0	0	0	0	
45	37	22	13	-999	-999	2	0	0	0	0	0	0	0	0	
46	55	2	6	20	13	2	0	0	0	0	0	0	0	0	
47	43	8	12	16	9	2	0	0	0	0	0	0	0	0	
48	34	4	10	16	9	2	0	0	0	0	0	0	0	0	
49	6	2	15	-999	-999	2	0	0	0	0	0	0	0	0	
50	56	6	10	16	9	2	0	0	0	0	0	0	0	0	
51	43	0	4	16	9	2	0	0	0	0	0	0	0	0	
52	34	10	4	16	9	2	0	0	0	0	0	0	0	0	
53	6	6	16	-999	-999	2	0	0	0	0	0	0	0	0	
54	74	10	2	16	9	2	0	0	0	0	0	0	0	0	
55	43	8	0	16	9	2	0	0	0	0	0	0	0	0	
56	43	0	0	16	9	2	0	0	0	0	0	0	0	0	
57	6	8	16	-999	-999	2	0	0	0	0	0	0	0	0	
58	43	12	0	16	9	2	0	0	0	0	0	0	0	0	
59	43	12	4	16	9	2	0	0	0	0	0	0	0	0	
60	43	12	10	16	9	2	0	0	0	0	0	0	0	0	
61	6	4	16	-999	-999	2	0	0	0	0	0	0	0	0	
62	43	4	12	16	9	2	0	0	0	0	0	0	0	0	
63	43	10	12	16	9	2	0	0	0	0	0	0	0	0	
64	42	6	0	16	9	2	0	0	0	0	0	0	0	0	
65	37	20	15	-999	-999	2	0	0	0	0	0	0	0	0	
66	42	12	6	16	9	2	0	0	0	0	0	0	0	0	
67	56	2	6	20	9	2	0	0	0	0	0	0	0	0	
68	43	0	2	16	9	2	0	0	0	0	0	0	0	0	
69	55	6	10	20	9	2	0	0	0	0	0	0	0	0	
70	34	2	4	20	9	2	0	0	0	0	0	0	0	0	
71	74	2	10	16	9	2	0	0	0	0	0	0	0	0	
72	37	2	8	16	9	2	0	0	0	0	0	0	0	0	
73	37	2	6	16	9	2	0	0	0	0	0	0	0	0	
74	37	6	2	16	9	2	0	0	0	0	0	0	0	0	
75	37	8	2	16	9	2	0	0	0	0	0	0	0	0	
76	55	10	6	16	9	2	0	0	0	0	0	0	0	0	
77	43	0	12	16	9	2	0	0	0	0	0	0	0	0	
78	43	12	12	16	9	2	0	0	0	0	0	0	0	0	
79	43	2	12	16	9	2	0	0	0	0	0	0	0	0	
80	43	0	10	16	9	2	0	0	0	0	0	0	0	0	
81	43	2	0	16	9	2	0	0	0	0	0	0	0	0	
82	43	0	8	16	9	2	0	0	0	0	0	0	0	0	
83	43	4	0	16	9	2	0	0	0	0	0	0	0	0	
84	43	12	8	16	9	2	0	0	0	0	0	0	0	0	
85	42	6	12	16	9	2	0	0	0	0	0	0	0	0	
86	42	0	6	16	9	2	0	0	0	0	0	0	0	0	
87	43	8	0	20	9	2	0	0	0	0	0	0	0	0	
88	19	8	10	-999	-999	2	0	0	0	0	0	0	0	0	
89	37	14	13	-999	-999	2	0	0	0	0	0	0	0	0	
90	37	6	11	-999	-999	2	0	0	0	0	0	0	0	0	
91	42	6	12	20	9	2	0	0	0	0	0	0	0	0	
92	37	4	11	-999	-999	2	0	0	0	0	0	0	0	0	
93	37	16	7	-999	-999	2	0	0	0	0	0	0	0	0	
94	18	6	9	-999	-999	2	0	0	0	0	0	0	0	0	
95	42	12	6	20	9	2	0	0	0	0	0	0	0	0	
96	34	8	10	20	9	2	0	0	0	0	0	0	0	0	
97	37	20	7	-999	-999	2	0	0	0	0	0	0	0	0	
98	37	2	11	-999	-999	2	0	0	0	0	0	0	0	0	
99	42	6	0	20	9	2	0	0	0	0	0	0	0	0	
100	43	0	2	20	9	2	0	0	0	0	0	0	0	0	
101	37	22	9	-999	-999	2	0	0	0	0	0	0	0	0	
102	74	10	10	20	9	2	0	0	0	0	0	0	0	0	
103	42	0	6	20	9	2	0	0	0	0	0	0	0	0	
104	43	4	0	20	9	2	0	0	0	0	0	0	0	0	
105	17	10	10	0	15	2	0	0	0	0	0	0	0	0	
106	43	2	0	20	9	2	0	0	0	0	0	0	0	0	
107	43	4	12	20	9	2	0	0	0	0	0	0	0	0	
108	37	14	9	-999	-999	2	0	0	0	0	0	0	0	0	
109	74	0	13	-999	-999	3	0	0	0	0	0	0	0	0	
110	43	0	8	20	9	2	0	0	0	0	0	0	0	0	
111	43	12	4	20	9	2	0	0	0	0	0	0	0	0	
112	20	8	12	-999	-999	2	0	0	0	0	0	0	0	0	
113	28	14	11	-999	-999	2	0	0	0	0	0	0	0	0	
114	56	6	2	20	13	2	0	0	0	0	0	0	0	0	
115	43	12	12	20	9	2	0	0	0	0	0	0	0	0	
116	43	0	4	20	9	2	0	0	0	0	0	0	0	0	
117	31	18	7	-999	-999	2	0	0	0	0	0	0	0	0	
118	37	10	8	20	9	2	0	0	0	0	0	0	0	0	
119	43	12	0	20	9	2	0	0	0	0	0	0	0	0	
120	37	10	6	20	9	2	0	0	0	0	0	0	0	0	
121	43	2	12	20	9	2	0	0	0	0	0	0	0	0	
122	30	22	11	-999	-999	2	0	0	0	0	0	0	0	0	
123	37	6	2	20	9	2	0	0	0	0	0	0	0	0	
124	43	0	12	20	9	2	0	0	0	0	0	0	0	0	
125	21	6	13	-999	-999	2	0	0	0	0	0	0	0	0	
126	29	18	15	-999	-999	2	0	0	0	0	0	0	0	0	
127	4	0	11	-999	-999	2	0	2	1000	0	0	0	0	0	
128	43	0	0	20	9	2	0	0	0	0	0	0	0	0	
129	43	12	2	20	9	2	0	0	0	0	0	0	0	0	
130	5	6	10	0	15	2	0	0	0	0	0	0	0	0	
131	32	11	11	-999	-999	2	0	0	0	0	0	0	0	0	
142	142	135	135	153	153	157	157	136	136	138	138	165	165	
142	142	135	135	153	153	157	157	136	136	138	138	165	165	
139	139	167	167	NULL	NULL	148	148	168	168	169	169	147	147	
139	139	167	167	149	149	148	148	168	168	169	169	147	147	
132	132	NULL	NULL	149	149	171	171	172	172	NULL	NULL	156	156	
132	132	NULL	NULL	NULL	NULL	171	171	172	172	NULL	NULL	156	156	
158	158	NULL	NULL	NULL	NULL	150	150	NULL	NULL	152	152	134	134	
158	158	NULL	NULL	NULL	NULL	150	150	NULL	NULL	152	152	134	134	
160	160	NULL	NULL	NULL	NULL	137	137	141	141	NULL	NULL	162	162	
160	160	NULL	NULL	154	154	137	137	141	141	NULL	NULL	162	162	
140	140	145	145	154	154	170	170	146	146	133	133	164	164	
140	140	145	145	NULL	NULL	170	170	146	146	133	133	164	164	
144	144	143	143	155	155	159	159	161	161	163	163	166	166	
144	144	143	143	155	155	159	159	161	161	163	163	166	166	
132	43	0	4	11	11	2	0	0	0	0	0	0	0	0	
133	17	10	10	11	11	2	0	0	0	0	0	0	0	0	
134	42	12	6	11	11	2	0	0	0	0	0	0	0	0	
135	43	2	0	11	11	2	0	0	0	0	0	0	0	0	
136	43	8	0	11	11	2	0	0	0	0	0	0	0	0	
137	5	6	8	11	11	2	0	0	0	0	0	0	0	0	
138	43	10	0	11	11	2	0	0	0	0	0	0	0	0	
139	43	0	2	11	11	2	0	0	0	0	0	0	0	0	
140	43	0	10	11	11	2	0	0	0	0	0	0	0	0	
141	39	8	8	11	11	2	0	0	0	0	0	0	0	0	
142	43	0	0	11	11	2	0	0	0	0	0	0	0	0	
143	43	2	12	11	11	2	0	0	0	0	0	0	0	0	
144	43	0	12	11	11	2	0	0	0	0	0	0	0	0	
145	27	2	10	11	11	2	0	0	0	0	0	0	0	0	
146	6	8	10	11	11	2	0	0	0	0	0	0	0	0	
147	43	12	2	11	11	2	0	0	0	0	0	0	0	0	
148	5	6	2	11	11	2	0	0	0	0	0	0	0	0	
149	6	4	3	11	11	1	0	0	0	0	0	0	0	0	
150	18	6	6	11	11	2	0	0	0	0	0	0	0	0	
151	6	8	10	0	15	2	0	0	0	0	0	0	0	0	
152	28	10	6	11	11	2	0	0	0	0	0	0	0	0	
153	43	4	0	11	11	2	0	0	0	0	0	0	0	0	
154	6	4	9	11	11	1	0	0	0	0	0	0	0	0	
155	43	4	12	11	11	2	0	0	0	0	0	0	0	0	
156	43	12	4	11	11	2	0	0	0	0	0	0	0	0	
157	42	6	0	11	11	0	0	0	0	0	0	0	0	0	
158	43	0	6	11	11	2	0	0	0	0	0	0	0	0	
159	42	6	12	11	11	0	0	0	0	0	0	0	0	0	
160	43	0	8	11	11	2	0	0	0	0	0	0	0	0	
161	43	8	12	11	11	2	0	0	0	0	0	0	0	0	
162	43	12	8	11	11	2	0	0	0	0	0	0	0	0	
163	43	10	12	11	11	2	0	0	0	0	0	0	0	0	
164	43	12	10	11	11	2	0	0	0	0	0	0	0	0	
165	43	12	0	11	11	2	0	0	0	0	0	0	0	0	
166	43	12	12	11	11	2	0	0	0	0	0	0	0	0	
167	27	2	2	11	11	2	0	0	0	0	0	0	0	0	
168	6	8	2	11	11	2	0	0	0	0	0	0	0	0	
169	17	10	2	11	11	2	0	0	0	0	0	0	0	0	
170	5	6	10	11	11	2	0	0	0	0	0	0	0	0	
171	5	6	4	11	11	2	0	0	0	0	0	0	0	0	
172	39	8	4	11	11	2	0	0	0	0	0	0	0	0	
173	34	4	2	16	13	2	0	0	0	0	0	0	0	0	
174	43	0	2	16	13	2	0	0	0	0	0	0	0	0	
175	37	2	6	16	13	2	0	0	0	0	0	0	0	0	
176	43	4	0	16	13	2	0	0	0	0	0	0	0	0	
177	43	0	8	16	13	2	0	0	0	0	0	0	0	0	
178	43	2	0	16	13	2	0	0	0	0	0	0	0	0	
179	43	10	0	16	13	2	0	0	0	0	0	0	0	0	
180	43	4	12	16	13	2	0	0	0	0	0	0	0	0	
181	43	0	4	16	13	2	0	0	0	0	0	0	0	0	
182	32	16	13	-999	-999	2	0	0	0	0	0	0	0	0	
204	204	178	178	176	176	205	205	187	187	179	179	200	200	
204	204	178	178	176	176	205	205	187	187	179	179	200	200	
174	174	183	183	173	173	184	184	NULL	NULL	NULL	NULL	198	198	
174	174	183	183	173	173	184	184	NULL	NULL	NULL	NULL	198	198	
181	181	185	185	NULL	NULL	NULL	NULL	NULL	NULL	NULL	NULL	186	186	
181	181	185	185	NULL	NULL	NULL	NULL	NULL	NULL	NULL	NULL	186	186	
201	201	175	175	NULL	NULL	NULL	NULL	NULL	NULL	192	192	203	203	
201	201	175	175	NULL	NULL	NULL	NULL	NULL	NULL	192	192	203	203	
177	177	NULL	NULL	NULL	NULL	NULL	NULL	NULL	NULL	190	190	207	207	
177	177	NULL	NULL	NULL	NULL	NULL	NULL	NULL	NULL	190	190	207	207	
199	199	NULL	NULL	NULL	NULL	188	188	195	195	189	189	206	206	
199	199	NULL	NULL	NULL	NULL	188	188	195	195	189	189	206	206	
202	202	194	194	180	180	191	191	197	197	196	196	193	193	
202	202	194	194	180	180	191	191	197	197	196	196	193	193	
183	74	2	2	16	13	2	0	0	0	0	0	0	0	0	
184	55	6	2	16	13	2	0	0	0	0	0	0	0	0	
185	37	2	4	16	13	2	0	0	0	0	0	0	0	0	
186	43	12	4	16	13	2	0	0	0	0	0	0	0	0	
187	43	8	0	16	13	2	0	0	0	0	0	0	0	0	
188	37	6	10	16	13	2	0	0	0	0	0	0	0	0	
189	74	10	10	16	13	2	0	0	0	0	0	0	0	0	
190	34	10	8	16	13	2	0	0	0	0	0	0	0	0	
191	42	6	12	16	13	2	0	0	0	0	0	0	0	0	
192	56	10	6	16	13	2	0	0	0	0	0	0	0	0	
193	43	12	12	16	13	2	0	0	0	0	0	0	0	0	
194	43	2	12	16	13	2	0	0	0	0	0	0	0	0	
195	37	8	10	16	13	2	0	0	0	0	0	0	0	0	
196	43	10	12	16	13	2	0	0	0	0	0	0	0	0	
197	43	8	12	16	13	2	0	0	0	0	0	0	0	0	
198	43	12	2	16	13	2	0	0	0	0	0	0	0	0	
199	43	0	10	16	13	2	0	0	0	0	0	0	0	0	
200	43	12	0	16	13	2	0	0	0	0	0	0	0	0	
201	42	0	6	16	13	2	0	0	0	0	0	0	0	0	
202	43	0	12	16	13	2	0	0	0	0	0	0	0	0	
203	42	12	6	16	13	2	0	0	0	0	0	0	0	0	
204	43	0	0	16	13	2	0	0	0	0	0	0	0	0	
205	42	6	0	16	13	2	0	0	0	0	0	0	0	0	
206	43	12	10	16	13	2	0	0	0	0	0	0	0	0	
207	43	12	8	16	13	2	0	0	0	0	0	0	0	0	
208	32	16	9	-999	-999	2	0	0	0	0	0	0	0	0	
56	56	81	81	83	83	64	64	55	55	44	44	58	58	
56	56	81	81	83	83	64	64	55	55	44	44	58	58	
68	68	NULL	NULL	NULL	NULL	74	74	75	75	54	54	209	209	
68	68	NULL	NULL	NULL	NULL	74	74	75	75	54	54	209	209	
51	51	NULL	NULL	NULL	NULL	NULL	NULL	NULL	NULL	52	52	59	59	
51	51	NULL	NULL	NULL	NULL	NULL	NULL	NULL	NULL	52	52	59	59	
86	86	73	73	NULL	NULL	NULL	NULL	NULL	NULL	76	76	66	66	
86	86	73	73	NULL	NULL	NULL	NULL	NULL	NULL	76	76	66	66	
82	82	72	72	NULL	NULL	NULL	NULL	NULL	NULL	NULL	NULL	84	84	
82	82	72	72	NULL	NULL	NULL	NULL	NULL	NULL	NULL	NULL	84	84	
80	80	71	71	48	48	50	50	NULL	NULL	NULL	NULL	60	60	
80	80	71	71	48	48	50	50	NULL	NULL	NULL	NULL	60	60	
77	77	79	79	62	62	85	85	47	47	63	63	78	78	
77	77	79	79	62	62	85	85	47	47	63	63	78	78	
209	43	12	2	16	9	2	0	0	0	0	0	0	0	0	
210	32	16	11	-999	-999	2	0	0	0	0	0	0	0	0	
231	231	211	211	215	215	219	219	223	223	227	227	233	233	
231	231	211	211	215	215	219	219	223	223	227	227	233	233	
212	212	235	235	NULL	NULL	236	236	237	237	238	238	214	214	
212	212	235	235	239	239	236	236	237	237	238	238	214	214	
216	216	NULL	NULL	239	239	240	240	241	241	NULL	NULL	218	218	
216	216	NULL	NULL	NULL	NULL	240	240	241	241	NULL	NULL	218	218	
220	220	NULL	NULL	NULL	NULL	242	242	NULL	NULL	243	243	222	222	
220	220	NULL	NULL	NULL	NULL	242	242	NULL	NULL	243	243	222	222	
224	224	NULL	NULL	NULL	NULL	244	244	245	245	NULL	NULL	226	226	
224	224	NULL	NULL	246	246	244	244	245	245	NULL	NULL	226	226	
228	228	247	247	246	246	248	248	249	249	250	250	230	230	
228	228	247	247	NULL	NULL	248	248	249	249	250	250	230	230	
232	232	213	213	217	217	221	221	225	225	229	229	234	234	
232	232	213	213	217	217	221	221	225	225	229	229	234	234	
211	43	2	0	16	11	2	0	0	0	0	0	0	0	0	
212	43	0	2	16	11	2	0	0	0	0	0	0	0	0	
213	43	2	12	16	11	2	0	0	0	0	0	0	0	0	
214	43	12	2	16	11	2	0	0	0	0	0	0	0	0	
215	43	4	0	16	11	2	0	0	0	0	0	0	0	0	
216	43	0	4	16	11	2	0	0	0	0	0	0	0	0	
217	43	4	12	16	11	2	0	0	0	0	0	0	0	0	
218	43	12	4	16	11	2	0	0	0	0	0	0	0	0	
219	42	6	0	16	11	0	0	0	0	0	0	0	0	0	
220	43	0	6	16	11	2	0	0	0	0	0	0	0	0	
221	42	6	12	16	11	0	0	0	0	0	0	0	0	0	
222	42	12	6	16	11	2	0	0	0	0	0	0	0	0	
223	43	8	0	16	11	2	0	0	0	0	0	0	0	0	
224	43	0	8	16	11	2	0	0	0	0	0	0	0	0	
225	43	8	12	16	11	2	0	0	0	0	0	0	0	0	
226	43	12	8	16	11	2	0	0	0	0	0	0	0	0	
227	43	10	0	16	11	2	0	0	0	0	0	0	0	0	
228	43	0	10	16	11	2	0	0	0	0	0	0	0	0	
229	43	10	12	16	11	2	0	0	0	0	0	0	0	0	
230	43	12	10	16	11	2	0	0	0	0	0	0	0	0	
231	43	0	0	16	11	2	0	0	0	0	0	0	0	0	
232	43	0	12	16	11	2	0	0	0	0	0	0	0	0	
233	43	12	0	16	11	2	0	0	0	0	0	0	0	0	
234	43	12	12	16	11	2	0	0	0	0	0	0	0	0	
235	27	2	2	16	11	2	0	0	0	0	0	0	0	0	
236	5	6	2	16	11	2	0	0	0	0	0	0	0	0	
237	6	8	2	16	11	2	0	0	0	0	0	0	0	0	
238	17	10	2	16	11	2	0	0	0	0	0	0	0	0	
239	6	4	3	16	11	1	0	0	0	0	0	0	0	0	
240	5	6	4	16	11	2	0	0	0	0	0	0	0	0	
241	39	8	4	16	11	2	0	0	0	0	0	0	0	0	
242	18	6	6	16	11	2	0	0	0	0	0	0	0	0	
243	28	10	6	16	11	2	0	0	0	0	0	0	0	0	
244	5	6	8	16	11	2	0	0	0	0	0	0	0	0	
245	39	8	8	16	11	2	0	0	0	0	0	0	0	0	
246	6	4	9	16	11	1	0	0	0	0	0	0	0	0	
247	27	2	10	16	11	2	0	0	0	0	0	0	0	0	
248	5	6	10	16	11	2	0	0	0	0	0	0	0	0	
249	6	8	10	16	11	2	0	0	0	0	0	0	0	0	
250	17	10	10	16	11	2	0	0	0	0	0	0	0	0	
251	32	18	9	-999	-999	2	0	0	0	0	0	0	0	0	
273	273	269	269	265	265	261	261	257	257	253	253	272	272	
273	273	269	269	265	265	261	261	257	257	253	253	272	272	
254	254	288	288	NULL	NULL	NULL	NULL	NULL	NULL	276	276	252	252	
254	254	288	288	NULL	NULL	NULL	NULL	NULL	NULL	276	276	252	252	
258	258	NULL	287	287	NULL	NULL	NULL	NULL	280	280	NULL	256	256	
258	258	NULL	287	287	NULL	NULL	NULL	NULL	280	280	NULL	256	256	
262	262	289	289	285	285	283	283	281	281	277	277	260	260	
262	262	289	289	285	285	283	283	281	281	277	277	260	260	
266	266	290	290	286	286	NULL	NULL	282	282	278	278	264	264	
266	266	290	290	286	286	NULL	NULL	282	282	278	278	264	264	
270	270	291	291	NULL	NULL	284	284	NULL	NULL	279	279	268	268	
270	270	291	291	NULL	NULL	284	284	NULL	NULL	279	279	268	268	
275	275	271	271	267	267	263	263	259	259	255	255	274	274	
275	275	271	271	267	267	263	263	259	259	255	255	274	274	
252	43	12	2	18	9	2	0	0	0	0	0	0	0	0	
253	43	10	0	18	9	2	0	0	0	0	0	0	0	0	
254	43	0	2	18	9	2	0	0	0	0	0	0	0	0	
255	43	10	12	18	9	2	0	0	0	0	0	0	0	0	
256	43	12	4	18	9	2	0	0	0	0	0	0	0	0	
257	43	8	0	18	9	2	0	0	0	0	0	0	0	0	
258	43	0	4	18	9	2	0	0	0	0	0	0	0	0	
259	43	8	12	18	9	2	0	0	0	0	0	0	0	0	
260	42	12	6	18	9	0	0	0	0	0	0	0	0	0	
261	43	6	0	18	9	2	0	0	0	0	0	0	0	0	
262	42	0	6	18	9	0	0	0	0	0	0	0	0	0	
263	42	6	12	18	9	2	0	0	0	0	0	0	0	0	
264	43	12	8	18	9	2	0	0	0	0	0	0	0	0	
265	43	4	0	18	9	2	0	0	0	0	0	0	0	0	
266	43	0	8	18	9	2	0	0	0	0	0	0	0	0	
267	43	4	12	18	9	2	0	0	0	0	0	0	0	0	
268	43	12	10	18	9	2	0	0	0	0	0	0	0	0	
269	43	2	0	18	9	2	0	0	0	0	0	0	0	0	
270	43	0	10	18	9	2	0	0	0	0	0	0	0	0	
271	43	2	12	18	9	2	0	0	0	0	0	0	0	0	
272	43	12	0	18	9	2	0	0	0	0	0	0	0	0	
273	43	0	0	18	9	2	0	0	0	0	0	0	0	0	
274	43	12	12	18	9	2	0	0	0	0	0	0	0	0	
275	43	0	12	18	9	2	0	0	0	0	0	0	0	0	
276	27	10	2	18	9	2	0	0	0	0	0	0	0	0	
277	5	10	6	18	9	2	0	0	0	0	0	0	0	0	
278	6	10	8	18	9	2	0	0	0	0	0	0	0	0	
279	17	10	10	18	9	2	0	0	0	0	0	0	0	0	
280	6	9	4	18	9	1	0	0	0	0	0	0	0	0	
281	5	8	6	18	9	2	0	0	0	0	0	0	0	0	
282	39	8	8	18	9	2	0	0	0	0	0	0	0	0	
283	18	6	6	18	9	2	0	0	0	0	0	0	0	0	
284	28	6	10	18	9	2	0	0	0	0	0	0	0	0	
285	5	4	6	18	9	2	0	0	0	0	0	0	0	0	
286	39	4	8	18	9	2	0	0	0	0	0	0	0	0	
287	6	3	4	18	9	1	0	0	0	0	0	0	0	0	
288	27	2	2	18	9	2	0	0	0	0	0	0	0	0	
289	5	2	6	18	9	2	0	0	0	0	0	0	0	0	
290	6	2	8	18	9	2	0	0	0	0	0	0	0	0	
291	17	2	10	18	9	2	0	0	0	0	0	0	0	0	
292	32	20	11	-999	-999	2	0	0	0	0	0	0	0	0	
316	316	311	311	307	307	303	303	299	299	295	295	314	314	
316	316	311	311	307	307	303	303	299	299	295	295	314	314	
312	312	332	332	331	331	330	330	NULL	NULL	329	329	310	310	
312	312	332	332	331	331	330	330	328	328	329	329	310	310	
308	308	NULL	NULL	327	327	326	326	328	328	NULL	NULL	306	306	
308	308	NULL	NULL	327	327	326	326	NULL	NULL	NULL	NULL	306	306	
304	304	325	325	NULL	NULL	324	324	NULL	NULL	NULL	NULL	302	302	
304	304	325	325	NULL	NULL	324	324	NULL	NULL	NULL	NULL	302	302	
300	300	NULL	NULL	323	323	322	322	NULL	NULL	NULL	NULL	298	298	
300	300	NULL	NULL	323	323	322	322	321	321	NULL	NULL	298	298	
296	296	320	320	319	319	318	318	321	321	317	317	294	294	
296	296	320	320	319	319	318	318	NULL	NULL	317	317	294	294	
315	315	309	309	305	305	301	301	297	297	293	293	313	313	
315	315	309	309	305	305	301	301	297	297	293	293	313	313	
293	43	10	12	20	11	2	0	0	0	0	0	0	0	0	
294	43	12	10	20	11	2	0	0	0	0	0	0	0	0	
295	43	10	0	20	11	2	0	0	0	0	0	0	0	0	
296	43	0	10	20	11	2	0	0	0	0	0	0	0	0	
297	43	8	12	20	11	2	0	0	0	0	0	0	0	0	
298	43	12	8	20	11	2	0	0	0	0	0	0	0	0	
299	43	8	0	20	11	2	0	0	0	0	0	0	0	0	
300	43	0	8	20	11	2	0	0	0	0	0	0	0	0	
301	42	6	12	20	11	0	0	0	0	0	0	0	0	0	
302	43	12	6	20	11	2	0	0	0	0	0	0	0	0	
303	42	6	0	20	11	0	0	0	0	0	0	0	0	0	
304	42	0	6	20	11	2	0	0	0	0	0	0	0	0	
305	43	4	12	20	11	2	0	0	0	0	0	0	0	0	
306	43	12	4	20	11	2	0	0	0	0	0	0	0	0	
307	43	4	0	20	11	2	0	0	0	0	0	0	0	0	
308	43	0	4	20	11	2	0	0	0	0	0	0	0	0	
309	43	2	12	20	11	2	0	0	0	0	0	0	0	0	
310	43	12	2	20	11	2	0	0	0	0	0	0	0	0	
311	43	2	0	20	11	2	0	0	0	0	0	0	0	0	
312	43	0	2	20	11	2	0	0	0	0	0	0	0	0	
313	43	12	12	20	11	2	0	0	0	0	0	0	0	0	
314	43	12	0	20	11	2	0	0	0	0	0	0	0	0	
315	43	0	12	20	11	2	0	0	0	0	0	0	0	0	
316	43	0	0	20	11	2	0	0	0	0	0	0	0	0	
317	27	10	10	20	11	2	0	0	0	0	0	0	0	0	
318	5	6	10	20	11	2	0	0	0	0	0	0	0	0	
319	6	4	10	20	11	2	0	0	0	0	0	0	0	0	
320	17	2	10	20	11	2	0	0	0	0	0	0	0	0	
321	6	8	9	20	11	1	0	0	0	0	0	0	0	0	
322	5	6	8	20	11	2	0	0	0	0	0	0	0	0	
323	39	4	8	20	11	2	0	0	0	0	0	0	0	0	
324	18	6	6	20	11	2	0	0	0	0	0	0	0	0	
325	28	2	6	20	11	2	0	0	0	0	0	0	0	0	
326	5	6	4	20	11	2	0	0	0	0	0	0	0	0	
327	39	4	4	20	11	2	0	0	0	0	0	0	0	0	
328	6	8	3	20	11	1	0	0	0	0	0	0	0	0	
329	27	10	2	20	11	2	0	0	0	0	0	0	0	0	
330	5	6	2	20	11	2	0	0	0	0	0	0	0	0	
331	6	4	2	20	11	2	0	0	0	0	0	0	0	0	
332	17	2	2	20	11	2	0	0	0	0	0	0	0	0	
333	32	18	13	-999	-999	2	0	0	0	0	0	0	0	0	
356	356	337	337	341	341	345	345	349	349	353	353	357	357	
356	356	337	337	341	341	345	345	349	349	353	353	357	357	
350	350	361	361	NULL	NULL	366	366	NULL	NULL	373	373	352	352	
350	350	361	361	NULL	NULL	366	366	NULL	NULL	373	373	352	352	
346	346	360	360	364	364	NULL	NULL	368	368	372	372	348	348	
346	346	360	360	364	364	NULL	NULL	368	368	372	372	348	348	
342	342	359	359	363	363	365	365	367	367	371	371	344	344	
342	342	359	359	363	363	365	365	367	367	371	371	344	344	
338	338	NULL	362	362	NULL	NULL	NULL	NULL	369	369	NULL	340	340	
338	338	NULL	362	362	NULL	NULL	NULL	NULL	369	369	NULL	340	340	
334	334	358	358	NULL	NULL	NULL	NULL	NULL	NULL	370	370	336	336	
334	334	358	358	NULL	NULL	NULL	NULL	NULL	NULL	370	370	336	336	
354	354	335	335	339	339	343	343	347	347	351	351	355	355	
354	354	335	335	339	339	343	343	347	347	351	351	355	355	
334	43	0	10	18	13	2	0	0	0	0	0	0	0	0	
335	43	2	12	18	13	2	0	0	0	0	0	0	0	0	
336	43	12	10	18	13	2	0	0	0	0	0	0	0	0	
337	43	2	0	18	13	2	0	0	0	0	0	0	0	0	
338	43	0	8	18	13	2	0	0	0	0	0	0	0	0	
339	43	4	12	18	13	2	0	0	0	0	0	0	0	0	
340	43	12	8	18	13	2	0	0	0	0	0	0	0	0	
341	43	4	0	18	13	2	0	0	0	0	0	0	0	0	
342	42	0	6	18	13	0	0	0	0	0	0	0	0	0	
343	43	6	12	18	13	2	0	0	0	0	0	0	0	0	
344	42	12	6	18	13	0	0	0	0	0	0	0	0	0	
345	42	6	0	18	13	2	0	0	0	0	0	0	0	0	
346	43	0	4	18	13	2	0	0	0	0	0	0	0	0	
347	43	8	12	18	13	2	0	0	0	0	0	0	0	0	
348	43	12	4	18	13	2	0	0	0	0	0	0	0	0	
349	43	8	0	18	13	2	0	0	0	0	0	0	0	0	
350	43	0	2	18	13	2	0	0	0	0	0	0	0	0	
351	43	10	12	18	13	2	0	0	0	0	0	0	0	0	
352	43	12	2	18	13	2	0	0	0	0	0	0	0	0	
353	43	10	0	18	13	2	0	0	0	0	0	0	0	0	
354	43	0	12	18	13	2	0	0	0	0	0	0	0	0	
355	43	12	12	18	13	2	0	0	0	0	0	0	0	0	
356	43	0	0	18	13	2	0	0	0	0	0	0	0	0	
357	43	12	0	18	13	2	0	0	0	0	0	0	0	0	
358	27	2	10	18	13	2	0	0	0	0	0	0	0	0	
359	5	2	6	18	13	2	0	0	0	0	0	0	0	0	
360	6	2	4	18	13	2	0	0	0	0	0	0	0	0	
361	17	2	2	18	13	2	0	0	0	0	0	0	0	0	
362	6	3	8	18	13	1	0	0	0	0	0	0	0	0	
363	5	4	6	18	13	2	0	0	0	0	0	0	0	0	
364	39	4	4	18	13	2	0	0	0	0	0	0	0	0	
365	18	6	6	18	13	2	0	0	0	0	0	0	0	0	
366	28	6	2	18	13	2	0	0	0	0	0	0	0	0	
367	5	8	6	18	13	2	0	0	0	0	0	0	0	0	
368	39	8	4	18	13	2	0	0	0	0	0	0	0	0	
369	6	9	8	18	13	1	0	0	0	0	0	0	0	0	
370	27	10	10	18	13	2	0	0	0	0	0	0	0	0	
371	5	10	6	18	13	2	0	0	0	0	0	0	0	0	
372	6	10	4	18	13	2	0	0	0	0	0	0	0	0	
373	17	10	2	18	13	2	0	0	0	0	0	0	0	0	
374	32	0	15	-999	-999	2	0	0	0	0	0	0	0	0	
395	395	375	375	379	379	383	383	387	387	391	391	397	397	
395	395	375	375	379	379	383	383	387	387	391	391	397	397	
376	376	399	399	NULL	NULL	400	400	401	401	402	402	378	378	
376	376	399	399	403	403	400	400	401	401	402	402	378	378	
380	380	NULL	NULL	403	403	404	404	405	405	NULL	NULL	382	382	
380	380	NULL	NULL	NULL	NULL	404	404	405	405	NULL	NULL	382	382	
384	384	NULL	NULL	NULL	NULL	406	406	NULL	NULL	407	407	386	386	
384	384	NULL	NULL	NULL	NULL	406	406	NULL	NULL	407	407	386	386	
388	388	NULL	NULL	NULL	NULL	408	408	409	409	NULL	NULL	390	390	
388	388	NULL	NULL	410	410	408	408	409	409	NULL	NULL	390	390	
392	392	411	411	410	410	130	130	151	151	105	105	394	394	
392	392	411	411	NULL	NULL	130	130	151	151	105	105	394	394	
396	396	377	377	381	381	385	385	389	389	393	393	398	398	
396	396	377	377	381	381	385	385	389	389	393	393	398	398	
375	43	2	0	0	15	2	0	0	0	0	0	0	0	0	
376	43	0	2	0	15	2	0	0	0	0	0	0	0	0	
377	43	2	12	0	15	2	0	0	0	0	0	0	0	0	
378	43	12	2	0	15	2	0	0	0	0	0	0	0	0	
379	43	4	0	0	15	2	0	0	0	0	0	0	0	0	
380	43	0	4	0	15	2	0	0	0	0	0	0	0	0	
381	43	4	12	0	15	2	0	0	0	0	0	0	0	0	
382	43	12	4	0	15	2	0	0	0	0	0	0	0	0	
383	42	6	0	0	15	0	0	0	0	0	0	0	0	0	
384	43	0	6	0	15	2	0	0	0	0	0	0	0	0	
385	42	6	12	0	15	0	0	0	0	0	0	0	0	0	
386	42	12	6	0	15	2	0	0	0	0	0	0	0	0	
387	43	8	0	0	15	2	0	0	0	0	0	0	0	0	
388	43	0	8	0	15	2	0	0	0	0	0	0	0	0	
389	43	8	12	0	15	2	0	0	0	0	0	0	0	0	
390	43	12	8	0	15	2	0	0	0	0	0	0	0	0	
391	43	10	0	0	15	2	0	0	0	0	0	0	0	0	
392	43	0	10	0	15	2	0	0	0	0	0	0	0	0	
393	43	10	12	0	15	2	0	0	0	0	0	0	0	0	
394	43	12	10	0	15	2	0	0	0	0	0	0	0	0	
395	43	0	0	0	15	2	0	0	0	0	0	0	0	0	
396	43	0	12	0	15	2	0	0	0	0	0	0	0	0	
397	43	12	0	0	15	2	0	0	0	0	0	0	0	0	
398	43	12	12	0	15	2	0	0	0	0	0	0	0	0	
399	27	2	2	0	15	2	0	0	0	0	0	0	0	0	
400	5	6	2	0	15	2	0	0	0	0	0	0	0	0	
401	6	8	2	0	15	2	0	0	0	0	0	0	0	0	
402	17	10	2	0	15	2	0	0	0	0	0	0	0	0	
403	6	4	3	0	15	1	0	0	0	0	0	0	0	0	
404	5	6	4	0	15	2	0	0	0	0	0	0	0	0	
405	39	8	4	0	15	2	0	0	0	0	0	0	0	0	
406	18	6	6	0	15	2	0	0	0	0	0	0	0	0	
407	28	10	6	0	15	2	0	0	0	0	0	0	0	0	
408	5	6	8	0	15	2	0	0	0	0	0	0	0	0	
409	39	8	8	0	15	2	0	0	0	0	0	0	0	0	
410	6	4	9	0	15	1	0	0	0	0	0	0	0	0	
411	27	2	10	0	15	2	0	0	0	0	0	0	0	0	
412	60	10	16	-999	-999	2	0	0	0	0	0	0	0	0	
413	61	10	20	-999	-999	2	0	0	0	0	0	0	0	0	
414	35	10	18	-999	-999	2	0	0	0	0	0	0	0	0	
NULL	NULL	NULL	NULL	NULL	NULL	NULL	NULL	NULL	NULL	NULL	NULL	NULL	NULL	NULL	NULL	NULL	NULL	NULL	NULL	NULL	NULL	NULL	NULL	
NULL	NULL	NULL	NULL	NULL	NULL	NULL	NULL	NULL	NULL	NULL	NULL	NULL	NULL	NULL	NULL	NULL	NULL	NULL	NULL	NULL	NULL	NULL	NULL	
NULL	NULL	NULL	NULL	NULL	NULL	NULL	NULL	NULL	NULL	NULL	NULL	NULL	NULL	NULL	NULL	NULL	NULL	NULL	NULL	NULL	NULL	NULL	NULL	
NULL	NULL	NULL	NULL	NULL	NULL	NULL	NULL	NULL	NULL	NULL	NULL	NULL	NULL	NULL	NULL	NULL	NULL	NULL	NULL	NULL	NULL	NULL	NULL	
NULL	NULL	NULL	NULL	NULL	NULL	NULL	NULL	NULL	NULL	NULL	NULL	NULL	NULL	NULL	NULL	NULL	NULL	NULL	NULL	NULL	NULL	NULL	NULL	
NULL	NULL	NULL	NULL	NULL	NULL	NULL	NULL	NULL	NULL	NULL	NULL	NULL	NULL	NULL	NULL	NULL	NULL	NULL	NULL	NULL	NULL	NULL	NULL	
NULL	NULL	NULL	NULL	NULL	NULL	NULL	NULL	NULL	NULL	NULL	NULL	NULL	NULL	NULL	NULL	NULL	NULL	NULL	NULL	NULL	NULL	NULL	NULL	
NULL	NULL	NULL	NULL	NULL	NULL	NULL	NULL	NULL	NULL	NULL	NULL	NULL	NULL	NULL	NULL	93	93	117	117	97	97	NULL	NULL	
NULL	NULL	NULL	NULL	NULL	NULL	NULL	NULL	NULL	NULL	NULL	NULL	NULL	NULL	NULL	NULL	93	93	117	117	97	97	NULL	NULL	
NULL	NULL	NULL	NULL	NULL	NULL	94	94	NULL	NULL	NULL	NULL	NULL	NULL	108	108	208	208	251	251	8	8	101	101	
NULL	NULL	NULL	NULL	NULL	NULL	94	94	88	88	NULL	NULL	NULL	NULL	108	108	208	208	251	251	8	8	101	101	
127	127	98	98	92	92	90	90	88	88	NULL	131	131	NULL	113	113	210	210	43	43	292	292	122	122	
127	127	98	98	92	92	90	90	112	112	NULL	131	131	NULL	113	113	210	210	43	43	292	292	122	122	
109	109	NULL	NULL	NULL	NULL	125	125	112	112	NULL	NULL	NULL	NULL	89	89	182	182	333	333	33	33	45	45	
109	109	NULL	NULL	NULL	NULL	125	125	NULL	NULL	NULL	NULL	NULL	NULL	89	89	182	182	333	333	33	33	45	45	
374	374	49	49	NULL	NULL	NULL	NULL	NULL	NULL	NULL	NULL	NULL	NULL	NULL	NULL	0	0	126	126	65	65	NULL	NULL	
374	374	49	49	61	61	53	53	57	57	412	412	NULL	NULL	NULL	NULL	0	0	126	126	65	65	NULL	NULL	
NULL	NULL	NULL	NULL	61	61	53	53	57	57	412	412	NULL	NULL	NULL	NULL	NULL	NULL	NULL	NULL	NULL	NULL	NULL	NULL	
NULL	NULL	NULL	NULL	NULL	NULL	NULL	NULL	NULL	NULL	414	414	NULL	NULL	NULL	NULL	NULL	NULL	NULL	NULL	NULL	NULL	NULL	NULL	
NULL	NULL	NULL	NULL	NULL	NULL	NULL	NULL	NULL	NULL	414	414	NULL	NULL	NULL	NULL	NULL	NULL	NULL	NULL	NULL	NULL	NULL	NULL	
NULL	NULL	NULL	NULL	NULL	NULL	NULL	NULL	NULL	NULL	413	413	NULL	NULL	NULL	NULL	NULL	NULL	NULL	NULL	NULL	NULL	NULL	NULL	
NULL	NULL	NULL	NULL	NULL	NULL	NULL	NULL	NULL	NULL	413	413	NULL	NULL	NULL	NULL	NULL	NULL	NULL	NULL	NULL	NULL	NULL	NULL	
NULL	NULL	NULL	NULL	NULL	NULL	NULL	NULL	NULL	NULL	NULL	NULL	NULL	NULL	NULL	NULL	NULL	NULL	NULL	NULL	NULL	NULL	NULL	NULL	
NULL	NULL	NULL	NULL	NULL	NULL	NULL	NULL	NULL	NULL	NULL	NULL	NULL	NULL	NULL	NULL	NULL	NULL	NULL	NULL	NULL	NULL	NULL	NULL	
