411
0	32	12	11	-999	-999	2	0	0	0	0	0	0	0	0	1	
11	11	23	23	22	22	21	21	12	12	18	18	19	19	
11	11	23	23	22	22	21	21	12	12	18	18	19	19	
27	27	NULL	NULL	NULL	NULL	10	10	NULL	NULL	NULL	NULL	16	16	
27	27	NULL	NULL	NULL	NULL	10	10	NULL	NULL	NULL	NULL	16	16	
15	15	NULL	NULL	NULL	NULL	14	14	NULL	NULL	NULL	NULL	6	6	
15	15	NULL	NULL	NULL	NULL	14	14	NULL	NULL	NULL	NULL	6	6	
8	8	NULL	NULL	NULL	NULL	30	30	NULL	NULL	7	7	1	1	
8	8	NULL	NULL	NULL	NULL	30	30	NULL	NULL	7	7	1	1	
29	29	NULL	NULL	NULL	NULL	24	24	NULL	NULL	NULL	NULL	9	9	
29	29	NULL	NULL	NULL	NULL	24	24	NULL	NULL	NULL	NULL	9	9	
20	20	NULL	NULL	NULL	NULL	4	4	NULL	NULL	NULL	NULL	3	3	
20	20	NULL	NULL	NULL	NULL	4	4	NULL	NULL	NULL	NULL	3	3	
17	17	25	25	26	26	28	28	5	5	13	13	2	2	
17	17	25	25	26	26	28	28	5	5	13	13	2	2	
1	42	12	6	12	11	2	0	0	0	0	0	0	0	0	1	
2	43	12	12	12	11	2	0	0	0	0	0	0	0	0	1	
3	43	12	10	12	11	2	0	0	0	0	0	0	0	0	1	
4	12	6	10	12	11	2	100000	0	0	0	0	0	0	0	1	
5	43	8	12	12	11	2	0	0	0	0	0	0	0	0	1	
6	43	12	4	12	11	2	0	0	0	0	0	0	0	0	1	
7	0	10	6	12	11	2	0	1	1000	0	0	0	0	0	1	
8	43	0	6	12	11	2	0	0	0	0	0	0	0	0	1	
9	43	12	8	12	11	2	0	0	0	0	0	0	0	0	1	
10	12	6	2	12	11	2	100000	0	0	0	0	0	0	0	1	
11	43	0	0	12	11	2	0	0	0	0	0	0	0	0	1	
12	43	8	0	12	11	2	0	0	0	0	0	0	0	0	1	
13	43	10	12	12	11	2	0	0	0	0	0	0	0	0	1	
14	12	6	4	12	11	2	100000	0	0	0	0	0	0	0	1	
15	43	0	4	12	11	2	0	0	0	0	0	0	0	0	1	
16	43	12	2	12	11	2	0	0	0	0	0	0	0	0	1	
17	43	0	12	12	11	2	0	0	0	0	0	0	0	0	1	
18	43	10	0	12	11	2	0	0	0	0	0	0	0	0	1	
19	43	12	0	12	11	2	0	0	0	0	0	0	0	0	1	
20	43	0	10	12	11	2	0	0	0	0	0	0	0	0	1	
21	42	6	0	12	11	2	0	0	0	0	0	0	0	0	1	
22	43	4	0	12	11	2	0	0	0	0	0	0	0	0	1	
23	43	2	0	12	11	2	0	0	0	0	0	0	0	0	1	
24	12	6	8	12	11	2	100000	0	0	0	0	0	0	0	1	
25	43	2	12	12	11	2	0	0	0	0	0	0	0	0	1	
26	43	4	12	12	11	2	0	0	0	0	0	0	0	0	1	
27	43	0	2	12	11	2	0	0	0	0	0	0	0	0	1	
28	43	6	12	12	11	2	0	0	0	0	0	0	0	0	1	
29	43	0	8	12	11	2	0	0	0	0	0	0	0	0	1	
30	12	6	6	12	11	2	100000	0	0	0	0	0	0	0	1	
31	40	14	22	-999	-999	2	0	0	0	0	0	0	0	0	1	
32	40	20	4	-999	-999	2	0	0	0	0	0	0	0	0	1	
33	40	2	20	-999	-999	2	0	0	0	0	0	0	0	0	1	
34	40	6	20	-999	-999	2	0	0	0	0	0	0	0	0	1	
35	40	2	4	-999	-999	2	0	0	0	0	0	0	0	0	1	
36	40	20	12	-999	-999	2	0	0	0	0	0	0	0	0	1	
37	40	2	14	-999	-999	2	0	0	0	0	0	0	0	0	1	
38	40	12	18	-999	-999	2	0	0	0	0	0	0	0	0	1	
39	40	20	18	-999	-999	2	0	0	0	0	0	0	0	0	1	
40	40	20	8	-999	-999	2	0	0	0	0	0	0	0	0	1	
41	40	10	18	-999	-999	2	0	0	0	0	0	0	0	0	1	
42	40	4	20	-999	-999	2	0	0	0	0	0	0	0	0	1	
43	40	16	20	-999	-999	2	0	0	0	0	0	0	0	0	1	
44	40	4	2	-999	-999	2	0	0	0	0	0	0	0	0	1	
45	40	20	16	-999	-999	2	0	0	0	0	0	0	0	0	1	
46	40	12	22	-999	-999	2	0	0	0	0	0	0	0	0	1	
47	40	20	10	-999	-999	2	0	0	0	0	0	0	0	0	1	
48	40	2	8	-999	-999	2	0	0	0	0	0	0	0	0	1	
49	40	2	16	-999	-999	2	0	0	0	0	0	0	0	0	1	
50	40	18	20	-999	-999	2	0	0	0	0	0	0	0	0	1	
51	40	2	2	-999	-999	2	0	0	0	0	0	0	0	0	1	
52	40	20	2	-999	-999	2	0	0	0	0	0	0	0	0	1	
53	40	2	6	-999	-999	2	0	0	0	0	0	0	0	0	1	
54	40	14	18	-999	-999	2	0	0	0	0	0	0	0	0	1	
55	40	2	18	-999	-999	2	0	0	0	0	0	0	0	0	1	
56	40	2	12	-999	-999	2	0	0	0	0	0	0	0	0	1	
57	40	20	6	-999	-999	2	0	0	0	0	0	0	0	0	1	
58	40	16	18	-999	-999	2	0	0	0	0	0	0	0	0	1	
59	40	2	10	-999	-999	2	0	0	0	0	0	0	0	0	1	
60	40	8	18	-999	-999	2	0	0	0	0	0	0	0	0	1	
61	40	20	20	-999	-999	2	0	0	0	0	0	0	0	0	1	
62	40	18	2	-999	-999	2	0	0	0	0	0	0	0	0	1	
63	37	10	2	13	2	2	0	0	0	0	0	0	0	0	1	
64	37	8	2	13	2	2	0	0	0	0	0	0	0	0	1	
65	40	10	22	-999	-999	2	0	0	0	0	0	0	0	0	1	
66	40	20	14	-999	-999	2	0	0	0	0	0	0	0	0	1	
67	32	10	11	-999	-999	2	0	0	0	0	0	0	0	0	1	
69	69	80	80	72	72	91	91	92	92	74	74	84	84	
69	69	80	80	72	72	91	91	92	92	74	74	84	84	
70	70	NULL	NULL	96	96	407	407	409	409	NULL	NULL	87	87	
70	70	NULL	NULL	96	96	407	407	409	409	NULL	NULL	87	87	
76	76	94	94	98	98	NULL	NULL	NULL	NULL	NULL	NULL	81	81	
76	76	94	94	98	98	NULL	NULL	NULL	NULL	NULL	NULL	81	81	
68	68	408	408	NULL	NULL	NULL	NULL	NULL	NULL	NULL	NULL	75	75	
68	68	408	408	NULL	NULL	NULL	NULL	NULL	NULL	NULL	NULL	75	75	
73	73	410	410	NULL	NULL	NULL	NULL	NULL	NULL	NULL	NULL	82	82	
73	73	410	410	NULL	NULL	NULL	NULL	NULL	NULL	NULL	NULL	82	82	
83	83	NULL	NULL	77	77	NULL	NULL	NULL	NULL	NULL	NULL	71	71	
83	83	NULL	NULL	77	77	NULL	NULL	NULL	NULL	NULL	NULL	71	71	
86	86	85	85	79	79	88	88	89	89	90	90	78	78	
86	86	85	85	79	79	88	88	89	89	90	90	78	78	
68	43	0	6	10	11	2	0	0	0	0	0	0	0	0	1	
69	43	0	0	10	11	2	0	0	0	0	0	0	0	0	1	
70	43	0	2	10	11	2	0	0	0	0	0	0	0	0	1	
71	43	12	10	10	11	2	0	0	0	0	0	0	0	0	1	
72	42	4	0	10	11	2	0	0	0	0	0	0	0	0	1	
73	43	0	8	10	11	2	0	0	0	0	0	0	0	0	1	
74	43	10	0	10	11	2	0	0	0	0	0	0	0	0	1	
75	43	12	6	10	11	2	0	0	0	0	0	0	0	0	1	
76	42	0	4	10	11	2	0	0	0	0	0	0	0	0	1	
77	4	4	10	10	11	2	0	1	1000	0	0	0	0	0	1	
78	43	12	12	10	11	2	0	0	0	0	0	0	0	0	1	
79	42	4	12	10	11	2	0	0	0	0	0	0	0	0	1	
80	43	2	0	10	11	2	0	0	0	0	0	0	0	0	1	
81	43	12	4	10	11	2	0	0	0	0	0	0	0	0	1	
82	43	12	8	10	11	2	0	0	0	0	0	0	0	0	1	
83	43	0	10	10	11	2	0	0	0	0	0	0	0	0	1	
84	43	12	0	10	11	2	0	0	0	0	0	0	0	0	1	
85	43	2	12	10	11	2	0	0	0	0	0	0	0	0	1	
86	43	0	12	10	11	2	0	0	0	0	0	0	0	0	1	
87	43	12	2	10	11	2	0	0	0	0	0	0	0	0	1	
88	43	6	12	10	11	2	0	0	0	0	0	0	0	0	1	
89	43	8	12	10	11	2	0	0	0	0	0	0	0	0	1	
90	43	10	12	10	11	2	0	0	0	0	0	0	0	0	1	
91	43	6	0	10	11	2	0	0	0	0	0	0	0	0	1	
92	43	8	0	10	11	2	0	0	0	0	0	0	0	0	1	
93	40	15	2	-999	-999	2	0	0	0	0	0	0	0	0	1	
94	37	2	4	10	11	2	0	0	0	0	0	0	0	0	1	
95	37	6	2	13	2	2	0	0	0	0	0	0	0	0	1	
96	37	4	2	10	11	2	0	0	0	0	0	0	0	0	1	
97	40	7	2	-999	-999	2	0	0	0	0	0	0	0	0	1	
98	37	4	4	10	11	2	0	0	0	0	0	0	0	0	1	
99	40	22	4	-999	-999	2	0	0	0	0	0	0	0	0	1	
100	40	4	22	-999	-999	2	0	0	0	0	0	0	0	0	1	
101	32	10	20	-999	-999	2	0	0	0	0	0	0	0	0	1	
109	109	335	335	129	129	322	322	123	123	331	331	111	111	
109	109	335	335	129	129	322	322	123	123	331	331	111	111	
102	102	NULL	NULL	NULL	NULL	327	327	NULL	NULL	NULL	NULL	119	119	
102	102	NULL	NULL	NULL	NULL	327	327	NULL	NULL	NULL	NULL	119	119	
126	126	NULL	NULL	NULL	NULL	127	127	NULL	NULL	NULL	NULL	121	121	
126	126	NULL	NULL	NULL	NULL	127	127	NULL	NULL	NULL	NULL	121	121	
106	106	339	339	110	110	117	117	115	115	128	128	348	348	
106	106	339	339	110	110	117	117	115	115	128	128	348	348	
130	130	NULL	NULL	NULL	NULL	107	107	NULL	NULL	NULL	NULL	328	328	
130	130	NULL	NULL	NULL	NULL	107	107	NULL	NULL	NULL	NULL	328	328	
342	342	NULL	NULL	NULL	NULL	321	321	NULL	NULL	NULL	NULL	113	113	
342	342	NULL	NULL	NULL	NULL	321	321	NULL	NULL	NULL	NULL	113	113	
323	323	118	118	343	343	114	114	326	326	324	324	105	105	
323	323	118	118	343	343	114	114	326	326	324	324	105	105	
102	43	0	2	10	20	2	0	0	0	0	0	0	0	0	1	
103	40	22	20	-999	-999	2	0	0	0	0	0	0	0	0	1	
104	40	2	22	-999	-999	2	0	0	0	0	0	0	0	0	1	
105	43	12	12	10	20	2	0	0	0	0	0	0	0	0	1	
106	42	0	6	10	20	2	0	0	0	0	0	0	0	0	1	
107	37	6	8	10	20	2	0	0	0	0	0	0	0	0	1	
108	40	0	22	-999	-999	2	0	0	0	0	0	0	0	0	1	
109	43	0	0	10	20	2	0	0	0	0	0	0	0	0	1	
110	37	4	6	10	20	2	0	0	0	0	0	0	0	0	1	
111	43	12	0	10	20	2	0	0	0	0	0	0	0	0	1	
112	40	0	16	-999	-999	2	0	0	0	0	0	0	0	0	1	
113	43	12	10	10	20	2	0	0	0	0	0	0	0	0	1	
114	42	6	12	10	20	2	0	0	0	0	0	0	0	0	1	
115	37	8	6	10	20	2	0	0	0	0	0	0	0	0	1	
116	40	4	4	-999	-999	2	0	0	0	0	0	0	0	0	1	
117	4	6	6	10	20	2	0	2	1000	0	0	0	0	0	1	
118	43	2	12	10	20	2	0	0	0	0	0	0	0	0	1	
119	43	12	2	10	20	2	0	0	0	0	0	0	0	0	1	
120	40	18	22	-999	-999	2	0	0	0	0	0	0	0	0	1	
121	43	12	4	10	20	2	0	0	0	0	0	0	0	0	1	
122	40	0	12	-999	-999	2	0	0	0	0	0	0	0	0	1	
123	43	8	0	10	20	2	0	0	0	0	0	0	0	0	1	
124	40	22	8	-999	-999	2	0	0	0	0	0	0	0	0	1	
125	40	22	14	-999	-999	2	0	0	0	0	0	0	0	0	1	
126	43	0	4	10	20	2	0	0	0	0	0	0	0	0	1	
127	37	6	4	10	20	2	0	0	0	0	0	0	0	0	1	
128	37	10	6	10	20	2	0	0	0	0	0	0	0	0	1	
129	42	4	0	10	20	2	0	0	0	0	0	0	0	0	1	
130	43	0	8	10	20	2	0	0	0	0	0	0	0	0	1	
131	32	11	2	-999	-999	2	0	0	0	0	0	0	0	0	1	
256	256	229	229	237	237	163	163	258	258	250	250	239	239	
256	256	229	229	237	237	163	163	258	258	250	250	239	239	
236	236	NULL	NULL	NULL	NULL	NULL	NULL	NULL	NULL	NULL	NULL	187	187	
236	236	NULL	NULL	NULL	NULL	NULL	NULL	NULL	NULL	NULL	NULL	187	187	
228	228	NULL	NULL	NULL	NULL	NULL	NULL	NULL	NULL	NULL	NULL	248	248	
228	228	NULL	NULL	NULL	NULL	NULL	NULL	NULL	NULL	NULL	NULL	248	248	
185	185	174	174	182	182	NULL	NULL	NULL	NULL	NULL	NULL	241	241	
185	185	174	174	182	182	NULL	NULL	NULL	NULL	NULL	NULL	241	241	
245	245	NULL	NULL	166	166	NULL	NULL	NULL	NULL	NULL	NULL	244	244	
245	245	NULL	NULL	166	166	NULL	NULL	NULL	NULL	NULL	NULL	244	244	
231	231	NULL	NULL	183	183	NULL	NULL	NULL	NULL	NULL	NULL	170	170	
231	231	NULL	NULL	183	183	NULL	NULL	NULL	NULL	NULL	NULL	170	170	
178	178	235	235	233	233	232	232	243	243	255	255	253	253	
178	178	235	235	233	233	232	232	243	243	255	255	253	253	
132	40	22	12	-999	-999	2	0	0	0	0	0	0	0	0	1	
133	40	22	18	-999	-999	2	0	0	0	0	0	0	0	0	1	
134	43	12	0	8	20	2	0	0	0	0	0	0	0	0	1	
135	40	22	16	-999	-999	2	0	0	0	0	0	0	0	0	1	
136	40	0	10	-999	-999	2	0	0	0	0	0	0	0	0	1	
137	40	22	22	-999	-999	2	0	0	0	0	0	0	0	0	1	
138	43	10	0	8	20	2	0	0	0	0	0	0	0	0	1	
139	40	20	0	-999	-999	2	0	0	0	0	0	0	0	0	1	
140	40	22	10	-999	-999	2	0	0	0	0	0	0	0	0	1	
141	40	22	0	-999	-999	2	0	0	0	0	0	0	0	0	1	
142	43	0	10	8	20	2	0	0	0	0	0	0	0	0	1	
143	40	0	6	-999	-999	2	0	0	0	0	0	0	0	0	1	
144	40	4	0	-999	-999	2	0	0	0	0	0	0	0	0	1	
145	40	0	14	-999	-999	2	0	0	0	0	0	0	0	0	1	
146	43	10	12	8	20	2	0	0	0	0	0	0	0	0	1	
147	40	0	4	-999	-999	2	0	0	0	0	0	0	0	0	1	
148	40	22	6	-999	-999	2	0	0	0	0	0	0	0	0	1	
149	43	6	12	8	20	2	0	0	0	0	0	0	0	0	1	
150	43	12	10	8	20	2	0	0	0	0	0	0	0	0	1	
151	40	0	2	-999	-999	2	0	0	0	0	0	0	0	0	1	
152	40	18	0	-999	-999	2	0	0	0	0	0	0	0	0	1	
153	43	0	4	8	20	2	0	0	0	0	0	0	0	0	1	
154	40	0	0	-999	-999	2	0	0	0	0	0	0	0	0	1	
155	43	0	8	8	20	2	0	0	0	0	0	0	0	0	1	
156	40	0	8	-999	-999	2	0	0	0	0	0	0	0	0	1	
157	40	20	22	-999	-999	2	0	0	0	0	0	0	0	0	1	
158	40	0	20	-999	-999	2	0	0	0	0	0	0	0	0	1	
159	40	22	2	-999	-999	2	0	0	0	0	0	0	0	0	1	
160	40	0	18	-999	-999	2	0	0	0	0	0	0	0	0	1	
161	43	12	4	8	20	2	0	0	0	0	0	0	0	0	1	
162	40	18	4	-999	-999	2	0	0	0	0	0	0	0	0	1	
163	43	6	0	11	2	2	0	0	0	0	0	0	0	0	1	
164	37	2	6	8	20	2	0	0	0	0	0	0	0	0	1	
165	43	12	2	8	20	2	0	0	0	0	0	0	0	0	1	
166	37	4	8	11	2	2	0	0	0	0	0	0	0	0	1	
167	34	8	7	8	20	2	0	0	0	0	0	0	0	0	1	
168	43	6	0	8	20	2	0	0	0	0	0	0	0	0	1	
169	43	8	12	8	20	2	0	0	0	0	0	0	0	0	1	
170	43	12	10	11	2	2	0	0	0	0	0	0	0	0	1	
171	43	2	12	8	20	2	0	0	0	0	0	0	0	0	1	
172	43	4	0	8	20	2	0	0	0	0	0	0	0	0	1	
173	43	8	0	8	20	2	0	0	0	0	0	0	0	0	1	
174	37	2	6	11	2	2	0	0	0	0	0	0	0	0	1	
175	43	0	0	8	20	2	0	0	0	0	0	0	0	0	1	
176	43	4	12	8	20	2	0	0	0	0	0	0	0	0	1	
177	43	12	8	8	20	2	0	0	0	0	0	0	0	0	1	
178	43	0	12	11	2	2	0	0	0	0	0	0	0	0	1	
179	43	2	0	8	20	2	0	0	0	0	0	0	0	0	1	
180	37	10	6	8	20	2	0	0	0	0	0	0	0	0	1	
181	43	0	12	8	20	2	0	0	0	0	0	0	0	0	1	
182	7	4	6	11	2	2	0	0	0	0	0	0	0	0	1	
183	37	4	10	11	2	2	0	0	0	0	0	0	0	0	1	
184	32	8	20	-999	-999	2	0	0	0	0	0	0	0	0	1	
175	175	179	179	172	172	168	168	173	173	138	138	134	134	
175	175	179	179	172	172	168	168	173	173	138	138	134	134	
190	190	NULL	NULL	NULL	NULL	NULL	NULL	NULL	NULL	NULL	NULL	165	165	
190	190	NULL	NULL	NULL	NULL	NULL	NULL	NULL	NULL	NULL	NULL	165	165	
153	153	NULL	NULL	NULL	NULL	NULL	NULL	NULL	NULL	NULL	NULL	161	161	
153	153	NULL	NULL	NULL	NULL	NULL	NULL	189	189	NULL	NULL	161	161	
188	188	164	164	193	193	191	191	189	189	180	180	186	186	
188	188	164	164	193	193	191	191	167	167	180	180	186	186	
155	155	NULL	NULL	NULL	NULL	NULL	NULL	167	167	NULL	NULL	177	177	
155	155	NULL	NULL	NULL	NULL	NULL	NULL	NULL	NULL	NULL	NULL	177	177	
142	142	NULL	NULL	NULL	NULL	NULL	NULL	NULL	NULL	NULL	NULL	150	150	
142	142	NULL	NULL	NULL	NULL	NULL	NULL	NULL	NULL	NULL	NULL	150	150	
181	181	171	171	176	176	149	149	169	169	146	146	192	192	
181	181	171	171	176	176	149	149	169	169	146	146	192	192	
185	42	0	6	11	2	2	0	0	0	0	0	0	0	0	1	
186	42	12	6	8	20	2	0	0	0	0	0	0	0	0	1	
187	43	12	2	11	2	2	0	0	0	0	0	0	0	0	1	
188	42	0	6	8	20	2	0	0	0	0	0	0	0	0	1	
189	34	8	5	8	20	2	0	0	0	0	0	0	0	0	1	
190	43	0	2	8	20	2	0	0	0	0	0	0	0	0	1	
191	5	6	6	8	20	2	0	0	0	0	0	0	0	0	1	
192	43	12	12	8	20	2	0	0	0	0	0	0	0	0	1	
193	37	4	6	8	20	2	0	0	0	0	0	0	0	0	1	
194	40	2	0	-999	-999	2	0	0	0	0	0	0	0	0	1	
195	37	10	4	12	13	2	0	0	0	0	0	0	0	0	1	
196	37	8	6	12	13	2	0	0	0	0	0	0	0	0	1	
197	43	4	0	9	2	2	0	0	0	0	0	0	0	0	1	
198	43	2	0	9	2	2	0	0	0	0	0	0	0	0	1	
199	43	12	4	9	2	2	0	0	0	0	0	0	0	0	1	
200	37	8	8	12	13	2	0	0	0	0	0	0	0	0	1	
201	43	0	8	13	2	2	0	0	0	0	0	0	0	0	1	
202	43	8	12	13	2	2	0	0	0	0	0	0	0	0	1	
203	43	0	6	9	2	2	0	0	0	0	0	0	0	0	1	
204	37	8	10	12	13	2	0	0	0	0	0	0	0	0	1	
205	37	10	2	14	20	2	0	0	0	0	0	0	0	0	1	
206	43	12	8	13	2	2	0	0	0	0	0	0	0	0	1	
207	43	4	12	9	2	2	0	0	0	0	0	0	0	0	1	
208	24	6	6	12	13	2	0	0	0	0	0	0	0	0	1	
209	37	2	2	14	20	2	0	0	0	0	0	0	0	0	1	
210	43	0	2	9	2	2	0	0	0	0	0	0	0	0	1	
211	43	12	12	13	2	2	0	0	0	0	0	0	0	0	1	
212	14	4	6	12	13	2	100000	0	0	0	0	0	0	0	1	
213	43	0	4	13	2	2	0	0	0	0	0	0	0	0	1	
214	42	12	6	9	2	2	0	0	0	0	0	0	0	0	1	
215	5	2	4	14	20	2	0	0	0	0	0	0	0	0	1	
216	37	8	4	12	13	2	0	0	0	0	0	0	0	0	1	
217	43	12	10	13	2	2	0	0	0	0	0	0	0	0	1	
218	42	12	2	13	2	2	0	0	0	0	0	0	0	0	1	
219	43	10	0	13	2	2	0	0	0	0	0	0	0	0	1	
220	42	2	12	13	2	2	0	0	0	0	0	0	0	0	1	
221	43	12	2	9	2	2	0	0	0	0	0	0	0	0	1	
222	43	12	0	13	2	2	0	0	0	0	0	0	0	0	1	
223	43	12	6	13	2	2	0	0	0	0	0	0	0	0	1	
224	37	8	2	14	20	2	0	0	0	0	0	0	0	0	1	
225	43	4	0	13	2	2	0	0	0	0	0	0	0	0	1	
226	43	6	0	13	2	2	0	0	0	0	0	0	0	0	1	
227	43	0	4	9	2	2	0	0	0	0	0	0	0	0	1	
228	43	0	4	11	2	2	0	0	0	0	0	0	0	0	1	
229	43	2	0	11	2	2	0	0	0	0	0	0	0	0	1	
230	43	4	12	13	2	2	0	0	0	0	0	0	0	0	1	
231	43	0	10	11	2	2	0	0	0	0	0	0	0	0	1	
232	43	6	12	11	2	2	0	0	0	0	0	0	0	0	1	
233	42	4	12	11	2	2	0	0	0	0	0	0	0	0	1	
234	37	4	4	14	20	2	0	0	0	0	0	0	0	0	1	
235	43	2	12	11	2	2	0	0	0	0	0	0	0	0	1	
236	43	0	2	11	2	2	0	0	0	0	0	0	0	0	1	
237	43	4	0	11	2	2	0	0	0	0	0	0	0	0	1	
238	37	6	4	14	20	2	0	0	0	0	0	0	0	0	1	
239	43	12	0	11	2	2	0	0	0	0	0	0	0	0	1	
240	43	2	0	13	2	2	0	0	0	0	0	0	0	0	1	
241	43	12	6	11	2	2	0	0	0	0	0	0	0	0	1	
242	37	6	2	14	20	2	0	0	0	0	0	0	0	0	1	
243	43	8	12	11	2	2	0	0	0	0	0	0	0	0	1	
244	43	12	8	11	2	2	0	0	0	0	0	0	0	0	1	
245	43	0	8	11	2	2	0	0	0	0	0	0	0	0	1	
246	43	0	6	13	2	2	0	0	0	0	0	0	0	0	1	
247	32	9	2	-999	-999	2	0	0	0	0	0	0	0	0	1	
393	393	198	198	197	197	367	367	396	396	380	380	389	389	
393	393	198	198	197	197	367	367	396	396	380	380	389	389	
210	210	NULL	NULL	NULL	NULL	385	385	NULL	NULL	NULL	NULL	221	221	
210	210	NULL	NULL	NULL	NULL	385	385	NULL	NULL	NULL	NULL	221	221	
227	227	NULL	NULL	NULL	NULL	383	383	NULL	NULL	NULL	NULL	199	199	
227	227	NULL	NULL	NULL	NULL	383	383	NULL	NULL	NULL	NULL	199	199	
203	203	NULL	NULL	NULL	NULL	381	381	NULL	NULL	379	379	214	214	
203	203	NULL	NULL	NULL	NULL	381	381	NULL	NULL	379	379	214	214	
392	392	NULL	NULL	NULL	NULL	400	400	NULL	NULL	394	394	384	384	
392	392	NULL	NULL	NULL	NULL	400	400	NULL	NULL	394	394	384	384	
399	399	390	390	386	386	382	382	378	378	398	398	395	395	
399	399	390	390	386	386	382	382	378	378	398	398	395	395	
391	391	344	344	207	207	377	377	388	388	397	397	387	387	
391	391	344	344	207	207	377	377	388	388	397	397	387	387	
248	43	12	4	11	2	2	0	0	0	0	0	0	0	0	1	
249	43	0	2	13	2	2	0	0	0	0	0	0	0	0	1	
250	43	10	0	11	2	2	0	0	0	0	0	0	0	0	1	
251	43	6	12	13	2	2	0	0	0	0	0	0	0	0	1	
252	32	13	2	-999	-999	2	0	0	0	0	0	0	0	0	1	
337	337	240	240	225	225	226	226	254	254	219	219	222	222	
337	337	240	240	225	225	226	226	254	254	219	219	222	222	
249	249	401	401	406	406	95	95	64	64	63	63	218	218	
249	249	401	401	406	406	95	95	64	64	63	63	218	218	
213	213	402	402	NULL	NULL	NULL	NULL	NULL	NULL	NULL	NULL	257	257	
213	213	402	402	NULL	NULL	NULL	NULL	NULL	NULL	NULL	NULL	257	257	
246	246	403	403	NULL	NULL	NULL	NULL	NULL	NULL	NULL	NULL	223	223	
246	246	403	403	NULL	NULL	NULL	NULL	NULL	NULL	NULL	NULL	223	223	
201	201	404	404	NULL	NULL	NULL	NULL	NULL	NULL	NULL	NULL	206	206	
201	201	404	404	NULL	NULL	NULL	NULL	NULL	NULL	NULL	NULL	206	206	
346	346	405	405	NULL	NULL	NULL	NULL	NULL	NULL	NULL	NULL	217	217	
346	346	405	405	NULL	NULL	NULL	NULL	NULL	NULL	NULL	NULL	217	217	
340	340	220	220	230	230	251	251	202	202	351	351	211	211	
340	340	220	220	230	230	251	251	202	202	351	351	211	211	
253	43	12	12	11	2	2	0	0	0	0	0	0	0	0	1	
254	43	8	0	13	2	2	0	0	0	0	0	0	0	0	1	
255	43	10	12	11	2	2	0	0	0	0	0	0	0	0	1	
256	43	0	0	11	2	2	0	0	0	0	0	0	0	0	1	
257	43	12	4	13	2	2	0	0	0	0	0	0	0	0	1	
258	43	8	0	11	2	2	0	0	0	0	0	0	0	0	1	
259	32	12	13	-999	-999	2	0	0	0	0	0	0	0	0	1	
280	280	260	260	264	264	268	268	272	272	276	276	282	282	
280	280	260	260	264	264	268	268	272	272	276	276	282	282	
261	261	NULL	NULL	NULL	NULL	NULL	NULL	NULL	NULL	NULL	NULL	263	263	
261	261	NULL	NULL	NULL	NULL	NULL	NULL	NULL	NULL	NULL	NULL	263	263	
265	265	284	284	NULL	NULL	NULL	NULL	216	216	195	195	267	267	
265	265	284	284	NULL	NULL	NULL	NULL	216	216	195	195	267	267	
269	269	NULL	NULL	212	212	208	208	196	196	NULL	NULL	271	271	
269	269	NULL	NULL	212	212	208	208	196	196	NULL	NULL	271	271	
273	273	NULL	NULL	NULL	NULL	NULL	NULL	200	200	NULL	NULL	275	275	
273	273	NULL	NULL	NULL	NULL	NULL	NULL	200	200	NULL	NULL	275	275	
277	277	NULL	NULL	NULL	NULL	NULL	NULL	204	204	NULL	NULL	279	279	
277	277	NULL	NULL	NULL	NULL	NULL	NULL	204	204	NULL	NULL	279	279	
281	281	262	262	266	266	270	270	274	274	278	278	283	283	
281	281	262	262	266	266	270	270	274	274	278	278	283	283	
260	43	2	0	12	13	2	0	0	0	0	0	0	0	0	1	
261	43	0	2	12	13	2	0	0	0	0	0	0	0	0	1	
262	43	2	12	12	13	2	0	0	0	0	0	0	0	0	1	
263	43	12	2	12	13	2	0	0	0	0	0	0	0	0	1	
264	43	4	0	12	13	2	0	0	0	0	0	0	0	0	1	
265	42	0	4	12	13	2	0	0	0	0	0	0	0	0	1	
266	43	4	12	12	13	2	0	0	0	0	0	0	0	0	1	
267	42	12	4	12	13	2	0	0	0	0	0	0	0	0	1	
268	43	6	0	12	13	2	0	0	0	0	0	0	0	0	1	
269	43	0	6	12	13	2	0	0	0	0	0	0	0	0	1	
270	43	6	12	12	13	2	0	0	0	0	0	0	0	0	1	
271	43	12	6	12	13	2	0	0	0	0	0	0	0	0	1	
272	43	8	0	12	13	2	0	0	0	0	0	0	0	0	1	
273	43	0	8	12	13	2	0	0	0	0	0	0	0	0	1	
274	42	8	12	12	13	2	0	0	0	0	0	0	0	0	1	
275	43	12	8	12	13	2	0	0	0	0	0	0	0	0	1	
276	43	10	0	12	13	2	0	0	0	0	0	0	0	0	1	
277	43	0	10	12	13	2	0	0	0	0	0	0	0	0	1	
278	43	10	12	12	13	2	0	0	0	0	0	0	0	0	1	
279	43	12	10	12	13	2	0	0	0	0	0	0	0	0	1	
280	43	0	0	12	13	2	0	0	0	0	0	0	0	0	1	
281	43	0	12	12	13	2	0	0	0	0	0	0	0	0	1	
282	43	12	0	12	13	2	0	0	0	0	0	0	0	0	1	
283	43	12	12	12	13	2	0	0	0	0	0	0	0	0	1	
284	2	2	4	12	13	2	0	1	1000	0	0	0	0	0	1	
285	43	12	10	14	20	2	0	0	0	0	0	0	0	0	1	
286	42	0	4	14	20	2	0	0	0	0	0	0	0	0	1	
287	43	12	0	14	20	2	0	0	0	0	0	0	0	0	1	
288	43	8	12	12	20	2	0	0	0	0	0	0	0	0	1	
289	43	0	10	12	20	2	0	0	0	0	0	0	0	0	1	
290	43	0	6	14	20	2	0	0	0	0	0	0	0	0	1	
291	43	0	12	14	20	2	0	0	0	0	0	0	0	0	1	
292	42	2	0	14	20	2	0	0	0	0	0	0	0	0	1	
293	43	0	10	14	20	2	0	0	0	0	0	0	0	0	1	
294	40	4	18	-999	-999	2	0	0	0	0	0	0	0	0	1	
295	43	12	6	14	20	2	0	0	0	0	0	0	0	0	1	
296	43	12	12	14	20	2	0	0	0	0	0	0	0	0	1	
297	43	8	12	14	20	2	0	0	0	0	0	0	0	0	1	
298	40	16	0	-999	-999	2	0	0	0	0	0	0	0	0	1	
299	40	14	4	-999	-999	2	0	0	0	0	0	0	0	0	1	
300	43	4	12	14	20	2	0	0	0	0	0	0	0	0	1	
301	43	6	0	14	20	2	0	0	0	0	0	0	0	0	1	
302	40	14	0	-999	-999	2	0	0	0	0	0	0	0	0	1	
303	40	10	4	-999	-999	2	0	0	0	0	0	0	0	0	1	
304	37	4	2	12	20	2	0	0	0	0	0	0	0	0	1	
305	40	12	4	-999	-999	2	0	0	0	0	0	0	0	0	1	
306	40	12	0	-999	-999	2	0	0	0	0	0	0	0	0	1	
307	40	6	0	-999	-999	2	0	0	0	0	0	0	0	0	1	
308	42	12	4	14	20	2	0	0	0	0	0	0	0	0	1	
309	40	8	4	-999	-999	2	0	0	0	0	0	0	0	0	1	
310	40	10	0	-999	-999	2	0	0	0	0	0	0	0	0	1	
311	43	10	12	14	20	2	0	0	0	0	0	0	0	0	1	
312	43	0	2	14	20	2	0	0	0	0	0	0	0	0	1	
313	40	18	18	-999	-999	2	0	0	0	0	0	0	0	0	1	
314	40	8	0	-999	-999	2	0	0	0	0	0	0	0	0	1	
315	40	16	4	-999	-999	2	0	0	0	0	0	0	0	0	1	
316	40	8	22	-999	-999	2	0	0	0	0	0	0	0	0	1	
317	40	6	22	-999	-999	2	0	0	0	0	0	0	0	0	1	
318	40	6	4	-999	-999	2	0	0	0	0	0	0	0	0	1	
319	40	6	18	-999	-999	2	0	0	0	0	0	0	0	0	1	
320	40	16	22	-999	-999	2	0	0	0	0	0	0	0	0	1	
321	37	6	10	10	20	2	0	0	0	0	0	0	0	0	1	
322	42	6	0	10	20	2	0	0	0	0	0	0	0	0	1	
323	43	0	12	10	20	2	0	0	0	0	0	0	0	0	1	
324	43	10	12	10	20	2	0	0	0	0	0	0	0	0	1	
325	43	0	6	12	20	2	0	0	0	0	0	0	0	0	1	
326	43	8	12	10	20	2	0	0	0	0	0	0	0	0	1	
327	37	6	2	10	20	2	0	0	0	0	0	0	0	0	1	
328	43	12	8	10	20	2	0	0	0	0	0	0	0	0	1	
329	43	2	12	12	20	2	0	0	0	0	0	0	0	0	1	
330	43	12	10	12	20	2	0	0	0	0	0	0	0	0	1	
331	43	10	0	10	20	2	0	0	0	0	0	0	0	0	1	
332	32	12	20	-999	-999	2	0	0	0	0	0	0	0	0	1	
347	347	355	355	336	336	352	352	338	338	372	372	350	350	
347	347	355	355	336	336	352	352	338	338	372	372	350	350	
376	376	364	364	304	304	373	373	360	360	365	365	345	345	
376	376	364	364	304	304	373	373	360	360	365	365	345	345	
349	349	NULL	NULL	NULL	NULL	NULL	NULL	NULL	NULL	NULL	NULL	371	371	
349	349	NULL	NULL	NULL	NULL	NULL	NULL	NULL	NULL	NULL	NULL	371	371	
325	325	NULL	NULL	NULL	NULL	NULL	NULL	NULL	NULL	NULL	NULL	341	341	
325	325	NULL	NULL	NULL	NULL	NULL	NULL	NULL	NULL	NULL	NULL	341	341	
334	334	NULL	NULL	NULL	NULL	NULL	NULL	NULL	NULL	NULL	NULL	368	368	
334	334	NULL	NULL	NULL	NULL	NULL	NULL	NULL	NULL	NULL	NULL	368	368	
289	289	NULL	NULL	NULL	NULL	NULL	NULL	NULL	NULL	NULL	NULL	330	330	
289	289	NULL	NULL	NULL	NULL	NULL	NULL	NULL	NULL	NULL	NULL	330	330	
374	374	329	329	363	363	333	333	288	288	370	370	359	359	
374	374	329	329	363	363	333	333	288	288	370	370	359	359	
333	43	6	12	12	20	2	0	0	0	0	0	0	0	0	1	
334	43	0	8	12	20	2	0	0	0	0	0	0	0	0	1	
335	43	2	0	10	20	2	0	0	0	0	0	0	0	0	1	
336	42	4	0	12	20	2	0	0	0	0	0	0	0	0	1	
337	43	0	0	13	2	2	0	0	0	0	0	0	0	0	1	
338	43	8	0	12	20	2	0	0	0	0	0	0	0	0	1	
339	37	2	6	10	20	2	0	0	0	0	0	0	0	0	1	
340	43	0	12	13	2	2	0	0	0	0	0	0	0	0	1	
341	43	12	6	12	20	2	0	0	0	0	0	0	0	0	1	
342	43	0	10	10	20	2	0	0	0	0	0	0	0	0	1	
343	42	4	12	10	20	2	0	0	0	0	0	0	0	0	1	
344	43	2	12	9	2	2	0	0	0	0	0	0	0	0	1	
345	42	12	2	12	20	2	0	0	0	0	0	0	0	0	1	
346	43	0	10	13	2	2	0	0	0	0	0	0	0	0	1	
347	43	0	0	12	20	2	0	0	0	0	0	0	0	0	1	
348	42	12	6	10	20	2	0	0	0	0	0	0	0	0	1	
349	43	0	4	12	20	2	0	0	0	0	0	0	0	0	1	
350	43	12	0	12	20	2	0	0	0	0	0	0	0	0	1	
351	43	10	12	13	2	2	0	0	0	0	0	0	0	0	1	
352	42	6	0	12	20	2	0	0	0	0	0	0	0	0	1	
353	43	6	12	14	20	2	0	0	0	0	0	0	0	0	1	
354	43	12	8	14	20	2	0	0	0	0	0	0	0	0	1	
355	43	2	0	12	20	2	0	0	0	0	0	0	0	0	1	
356	43	10	0	14	20	2	0	0	0	0	0	0	0	0	1	
357	43	2	12	14	20	2	0	0	0	0	0	0	0	0	1	
358	42	4	0	14	20	2	0	0	0	0	0	0	0	0	1	
359	43	12	12	12	20	2	0	0	0	0	0	0	0	0	1	
360	37	8	2	12	20	2	0	0	0	0	0	0	0	0	1	
361	43	8	0	14	20	2	0	0	0	0	0	0	0	0	1	
362	43	0	0	14	20	2	0	0	0	0	0	0	0	0	1	
363	43	4	12	12	20	2	0	0	0	0	0	0	0	0	1	
364	37	2	2	12	20	2	0	0	0	0	0	0	0	0	1	
365	37	10	2	12	20	2	0	0	0	0	0	0	0	0	1	
366	32	14	20	-999	-999	2	0	0	0	0	0	0	0	0	1	
362	362	292	292	358	358	301	301	361	361	356	356	287	287	
362	362	292	292	358	358	301	301	361	361	356	356	287	287	
312	312	209	209	NULL	NULL	242	242	224	224	205	205	375	375	
312	312	209	209	NULL	NULL	242	242	224	224	205	205	375	375	
286	286	215	215	234	234	238	238	NULL	NULL	NULL	NULL	308	308	
286	286	215	215	234	234	238	238	NULL	NULL	NULL	NULL	308	308	
290	290	NULL	NULL	NULL	NULL	NULL	NULL	NULL	NULL	NULL	NULL	295	295	
290	290	NULL	NULL	NULL	NULL	NULL	NULL	NULL	NULL	NULL	NULL	295	295	
369	369	NULL	NULL	NULL	NULL	NULL	NULL	NULL	NULL	NULL	NULL	354	354	
369	369	NULL	NULL	NULL	NULL	NULL	NULL	NULL	NULL	NULL	NULL	354	354	
293	293	NULL	NULL	NULL	NULL	NULL	NULL	NULL	NULL	NULL	NULL	285	285	
293	293	NULL	NULL	NULL	NULL	NULL	NULL	NULL	NULL	NULL	NULL	285	285	
291	291	357	357	300	300	353	353	297	297	311	311	296	296	
291	291	357	357	300	300	353	353	297	297	311	311	296	296	
367	42	6	0	9	2	2	0	0	0	0	0	0	0	0	1	
368	43	12	8	12	20	2	0	0	0	0	0	0	0	0	1	
369	43	0	8	14	20	2	0	0	0	0	0	0	0	0	1	
370	43	10	12	12	20	2	0	0	0	0	0	0	0	0	1	
371	43	12	4	12	20	2	0	0	0	0	0	0	0	0	1	
372	43	10	0	12	20	2	0	0	0	0	0	0	0	0	1	
373	6	6	2	12	20	2	0	0	0	0	0	0	0	0	1	
374	43	0	12	12	20	2	0	0	0	0	0	0	0	0	1	
375	42	12	2	14	20	2	0	0	0	0	0	0	0	0	1	
376	42	0	2	12	20	2	0	0	0	0	0	0	0	0	1	
377	42	6	12	9	2	2	0	0	0	0	0	0	0	0	1	
378	37	8	10	9	2	2	0	0	0	0	0	0	0	0	1	
379	37	10	6	9	2	2	0	0	0	0	0	0	0	0	1	
380	43	10	0	9	2	2	0	0	0	0	0	0	0	0	1	
381	37	6	6	9	2	2	0	0	0	0	0	0	0	0	1	
382	5	6	10	9	2	2	0	0	0	0	0	0	0	0	1	
383	37	6	4	9	2	2	0	0	0	0	0	0	0	0	1	
384	43	12	8	9	2	2	0	0	0	0	0	0	0	0	1	
385	37	6	2	9	2	2	0	0	0	0	0	0	0	0	1	
386	37	4	10	9	2	2	0	0	0	0	0	0	0	0	1	
387	43	12	12	9	2	2	0	0	0	0	0	0	0	0	1	
388	43	8	12	9	2	2	0	0	0	0	0	0	0	0	1	
389	43	12	0	9	2	2	0	0	0	0	0	0	0	0	1	
390	37	2	10	9	2	2	0	0	0	0	0	0	0	0	1	
391	43	0	12	9	2	2	0	0	0	0	0	0	0	0	1	
392	43	0	8	9	2	2	0	0	0	0	0	0	0	0	1	
393	43	0	0	9	2	2	0	0	0	0	0	0	0	0	1	
394	37	10	8	9	2	2	0	0	0	0	0	0	0	0	1	
395	43	12	10	9	2	2	0	0	0	0	0	0	0	0	1	
396	43	8	0	9	2	2	0	0	0	0	0	0	0	0	1	
397	43	10	12	9	2	2	0	0	0	0	0	0	0	0	1	
398	37	10	10	9	2	2	0	0	0	0	0	0	0	0	1	
399	42	0	10	9	2	2	0	0	0	0	0	0	0	0	1	
400	37	6	8	9	2	2	0	0	0	0	0	0	0	0	1	
401	3	2	2	13	2	2	0	2	1000	0	0	0	0	0	1	
402	37	2	4	13	2	2	0	0	0	0	0	0	0	0	1	
403	37	2	6	13	2	2	0	0	0	0	0	0	0	0	1	
404	37	2	8	13	2	2	0	0	0	0	0	0	0	0	1	
405	37	2	10	13	2	2	0	0	0	0	0	0	0	0	1	
406	37	4	2	13	2	2	0	0	0	0	0	0	0	0	1	
407	26	6	2	10	11	2	0	0	0	0	0	0	0	0	1	
408	26	2	6	10	11	2	0	0	0	0	0	0	0	0	1	
409	16	8	2	10	11	2	100000	0	0	0	0	0	0	0	1	
410	16	2	8	10	11	2	100000	0	0	0	0	0	0	0	1	
154	154	194	194	144	144	307	307	314	314	310	310	306	306	302	302	298	298	152	152	139	139	141	141	
154	154	194	194	144	144	307	307	314	314	310	310	306	306	302	302	298	298	152	152	139	139	141	141	
151	151	51	51	44	44	NULL	97	97	247	247	131	131	252	252	93	93	NULL	62	62	52	52	159	159	
151	151	51	51	44	44	NULL	97	97	247	247	131	131	252	252	93	93	NULL	62	62	52	52	159	159	
147	147	35	35	116	116	318	318	309	309	303	303	305	305	299	299	315	315	162	162	32	32	99	99	
147	147	35	35	116	116	318	318	309	309	303	303	305	305	299	299	315	315	162	162	32	32	99	99	
143	143	53	53	NULL	NULL	NULL	NULL	NULL	NULL	NULL	NULL	NULL	NULL	NULL	NULL	NULL	NULL	NULL	NULL	57	57	148	148	
143	143	53	53	NULL	NULL	NULL	NULL	NULL	NULL	NULL	NULL	NULL	NULL	NULL	NULL	NULL	NULL	NULL	NULL	57	57	148	148	
156	156	48	48	NULL	NULL	NULL	NULL	NULL	NULL	NULL	NULL	NULL	NULL	NULL	NULL	NULL	NULL	NULL	NULL	40	40	124	124	
156	156	48	48	NULL	NULL	NULL	NULL	NULL	NULL	NULL	NULL	NULL	NULL	NULL	NULL	NULL	NULL	NULL	NULL	40	40	124	124	
136	136	59	59	NULL	NULL	NULL	NULL	NULL	NULL	NULL	NULL	NULL	NULL	NULL	NULL	NULL	NULL	NULL	NULL	47	47	140	140	
136	136	59	59	NULL	NULL	NULL	NULL	NULL	NULL	67	67	0	0	NULL	NULL	NULL	NULL	NULL	NULL	47	47	140	140	
122	122	56	56	NULL	NULL	NULL	NULL	NULL	NULL	67	67	0	0	NULL	NULL	NULL	NULL	NULL	NULL	36	36	132	132	
122	122	56	56	NULL	NULL	NULL	NULL	NULL	NULL	NULL	NULL	259	259	NULL	NULL	NULL	NULL	NULL	NULL	36	36	132	132	
145	145	37	37	NULL	NULL	NULL	NULL	NULL	NULL	NULL	NULL	259	259	NULL	NULL	NULL	NULL	NULL	NULL	66	66	125	125	
145	145	37	37	NULL	NULL	NULL	NULL	NULL	NULL	NULL	NULL	NULL	NULL	NULL	NULL	NULL	NULL	NULL	NULL	66	66	125	125	
112	112	49	49	NULL	NULL	NULL	NULL	NULL	NULL	NULL	NULL	NULL	NULL	NULL	NULL	NULL	NULL	NULL	NULL	45	45	135	135	
112	112	49	49	NULL	NULL	NULL	NULL	NULL	NULL	NULL	NULL	NULL	NULL	NULL	NULL	NULL	NULL	NULL	NULL	45	45	135	135	
160	160	55	55	294	294	319	319	60	60	41	41	38	38	54	54	58	58	313	313	39	39	133	133	
160	160	55	55	294	294	319	319	60	60	41	41	38	38	54	54	58	58	313	313	39	39	133	133	
158	158	33	33	42	42	34	34	184	184	101	101	332	332	366	366	43	43	50	50	61	61	103	103	
158	158	33	33	42	42	34	34	184	184	101	101	332	332	366	366	43	43	50	50	61	61	103	103	
108	108	104	104	100	100	317	317	316	316	65	65	46	46	31	31	320	320	120	120	157	157	137	137	
108	108	104	104	100	100	317	317	316	316	65	65	46	46	31	31	320	320	120	120	157	157	137	137	
