834
0	32	12	11	-999	-999	2	0	0	0	0	0	0	0	0	1	
11	11	23	23	22	22	21	21	12	12	18	18	19	19	
11	11	23	23	22	22	21	21	12	12	18	18	19	19	
27	27	NULL	NULL	NULL	NULL	10	10	NULL	NULL	NULL	NULL	16	16	
27	27	NULL	NULL	NULL	NULL	10	10	NULL	NULL	NULL	NULL	16	16	
15	15	NULL	NULL	NULL	NULL	14	14	NULL	NULL	NULL	NULL	6	6	
15	15	NULL	NULL	NULL	NULL	14	14	NULL	NULL	NULL	NULL	6	6	
8	8	NULL	NULL	NULL	NULL	30	30	NULL	NULL	7	7	1	1	
8	8	NULL	NULL	NULL	NULL	30	30	NULL	NULL	7	7	1	1	
29	29	NULL	NULL	NULL	NULL	24	24	NULL	NULL	NULL	NULL	9	9	
29	29	NULL	NULL	NULL	NULL	24	24	NULL	NULL	NULL	NULL	9	9	
20	20	NULL	NULL	NULL	NULL	4	4	NULL	NULL	NULL	NULL	3	3	
20	20	NULL	NULL	NULL	NULL	4	4	NULL	NULL	NULL	NULL	3	3	
17	17	25	25	26	26	28	28	5	5	13	13	2	2	
17	17	25	25	26	26	28	28	5	5	13	13	2	2	
1	42	12	6	12	11	2	0	0	0	0	0	0	0	0	1	
2	43	12	12	12	11	2	0	0	0	0	0	0	0	0	1	
3	43	12	10	12	11	2	0	0	0	0	0	0	0	0	1	
4	12	6	10	12	11	2	100000	0	0	0	0	0	0	0	1	
5	43	8	12	12	11	2	0	0	0	0	0	0	0	0	1	
6	43	12	4	12	11	2	0	0	0	0	0	0	0	0	1	
7	0	10	6	12	11	2	0	1	1000	0	0	0	0	0	1	
8	43	0	6	12	11	2	0	0	0	0	0	0	0	0	1	
9	43	12	8	12	11	2	0	0	0	0	0	0	0	0	1	
10	12	6	2	12	11	2	100000	0	0	0	0	0	0	0	1	
11	43	0	0	12	11	2	0	0	0	0	0	0	0	0	1	
12	43	8	0	12	11	2	0	0	0	0	0	0	0	0	1	
13	43	10	12	12	11	2	0	0	0	0	0	0	0	0	1	
14	12	6	4	12	11	2	100000	0	0	0	0	0	0	0	1	
15	43	0	4	12	11	2	0	0	0	0	0	0	0	0	1	
16	43	12	2	12	11	2	0	0	0	0	0	0	0	0	1	
17	43	0	12	12	11	2	0	0	0	0	0	0	0	0	1	
18	43	10	0	12	11	2	0	0	0	0	0	0	0	0	1	
19	43	12	0	12	11	2	0	0	0	0	0	0	0	0	1	
20	43	0	10	12	11	2	0	0	0	0	0	0	0	0	1	
21	42	6	0	12	11	2	0	0	0	0	0	0	0	0	1	
22	43	4	0	12	11	2	0	0	0	0	0	0	0	0	1	
23	43	2	0	12	11	2	0	0	0	0	0	0	0	0	1	
24	12	6	8	12	11	2	100000	0	0	0	0	0	0	0	1	
25	43	2	12	12	11	2	0	0	0	0	0	0	0	0	1	
26	43	4	12	12	11	2	0	0	0	0	0	0	0	0	1	
27	43	0	2	12	11	2	0	0	0	0	0	0	0	0	1	
28	43	6	12	12	11	2	0	0	0	0	0	0	0	0	1	
29	43	0	8	12	11	2	0	0	0	0	0	0	0	0	1	
30	12	6	6	12	11	2	100000	0	0	0	0	0	0	0	1	
31	40	14	22	-999	-999	2	0	0	0	0	0	0	0	0	1	
32	40	20	4	-999	-999	2	0	0	0	0	0	0	0	0	1	
33	40	2	20	-999	-999	2	0	0	0	0	0	0	0	0	1	
34	40	6	20	-999	-999	2	0	0	0	0	0	0	0	0	1	
35	40	2	4	-999	-999	2	0	0	0	0	0	0	0	0	1	
36	40	20	12	-999	-999	2	0	0	0	0	0	0	0	0	1	
37	40	2	14	-999	-999	2	0	0	0	0	0	0	0	0	1	
38	40	12	18	-999	-999	2	0	0	0	0	0	0	0	0	1	
39	40	20	18	-999	-999	2	0	0	0	0	0	0	0	0	1	
40	40	20	8	-999	-999	2	0	0	0	0	0	0	0	0	1	
41	40	10	18	-999	-999	2	0	0	0	0	0	0	0	0	1	
42	40	4	20	-999	-999	2	0	0	0	0	0	0	0	0	1	
43	40	16	20	-999	-999	2	0	0	0	0	0	0	0	0	1	
44	40	4	2	-999	-999	2	0	0	0	0	0	0	0	0	1	
45	40	20	16	-999	-999	2	0	0	0	0	0	0	0	0	1	
46	40	12	22	-999	-999	2	0	0	0	0	0	0	0	0	1	
47	40	20	10	-999	-999	2	0	0	0	0	0	0	0	0	1	
48	40	2	8	-999	-999	2	0	0	0	0	0	0	0	0	1	
49	40	2	16	-999	-999	2	0	0	0	0	0	0	0	0	1	
50	40	18	20	-999	-999	2	0	0	0	0	0	0	0	0	1	
51	40	2	2	-999	-999	2	0	0	0	0	0	0	0	0	1	
52	40	20	2	-999	-999	2	0	0	0	0	0	0	0	0	1	
53	40	2	6	-999	-999	2	0	0	0	0	0	0	0	0	1	
54	40	14	18	-999	-999	2	0	0	0	0	0	0	0	0	1	
55	40	2	18	-999	-999	2	0	0	0	0	0	0	0	0	1	
56	40	2	12	-999	-999	2	0	0	0	0	0	0	0	0	1	
57	40	20	6	-999	-999	2	0	0	0	0	0	0	0	0	1	
58	40	16	18	-999	-999	2	0	0	0	0	0	0	0	0	1	
59	40	2	10	-999	-999	2	0	0	0	0	0	0	0	0	1	
60	40	8	18	-999	-999	2	0	0	0	0	0	0	0	0	1	
61	40	20	20	-999	-999	2	0	0	0	0	0	0	0	0	1	
62	40	18	2	-999	-999	2	0	0	0	0	0	0	0	0	1	
63	37	10	2	13	2	2	0	0	0	0	0	0	0	0	1	
64	37	8	2	13	2	2	0	0	0	0	0	0	0	0	1	
65	40	10	22	-999	-999	2	0	0	0	0	0	0	0	0	1	
66	40	20	14	-999	-999	2	0	0	0	0	0	0	0	0	1	
67	32	10	11	-999	-999	2	0	0	0	0	0	0	0	0	1	
69	69	80	80	72	72	91	91	92	92	74	74	84	84	
69	69	80	80	72	72	91	91	92	92	74	74	84	84	
70	70	NULL	NULL	96	96	407	407	409	409	NULL	NULL	87	87	
70	70	NULL	NULL	96	96	407	407	409	409	NULL	NULL	87	87	
76	76	94	94	98	98	NULL	NULL	NULL	NULL	NULL	NULL	81	81	
76	76	94	94	98	98	NULL	NULL	NULL	NULL	NULL	NULL	81	81	
68	68	408	408	NULL	NULL	NULL	NULL	NULL	NULL	NULL	NULL	75	75	
68	68	408	408	NULL	NULL	NULL	NULL	NULL	NULL	NULL	NULL	75	75	
73	73	410	410	NULL	NULL	NULL	NULL	NULL	NULL	NULL	NULL	82	82	
73	73	410	410	NULL	NULL	NULL	NULL	NULL	NULL	NULL	NULL	82	82	
83	83	NULL	NULL	77	77	NULL	NULL	NULL	NULL	NULL	NULL	71	71	
83	83	NULL	NULL	77	77	NULL	NULL	NULL	NULL	NULL	NULL	71	71	
86	86	85	85	79	79	88	88	89	89	90	90	78	78	
86	86	85	85	79	79	88	88	89	89	90	90	78	78	
68	43	0	6	10	11	2	0	0	0	0	0	0	0	0	1	
69	43	0	0	10	11	2	0	0	0	0	0	0	0	0	1	
70	43	0	2	10	11	2	0	0	0	0	0	0	0	0	1	
71	43	12	10	10	11	2	0	0	0	0	0	0	0	0	1	
72	42	4	0	10	11	2	0	0	0	0	0	0	0	0	1	
73	43	0	8	10	11	2	0	0	0	0	0	0	0	0	1	
74	43	10	0	10	11	2	0	0	0	0	0	0	0	0	1	
75	43	12	6	10	11	2	0	0	0	0	0	0	0	0	1	
76	42	0	4	10	11	2	0	0	0	0	0	0	0	0	1	
77	4	4	10	10	11	2	0	1	1000	0	0	0	0	0	1	
78	43	12	12	10	11	2	0	0	0	0	0	0	0	0	1	
79	42	4	12	10	11	2	0	0	0	0	0	0	0	0	1	
80	43	2	0	10	11	2	0	0	0	0	0	0	0	0	1	
81	43	12	4	10	11	2	0	0	0	0	0	0	0	0	1	
82	43	12	8	10	11	2	0	0	0	0	0	0	0	0	1	
83	43	0	10	10	11	2	0	0	0	0	0	0	0	0	1	
84	43	12	0	10	11	2	0	0	0	0	0	0	0	0	1	
85	43	2	12	10	11	2	0	0	0	0	0	0	0	0	1	
86	43	0	12	10	11	2	0	0	0	0	0	0	0	0	1	
87	43	12	2	10	11	2	0	0	0	0	0	0	0	0	1	
88	43	6	12	10	11	2	0	0	0	0	0	0	0	0	1	
89	43	8	12	10	11	2	0	0	0	0	0	0	0	0	1	
90	43	10	12	10	11	2	0	0	0	0	0	0	0	0	1	
91	43	6	0	10	11	2	0	0	0	0	0	0	0	0	1	
92	43	8	0	10	11	2	0	0	0	0	0	0	0	0	1	
93	40	15	2	-999	-999	2	0	0	0	0	0	0	0	0	1	
94	37	2	4	10	11	2	0	0	0	0	0	0	0	0	1	
95	37	6	2	13	2	2	0	0	0	0	0	0	0	0	1	
96	37	4	2	10	11	2	0	0	0	0	0	0	0	0	1	
97	40	7	2	-999	-999	2	0	0	0	0	0	0	0	0	1	
98	37	4	4	10	11	2	0	0	0	0	0	0	0	0	1	
99	40	22	4	-999	-999	2	0	0	0	0	0	0	0	0	1	
100	40	4	22	-999	-999	2	0	0	0	0	0	0	0	0	1	
101	32	10	20	-999	-999	2	0	0	0	0	0	0	0	0	1	
109	109	335	335	129	129	322	322	123	123	331	331	111	111	
109	109	335	335	129	129	322	322	123	123	331	331	111	111	
102	102	NULL	NULL	NULL	NULL	327	327	NULL	NULL	NULL	NULL	119	119	
102	102	NULL	NULL	NULL	NULL	327	327	NULL	NULL	NULL	NULL	119	119	
126	126	NULL	NULL	NULL	NULL	127	127	NULL	NULL	NULL	NULL	121	121	
126	126	NULL	NULL	NULL	NULL	127	127	NULL	NULL	NULL	NULL	121	121	
106	106	339	339	110	110	117	117	115	115	128	128	348	348	
106	106	339	339	110	110	117	117	115	115	128	128	348	348	
130	130	NULL	NULL	NULL	NULL	107	107	NULL	NULL	NULL	NULL	328	328	
130	130	NULL	NULL	NULL	NULL	107	107	NULL	NULL	NULL	NULL	328	328	
342	342	NULL	NULL	NULL	NULL	321	321	NULL	NULL	NULL	NULL	113	113	
342	342	NULL	NULL	NULL	NULL	321	321	NULL	NULL	NULL	NULL	113	113	
323	323	118	118	343	343	114	114	326	326	324	324	105	105	
323	323	118	118	343	343	114	114	326	326	324	324	105	105	
102	43	0	2	10	20	2	0	0	0	0	0	0	0	0	1	
103	40	22	20	-999	-999	2	0	0	0	0	0	0	0	0	1	
104	40	2	22	-999	-999	2	0	0	0	0	0	0	0	0	1	
105	43	12	12	10	20	2	0	0	0	0	0	0	0	0	1	
106	42	0	6	10	20	2	0	0	0	0	0	0	0	0	1	
107	37	6	8	10	20	2	0	0	0	0	0	0	0	0	1	
108	40	0	22	-999	-999	2	0	0	0	0	0	0	0	0	1	
109	43	0	0	10	20	2	0	0	0	0	0	0	0	0	1	
110	37	4	6	10	20	2	0	0	0	0	0	0	0	0	1	
111	43	12	0	10	20	2	0	0	0	0	0	0	0	0	1	
112	40	0	16	-999	-999	2	0	0	0	0	0	0	0	0	1	
113	43	12	10	10	20	2	0	0	0	0	0	0	0	0	1	
114	42	6	12	10	20	2	0	0	0	0	0	0	0	0	1	
115	37	8	6	10	20	2	0	0	0	0	0	0	0	0	1	
116	40	4	4	-999	-999	2	0	0	0	0	0	0	0	0	1	
117	4	6	6	10	20	2	0	2	1000	0	0	0	0	0	1	
118	43	2	12	10	20	2	0	0	0	0	0	0	0	0	1	
119	43	12	2	10	20	2	0	0	0	0	0	0	0	0	1	
120	40	18	22	-999	-999	2	0	0	0	0	0	0	0	0	1	
121	43	12	4	10	20	2	0	0	0	0	0	0	0	0	1	
122	40	0	12	-999	-999	2	0	0	0	0	0	0	0	0	1	
123	43	8	0	10	20	2	0	0	0	0	0	0	0	0	1	
124	40	22	8	-999	-999	2	0	0	0	0	0	0	0	0	1	
125	40	22	14	-999	-999	2	0	0	0	0	0	0	0	0	1	
126	43	0	4	10	20	2	0	0	0	0	0	0	0	0	1	
127	37	6	4	10	20	2	0	0	0	0	0	0	0	0	1	
128	37	10	6	10	20	2	0	0	0	0	0	0	0	0	1	
129	42	4	0	10	20	2	0	0	0	0	0	0	0	0	1	
130	43	0	8	10	20	2	0	0	0	0	0	0	0	0	1	
131	32	11	2	-999	-999	2	0	0	0	0	0	0	0	0	1	
256	256	229	229	237	237	163	163	258	258	250	250	239	239	
256	256	229	229	237	237	163	163	258	258	250	250	239	239	
236	236	NULL	NULL	NULL	NULL	NULL	NULL	NULL	NULL	NULL	NULL	187	187	
236	236	NULL	NULL	NULL	NULL	NULL	NULL	NULL	NULL	NULL	NULL	187	187	
228	228	NULL	NULL	NULL	NULL	NULL	NULL	NULL	NULL	NULL	NULL	248	248	
228	228	NULL	NULL	NULL	NULL	NULL	NULL	NULL	NULL	NULL	NULL	248	248	
185	185	174	174	182	182	NULL	NULL	NULL	NULL	NULL	NULL	241	241	
185	185	174	174	182	182	NULL	NULL	NULL	NULL	NULL	NULL	241	241	
245	245	NULL	NULL	166	166	NULL	NULL	NULL	NULL	NULL	NULL	244	244	
245	245	NULL	NULL	166	166	NULL	NULL	NULL	NULL	NULL	NULL	244	244	
231	231	NULL	NULL	183	183	NULL	NULL	NULL	NULL	NULL	NULL	170	170	
231	231	NULL	NULL	183	183	NULL	NULL	NULL	NULL	NULL	NULL	170	170	
178	178	235	235	233	233	232	232	243	243	255	255	253	253	
178	178	235	235	233	233	232	232	243	243	255	255	253	253	
132	40	22	12	-999	-999	2	0	0	0	0	0	0	0	0	1	
133	40	22	18	-999	-999	2	0	0	0	0	0	0	0	0	1	
134	43	12	0	8	20	2	0	0	0	0	0	0	0	0	1	
135	40	22	16	-999	-999	2	0	0	0	0	0	0	0	0	1	
136	40	0	10	-999	-999	2	0	0	0	0	0	0	0	0	1	
137	40	22	22	-999	-999	2	0	0	0	0	0	0	0	0	1	
138	43	10	0	8	20	2	0	0	0	0	0	0	0	0	1	
139	40	20	0	-999	-999	2	0	0	0	0	0	0	0	0	1	
140	40	22	10	-999	-999	2	0	0	0	0	0	0	0	0	1	
141	40	22	0	-999	-999	2	0	0	0	0	0	0	0	0	1	
142	43	0	10	8	20	2	0	0	0	0	0	0	0	0	1	
143	40	0	6	-999	-999	2	0	0	0	0	0	0	0	0	1	
144	40	4	0	-999	-999	2	0	0	0	0	0	0	0	0	1	
145	40	0	14	-999	-999	2	0	0	0	0	0	0	0	0	1	
146	43	10	12	8	20	2	0	0	0	0	0	0	0	0	1	
147	40	0	4	-999	-999	2	0	0	0	0	0	0	0	0	1	
148	40	22	6	-999	-999	2	0	0	0	0	0	0	0	0	1	
149	43	6	12	8	20	2	0	0	0	0	0	0	0	0	1	
150	43	12	10	8	20	2	0	0	0	0	0	0	0	0	1	
151	40	0	2	-999	-999	2	0	0	0	0	0	0	0	0	1	
152	40	18	0	-999	-999	2	0	0	0	0	0	0	0	0	1	
153	43	0	4	8	20	2	0	0	0	0	0	0	0	0	1	
154	40	0	0	-999	-999	2	0	0	0	0	0	0	0	0	1	
155	43	0	8	8	20	2	0	0	0	0	0	0	0	0	1	
156	40	0	8	-999	-999	2	0	0	0	0	0	0	0	0	1	
157	40	20	22	-999	-999	2	0	0	0	0	0	0	0	0	1	
158	40	0	20	-999	-999	2	0	0	0	0	0	0	0	0	1	
159	40	22	2	-999	-999	2	0	0	0	0	0	0	0	0	1	
160	40	0	18	-999	-999	2	0	0	0	0	0	0	0	0	1	
161	43	12	4	8	20	2	0	0	0	0	0	0	0	0	1	
162	40	18	4	-999	-999	2	0	0	0	0	0	0	0	0	1	
163	43	6	0	11	2	2	0	0	0	0	0	0	0	0	1	
164	37	2	6	8	20	2	0	0	0	0	0	0	0	0	1	
165	43	12	2	8	20	2	0	0	0	0	0	0	0	0	1	
166	37	4	8	11	2	2	0	0	0	0	0	0	0	0	1	
167	34	8	7	8	20	2	0	0	0	0	0	0	0	0	1	
168	43	6	0	8	20	2	0	0	0	0	0	0	0	0	1	
169	43	8	12	8	20	2	0	0	0	0	0	0	0	0	1	
170	43	12	10	11	2	2	0	0	0	0	0	0	0	0	1	
171	43	2	12	8	20	2	0	0	0	0	0	0	0	0	1	
172	43	4	0	8	20	2	0	0	0	0	0	0	0	0	1	
173	43	8	0	8	20	2	0	0	0	0	0	0	0	0	1	
174	37	2	6	11	2	2	0	0	0	0	0	0	0	0	1	
175	43	0	0	8	20	2	0	0	0	0	0	0	0	0	1	
176	43	4	12	8	20	2	0	0	0	0	0	0	0	0	1	
177	43	12	8	8	20	2	0	0	0	0	0	0	0	0	1	
178	43	0	12	11	2	2	0	0	0	0	0	0	0	0	1	
179	43	2	0	8	20	2	0	0	0	0	0	0	0	0	1	
180	37	10	6	8	20	2	0	0	0	0	0	0	0	0	1	
181	43	0	12	8	20	2	0	0	0	0	0	0	0	0	1	
182	7	4	6	11	2	2	0	0	0	0	0	0	0	0	1	
183	37	4	10	11	2	2	0	0	0	0	0	0	0	0	1	
184	32	8	20	-999	-999	2	0	0	0	0	0	0	0	0	1	
175	175	179	179	172	172	168	168	173	173	138	138	134	134	
175	175	179	179	172	172	168	168	173	173	138	138	134	134	
190	190	NULL	NULL	NULL	NULL	NULL	NULL	NULL	NULL	NULL	NULL	165	165	
190	190	NULL	NULL	NULL	NULL	NULL	NULL	NULL	NULL	NULL	NULL	165	165	
153	153	NULL	NULL	NULL	NULL	NULL	NULL	NULL	NULL	NULL	NULL	161	161	
153	153	NULL	NULL	NULL	NULL	NULL	NULL	189	189	NULL	NULL	161	161	
188	188	164	164	193	193	191	191	189	189	180	180	186	186	
188	188	164	164	193	193	191	191	167	167	180	180	186	186	
155	155	NULL	NULL	NULL	NULL	NULL	NULL	167	167	NULL	NULL	177	177	
155	155	NULL	NULL	NULL	NULL	NULL	NULL	NULL	NULL	NULL	NULL	177	177	
142	142	NULL	NULL	NULL	NULL	NULL	NULL	NULL	NULL	NULL	NULL	150	150	
142	142	NULL	NULL	NULL	NULL	NULL	NULL	NULL	NULL	NULL	NULL	150	150	
181	181	171	171	176	176	149	149	169	169	146	146	192	192	
181	181	171	171	176	176	149	149	169	169	146	146	192	192	
185	42	0	6	11	2	2	0	0	0	0	0	0	0	0	1	
186	42	12	6	8	20	2	0	0	0	0	0	0	0	0	1	
187	43	12	2	11	2	2	0	0	0	0	0	0	0	0	1	
188	42	0	6	8	20	2	0	0	0	0	0	0	0	0	1	
189	34	8	5	8	20	2	0	0	0	0	0	0	0	0	1	
190	43	0	2	8	20	2	0	0	0	0	0	0	0	0	1	
191	5	6	6	8	20	2	0	0	0	0	0	0	0	0	1	
192	43	12	12	8	20	2	0	0	0	0	0	0	0	0	1	
193	37	4	6	8	20	2	0	0	0	0	0	0	0	0	1	
194	40	2	0	-999	-999	2	0	0	0	0	0	0	0	0	1	
195	37	10	4	12	13	2	0	0	0	0	0	0	0	0	1	
196	37	8	6	12	13	2	0	0	0	0	0	0	0	0	1	
197	43	4	0	9	2	2	0	0	0	0	0	0	0	0	1	
198	43	2	0	9	2	2	0	0	0	0	0	0	0	0	1	
199	43	12	4	9	2	2	0	0	0	0	0	0	0	0	1	
200	37	8	8	12	13	2	0	0	0	0	0	0	0	0	1	
201	43	0	8	13	2	2	0	0	0	0	0	0	0	0	1	
202	43	8	12	13	2	2	0	0	0	0	0	0	0	0	1	
203	43	0	6	9	2	2	0	0	0	0	0	0	0	0	1	
204	37	8	10	12	13	2	0	0	0	0	0	0	0	0	1	
205	37	10	2	14	20	2	0	0	0	0	0	0	0	0	1	
206	43	12	8	13	2	2	0	0	0	0	0	0	0	0	1	
207	43	4	12	9	2	2	0	0	0	0	0	0	0	0	1	
208	24	6	6	12	13	2	0	0	0	0	0	0	0	0	1	
209	37	2	2	14	20	2	0	0	0	0	0	0	0	0	1	
210	43	0	2	9	2	2	0	0	0	0	0	0	0	0	1	
211	43	12	12	13	2	2	0	0	0	0	0	0	0	0	1	
212	14	4	6	12	13	2	100000	0	0	0	0	0	0	0	1	
213	43	0	4	13	2	2	0	0	0	0	0	0	0	0	1	
214	42	12	6	9	2	2	0	0	0	0	0	0	0	0	1	
215	5	2	4	14	20	2	0	0	0	0	0	0	0	0	1	
216	37	8	4	12	13	2	0	0	0	0	0	0	0	0	1	
217	43	12	10	13	2	2	0	0	0	0	0	0	0	0	1	
218	42	12	2	13	2	2	0	0	0	0	0	0	0	0	1	
219	43	10	0	13	2	2	0	0	0	0	0	0	0	0	1	
220	42	2	12	13	2	2	0	0	0	0	0	0	0	0	1	
221	43	12	2	9	2	2	0	0	0	0	0	0	0	0	1	
222	43	12	0	13	2	2	0	0	0	0	0	0	0	0	1	
223	43	12	6	13	2	2	0	0	0	0	0	0	0	0	1	
224	37	8	2	14	20	2	0	0	0	0	0	0	0	0	1	
225	43	4	0	13	2	2	0	0	0	0	0	0	0	0	1	
226	43	6	0	13	2	2	0	0	0	0	0	0	0	0	1	
227	43	0	4	9	2	2	0	0	0	0	0	0	0	0	1	
228	43	0	4	11	2	2	0	0	0	0	0	0	0	0	1	
229	43	2	0	11	2	2	0	0	0	0	0	0	0	0	1	
230	43	4	12	13	2	2	0	0	0	0	0	0	0	0	1	
231	43	0	10	11	2	2	0	0	0	0	0	0	0	0	1	
232	43	6	12	11	2	2	0	0	0	0	0	0	0	0	1	
233	42	4	12	11	2	2	0	0	0	0	0	0	0	0	1	
234	37	4	4	14	20	2	0	0	0	0	0	0	0	0	1	
235	43	2	12	11	2	2	0	0	0	0	0	0	0	0	1	
236	43	0	2	11	2	2	0	0	0	0	0	0	0	0	1	
237	43	4	0	11	2	2	0	0	0	0	0	0	0	0	1	
238	37	6	4	14	20	2	0	0	0	0	0	0	0	0	1	
239	43	12	0	11	2	2	0	0	0	0	0	0	0	0	1	
240	43	2	0	13	2	2	0	0	0	0	0	0	0	0	1	
241	43	12	6	11	2	2	0	0	0	0	0	0	0	0	1	
242	37	6	2	14	20	2	0	0	0	0	0	0	0	0	1	
243	43	8	12	11	2	2	0	0	0	0	0	0	0	0	1	
244	43	12	8	11	2	2	0	0	0	0	0	0	0	0	1	
245	43	0	8	11	2	2	0	0	0	0	0	0	0	0	1	
246	43	0	6	13	2	2	0	0	0	0	0	0	0	0	1	
247	32	9	2	-999	-999	2	0	0	0	0	0	0	0	0	1	
393	393	198	198	197	197	367	367	396	396	380	380	389	389	
393	393	198	198	197	197	367	367	396	396	380	380	389	389	
210	210	NULL	NULL	NULL	NULL	385	385	NULL	NULL	NULL	NULL	221	221	
210	210	NULL	NULL	NULL	NULL	385	385	NULL	NULL	NULL	NULL	221	221	
227	227	NULL	NULL	NULL	NULL	383	383	NULL	NULL	NULL	NULL	199	199	
227	227	NULL	NULL	NULL	NULL	383	383	NULL	NULL	NULL	NULL	199	199	
203	203	NULL	NULL	NULL	NULL	381	381	NULL	NULL	379	379	214	214	
203	203	NULL	NULL	NULL	NULL	381	381	NULL	NULL	379	379	214	214	
392	392	NULL	NULL	NULL	NULL	400	400	NULL	NULL	394	394	384	384	
392	392	NULL	NULL	NULL	NULL	400	400	NULL	NULL	394	394	384	384	
399	399	390	390	386	386	382	382	378	378	398	398	395	395	
399	399	390	390	386	386	382	382	378	378	398	398	395	395	
391	391	344	344	207	207	377	377	388	388	397	397	387	387	
391	391	344	344	207	207	377	377	388	388	397	397	387	387	
248	43	12	4	11	2	2	0	0	0	0	0	0	0	0	1	
249	43	0	2	13	2	2	0	0	0	0	0	0	0	0	1	
250	43	10	0	11	2	2	0	0	0	0	0	0	0	0	1	
251	43	6	12	13	2	2	0	0	0	0	0	0	0	0	1	
252	32	13	2	-999	-999	2	0	0	0	0	0	0	0	0	1	
337	337	240	240	225	225	226	226	254	254	219	219	222	222	
337	337	240	240	225	225	226	226	254	254	219	219	222	222	
249	249	401	401	406	406	95	95	64	64	63	63	218	218	
249	249	401	401	406	406	95	95	64	64	63	63	218	218	
213	213	402	402	NULL	NULL	NULL	NULL	NULL	NULL	NULL	NULL	257	257	
213	213	402	402	NULL	NULL	NULL	NULL	NULL	NULL	NULL	NULL	257	257	
246	246	403	403	NULL	NULL	NULL	NULL	NULL	NULL	NULL	NULL	223	223	
246	246	403	403	NULL	NULL	NULL	NULL	NULL	NULL	NULL	NULL	223	223	
201	201	404	404	NULL	NULL	NULL	NULL	NULL	NULL	NULL	NULL	206	206	
201	201	404	404	NULL	NULL	NULL	NULL	NULL	NULL	NULL	NULL	206	206	
346	346	405	405	NULL	NULL	NULL	NULL	NULL	NULL	NULL	NULL	217	217	
346	346	405	405	NULL	NULL	NULL	NULL	NULL	NULL	NULL	NULL	217	217	
340	340	220	220	230	230	251	251	202	202	351	351	211	211	
340	340	220	220	230	230	251	251	202	202	351	351	211	211	
253	43	12	12	11	2	2	0	0	0	0	0	0	0	0	1	
254	43	8	0	13	2	2	0	0	0	0	0	0	0	0	1	
255	43	10	12	11	2	2	0	0	0	0	0	0	0	0	1	
256	43	0	0	11	2	2	0	0	0	0	0	0	0	0	1	
257	43	12	4	13	2	2	0	0	0	0	0	0	0	0	1	
258	43	8	0	11	2	2	0	0	0	0	0	0	0	0	1	
259	32	12	13	-999	-999	2	0	0	0	0	0	0	0	0	1	
280	280	260	260	264	264	268	268	272	272	276	276	282	282	
280	280	260	260	264	264	268	268	272	272	276	276	282	282	
261	261	NULL	NULL	NULL	NULL	NULL	NULL	NULL	NULL	NULL	NULL	263	263	
261	261	NULL	NULL	NULL	NULL	NULL	NULL	NULL	NULL	NULL	NULL	263	263	
265	265	284	284	NULL	NULL	NULL	NULL	216	216	195	195	267	267	
265	265	284	284	NULL	NULL	NULL	NULL	216	216	195	195	267	267	
269	269	NULL	NULL	212	212	208	208	196	196	NULL	NULL	271	271	
269	269	NULL	NULL	212	212	208	208	196	196	NULL	NULL	271	271	
273	273	NULL	NULL	NULL	NULL	NULL	NULL	200	200	NULL	NULL	275	275	
273	273	NULL	NULL	NULL	NULL	NULL	NULL	200	200	NULL	NULL	275	275	
277	277	NULL	NULL	NULL	NULL	NULL	NULL	204	204	NULL	NULL	279	279	
277	277	NULL	NULL	NULL	NULL	NULL	NULL	204	204	NULL	NULL	279	279	
281	281	262	262	266	266	270	270	274	274	278	278	283	283	
281	281	262	262	266	266	270	270	274	274	278	278	283	283	
260	43	2	0	12	13	2	0	0	0	0	0	0	0	0	1	
261	43	0	2	12	13	2	0	0	0	0	0	0	0	0	1	
262	43	2	12	12	13	2	0	0	0	0	0	0	0	0	1	
263	43	12	2	12	13	2	0	0	0	0	0	0	0	0	1	
264	43	4	0	12	13	2	0	0	0	0	0	0	0	0	1	
265	42	0	4	12	13	2	0	0	0	0	0	0	0	0	1	
266	43	4	12	12	13	2	0	0	0	0	0	0	0	0	1	
267	42	12	4	12	13	2	0	0	0	0	0	0	0	0	1	
268	43	6	0	12	13	2	0	0	0	0	0	0	0	0	1	
269	43	0	6	12	13	2	0	0	0	0	0	0	0	0	1	
270	43	6	12	12	13	2	0	0	0	0	0	0	0	0	1	
271	43	12	6	12	13	2	0	0	0	0	0	0	0	0	1	
272	43	8	0	12	13	2	0	0	0	0	0	0	0	0	1	
273	43	0	8	12	13	2	0	0	0	0	0	0	0	0	1	
274	42	8	12	12	13	2	0	0	0	0	0	0	0	0	1	
275	43	12	8	12	13	2	0	0	0	0	0	0	0	0	1	
276	43	10	0	12	13	2	0	0	0	0	0	0	0	0	1	
277	43	0	10	12	13	2	0	0	0	0	0	0	0	0	1	
278	43	10	12	12	13	2	0	0	0	0	0	0	0	0	1	
279	43	12	10	12	13	2	0	0	0	0	0	0	0	0	1	
280	43	0	0	12	13	2	0	0	0	0	0	0	0	0	1	
281	43	0	12	12	13	2	0	0	0	0	0	0	0	0	1	
282	43	12	0	12	13	2	0	0	0	0	0	0	0	0	1	
283	43	12	12	12	13	2	0	0	0	0	0	0	0	0	1	
284	2	2	4	12	13	2	0	1	1000	0	0	0	0	0	1	
285	43	12	10	14	20	2	0	0	0	0	0	0	0	0	1	
286	42	0	4	14	20	2	0	0	0	0	0	0	0	0	1	
287	43	12	0	14	20	2	0	0	0	0	0	0	0	0	1	
288	43	8	12	12	20	2	0	0	0	0	0	0	0	0	1	
289	43	0	10	12	20	2	0	0	0	0	0	0	0	0	1	
290	43	0	6	14	20	2	0	0	0	0	0	0	0	0	1	
291	43	0	12	14	20	2	0	0	0	0	0	0	0	0	1	
292	42	2	0	14	20	2	0	0	0	0	0	0	0	0	1	
293	43	0	10	14	20	2	0	0	0	0	0	0	0	0	1	
294	40	4	18	-999	-999	2	0	0	0	0	0	0	0	0	1	
295	43	12	6	14	20	2	0	0	0	0	0	0	0	0	1	
296	43	12	12	14	20	2	0	0	0	0	0	0	0	0	1	
297	43	8	12	14	20	2	0	0	0	0	0	0	0	0	1	
298	40	16	0	-999	-999	2	0	0	0	0	0	0	0	0	1	
299	40	14	4	-999	-999	2	0	0	0	0	0	0	0	0	1	
300	43	4	12	14	20	2	0	0	0	0	0	0	0	0	1	
301	43	6	0	14	20	2	0	0	0	0	0	0	0	0	1	
302	40	14	0	-999	-999	2	0	0	0	0	0	0	0	0	1	
303	40	10	4	-999	-999	2	0	0	0	0	0	0	0	0	1	
304	37	4	2	12	20	2	0	0	0	0	0	0	0	0	1	
305	40	12	4	-999	-999	2	0	0	0	0	0	0	0	0	1	
306	40	12	0	-999	-999	2	0	0	0	0	0	0	0	0	1	
307	40	6	0	-999	-999	2	0	0	0	0	0	0	0	0	1	
308	42	12	4	14	20	2	0	0	0	0	0	0	0	0	1	
309	40	8	4	-999	-999	2	0	0	0	0	0	0	0	0	1	
310	40	10	0	-999	-999	2	0	0	0	0	0	0	0	0	1	
311	43	10	12	14	20	2	0	0	0	0	0	0	0	0	1	
312	43	0	2	14	20	2	0	0	0	0	0	0	0	0	1	
313	40	18	18	-999	-999	2	0	0	0	0	0	0	0	0	1	
314	40	8	0	-999	-999	2	0	0	0	0	0	0	0	0	1	
315	40	16	4	-999	-999	2	0	0	0	0	0	0	0	0	1	
316	40	8	22	-999	-999	2	0	0	0	0	0	0	0	0	1	
317	40	6	22	-999	-999	2	0	0	0	0	0	0	0	0	1	
318	40	6	4	-999	-999	2	0	0	0	0	0	0	0	0	1	
319	40	6	18	-999	-999	2	0	0	0	0	0	0	0	0	1	
320	40	16	22	-999	-999	2	0	0	0	0	0	0	0	0	1	
321	37	6	10	10	20	2	0	0	0	0	0	0	0	0	1	
322	42	6	0	10	20	2	0	0	0	0	0	0	0	0	1	
323	43	0	12	10	20	2	0	0	0	0	0	0	0	0	1	
324	43	10	12	10	20	2	0	0	0	0	0	0	0	0	1	
325	43	0	6	12	20	2	0	0	0	0	0	0	0	0	1	
326	43	8	12	10	20	2	0	0	0	0	0	0	0	0	1	
327	37	6	2	10	20	2	0	0	0	0	0	0	0	0	1	
328	43	12	8	10	20	2	0	0	0	0	0	0	0	0	1	
329	43	2	12	12	20	2	0	0	0	0	0	0	0	0	1	
330	43	12	10	12	20	2	0	0	0	0	0	0	0	0	1	
331	43	10	0	10	20	2	0	0	0	0	0	0	0	0	1	
332	32	12	20	-999	-999	2	0	0	0	0	0	0	0	0	1	
347	347	355	355	336	336	352	352	338	338	372	372	350	350	
347	347	355	355	336	336	352	352	338	338	372	372	350	350	
376	376	364	364	304	304	373	373	360	360	365	365	345	345	
376	376	364	364	304	304	373	373	360	360	365	365	345	345	
349	349	NULL	NULL	NULL	NULL	NULL	NULL	NULL	NULL	NULL	NULL	371	371	
349	349	NULL	NULL	NULL	NULL	NULL	NULL	NULL	NULL	NULL	NULL	371	371	
325	325	NULL	NULL	NULL	NULL	NULL	NULL	NULL	NULL	NULL	NULL	341	341	
325	325	NULL	NULL	NULL	NULL	NULL	NULL	NULL	NULL	NULL	NULL	341	341	
334	334	NULL	NULL	NULL	NULL	NULL	NULL	NULL	NULL	NULL	NULL	368	368	
334	334	NULL	NULL	NULL	NULL	NULL	NULL	NULL	NULL	NULL	NULL	368	368	
289	289	NULL	NULL	NULL	NULL	NULL	NULL	NULL	NULL	NULL	NULL	330	330	
289	289	NULL	NULL	NULL	NULL	NULL	NULL	NULL	NULL	NULL	NULL	330	330	
374	374	329	329	363	363	333	333	288	288	370	370	359	359	
374	374	329	329	363	363	333	333	288	288	370	370	359	359	
333	43	6	12	12	20	2	0	0	0	0	0	0	0	0	1	
334	43	0	8	12	20	2	0	0	0	0	0	0	0	0	1	
335	43	2	0	10	20	2	0	0	0	0	0	0	0	0	1	
336	42	4	0	12	20	2	0	0	0	0	0	0	0	0	1	
337	43	0	0	13	2	2	0	0	0	0	0	0	0	0	1	
338	43	8	0	12	20	2	0	0	0	0	0	0	0	0	1	
339	37	2	6	10	20	2	0	0	0	0	0	0	0	0	1	
340	43	0	12	13	2	2	0	0	0	0	0	0	0	0	1	
341	43	12	6	12	20	2	0	0	0	0	0	0	0	0	1	
342	43	0	10	10	20	2	0	0	0	0	0	0	0	0	1	
343	42	4	12	10	20	2	0	0	0	0	0	0	0	0	1	
344	43	2	12	9	2	2	0	0	0	0	0	0	0	0	1	
345	42	12	2	12	20	2	0	0	0	0	0	0	0	0	1	
346	43	0	10	13	2	2	0	0	0	0	0	0	0	0	1	
347	43	0	0	12	20	2	0	0	0	0	0	0	0	0	1	
348	42	12	6	10	20	2	0	0	0	0	0	0	0	0	1	
349	43	0	4	12	20	2	0	0	0	0	0	0	0	0	1	
350	43	12	0	12	20	2	0	0	0	0	0	0	0	0	1	
351	43	10	12	13	2	2	0	0	0	0	0	0	0	0	1	
352	42	6	0	12	20	2	0	0	0	0	0	0	0	0	1	
353	43	6	12	14	20	2	0	0	0	0	0	0	0	0	1	
354	43	12	8	14	20	2	0	0	0	0	0	0	0	0	1	
355	43	2	0	12	20	2	0	0	0	0	0	0	0	0	1	
356	43	10	0	14	20	2	0	0	0	0	0	0	0	0	1	
357	43	2	12	14	20	2	0	0	0	0	0	0	0	0	1	
358	42	4	0	14	20	2	0	0	0	0	0	0	0	0	1	
359	43	12	12	12	20	2	0	0	0	0	0	0	0	0	1	
360	37	8	2	12	20	2	0	0	0	0	0	0	0	0	1	
361	43	8	0	14	20	2	0	0	0	0	0	0	0	0	1	
362	43	0	0	14	20	2	0	0	0	0	0	0	0	0	1	
363	43	4	12	12	20	2	0	0	0	0	0	0	0	0	1	
364	37	2	2	12	20	2	0	0	0	0	0	0	0	0	1	
365	37	10	2	12	20	2	0	0	0	0	0	0	0	0	1	
366	32	14	20	-999	-999	2	0	0	0	0	0	0	0	0	1	
362	362	292	292	358	358	301	301	361	361	356	356	287	287	
362	362	292	292	358	358	301	301	361	361	356	356	287	287	
312	312	209	209	NULL	NULL	242	242	224	224	205	205	375	375	
312	312	209	209	NULL	NULL	242	242	224	224	205	205	375	375	
286	286	215	215	234	234	238	238	NULL	NULL	NULL	NULL	308	308	
286	286	215	215	234	234	238	238	NULL	NULL	NULL	NULL	308	308	
290	290	NULL	NULL	NULL	NULL	NULL	NULL	NULL	NULL	NULL	NULL	295	295	
290	290	NULL	NULL	NULL	NULL	NULL	NULL	NULL	NULL	NULL	NULL	295	295	
369	369	NULL	NULL	NULL	NULL	NULL	NULL	NULL	NULL	NULL	NULL	354	354	
369	369	NULL	NULL	NULL	NULL	NULL	NULL	NULL	NULL	NULL	NULL	354	354	
293	293	NULL	NULL	NULL	NULL	NULL	NULL	NULL	NULL	NULL	NULL	285	285	
293	293	NULL	NULL	NULL	NULL	NULL	NULL	NULL	NULL	NULL	NULL	285	285	
291	291	357	357	300	300	353	353	297	297	311	311	296	296	
291	291	357	357	300	300	353	353	297	297	311	311	296	296	
367	42	6	0	9	2	2	0	0	0	0	0	0	0	0	1	
368	43	12	8	12	20	2	0	0	0	0	0	0	0	0	1	
369	43	0	8	14	20	2	0	0	0	0	0	0	0	0	1	
370	43	10	12	12	20	2	0	0	0	0	0	0	0	0	1	
371	43	12	4	12	20	2	0	0	0	0	0	0	0	0	1	
372	43	10	0	12	20	2	0	0	0	0	0	0	0	0	1	
373	6	6	2	12	20	2	0	0	0	0	0	0	0	0	1	
374	43	0	12	12	20	2	0	0	0	0	0	0	0	0	1	
375	42	12	2	14	20	2	0	0	0	0	0	0	0	0	1	
376	42	0	2	12	20	2	0	0	0	0	0	0	0	0	1	
377	42	6	12	9	2	2	0	0	0	0	0	0	0	0	1	
378	37	8	10	9	2	2	0	0	0	0	0	0	0	0	1	
379	37	10	6	9	2	2	0	0	0	0	0	0	0	0	1	
380	43	10	0	9	2	2	0	0	0	0	0	0	0	0	1	
381	37	6	6	9	2	2	0	0	0	0	0	0	0	0	1	
382	5	6	10	9	2	2	0	0	0	0	0	0	0	0	1	
383	37	6	4	9	2	2	0	0	0	0	0	0	0	0	1	
384	43	12	8	9	2	2	0	0	0	0	0	0	0	0	1	
385	37	6	2	9	2	2	0	0	0	0	0	0	0	0	1	
386	37	4	10	9	2	2	0	0	0	0	0	0	0	0	1	
387	43	12	12	9	2	2	0	0	0	0	0	0	0	0	1	
388	43	8	12	9	2	2	0	0	0	0	0	0	0	0	1	
389	43	12	0	9	2	2	0	0	0	0	0	0	0	0	1	
390	37	2	10	9	2	2	0	0	0	0	0	0	0	0	1	
391	43	0	12	9	2	2	0	0	0	0	0	0	0	0	1	
392	43	0	8	9	2	2	0	0	0	0	0	0	0	0	1	
393	43	0	0	9	2	2	0	0	0	0	0	0	0	0	1	
394	37	10	8	9	2	2	0	0	0	0	0	0	0	0	1	
395	43	12	10	9	2	2	0	0	0	0	0	0	0	0	1	
396	43	8	0	9	2	2	0	0	0	0	0	0	0	0	1	
397	43	10	12	9	2	2	0	0	0	0	0	0	0	0	1	
398	37	10	10	9	2	2	0	0	0	0	0	0	0	0	1	
399	42	0	10	9	2	2	0	0	0	0	0	0	0	0	1	
400	37	6	8	9	2	2	0	0	0	0	0	0	0	0	1	
401	3	2	2	13	2	2	0	2	1000	0	0	0	0	0	1	
402	37	2	4	13	2	2	0	0	0	0	0	0	0	0	1	
403	37	2	6	13	2	2	0	0	0	0	0	0	0	0	1	
404	37	2	8	13	2	2	0	0	0	0	0	0	0	0	1	
405	37	2	10	13	2	2	0	0	0	0	0	0	0	0	1	
406	37	4	2	13	2	2	0	0	0	0	0	0	0	0	1	
407	26	6	2	10	11	2	0	0	0	0	0	0	0	0	1	
408	26	2	6	10	11	2	0	0	0	0	0	0	0	0	1	
409	16	8	2	10	11	2	100000	0	0	0	0	0	0	0	1	
410	16	2	8	10	11	2	100000	0	0	0	0	0	0	0	1	
411	32	14	11	-999	-999	2	0	0	0	0	0	0	0	0	1	
434	434	415	415	419	419	423	423	427	427	431	431	435	435	
434	434	415	415	419	419	423	423	427	427	431	431	435	435	
428	428	NULL	NULL	NULL	NULL	439	439	NULL	NULL	NULL	NULL	430	430	
428	428	NULL	NULL	NULL	NULL	439	439	NULL	NULL	NULL	NULL	430	430	
424	424	NULL	NULL	NULL	NULL	NULL	NULL	NULL	NULL	NULL	NULL	426	426	
424	424	NULL	NULL	NULL	NULL	NULL	NULL	NULL	NULL	NULL	NULL	426	426	
420	420	436	436	437	437	438	438	440	440	441	441	422	422	
420	420	436	436	437	437	438	438	440	440	441	441	422	422	
416	416	NULL	NULL	NULL	NULL	NULL	NULL	NULL	NULL	NULL	NULL	418	418	
416	416	NULL	NULL	NULL	NULL	NULL	NULL	NULL	NULL	NULL	NULL	418	418	
412	412	NULL	NULL	NULL	NULL	NULL	NULL	NULL	NULL	NULL	NULL	414	414	
412	412	NULL	NULL	NULL	NULL	NULL	NULL	NULL	NULL	NULL	NULL	414	414	
432	432	413	413	417	417	421	421	425	425	429	429	433	433	
432	432	413	413	417	417	421	421	425	425	429	429	433	433	
412	43	0	10	14	11	2	0	0	0	0	0	0	0	0	1	
413	43	2	12	14	11	2	0	0	0	0	0	0	0	0	1	
414	43	12	10	14	11	2	0	0	0	0	0	0	0	0	1	
415	43	2	0	14	11	2	0	0	0	0	0	0	0	0	1	
416	43	0	8	14	11	2	0	0	0	0	0	0	0	0	1	
417	43	4	12	14	11	2	0	0	0	0	0	0	0	0	1	
418	43	12	8	14	11	2	0	0	0	0	0	0	0	0	1	
419	43	4	0	14	11	2	0	0	0	0	0	0	0	0	1	
420	42	0	6	14	11	2	0	0	0	0	0	0	0	0	1	
421	43	6	12	14	11	2	0	0	0	0	0	0	0	0	1	
422	43	12	6	14	11	2	0	0	0	0	0	0	0	0	1	
423	42	6	0	14	11	2	0	0	0	0	0	0	0	0	1	
424	43	0	4	14	11	2	0	0	0	0	0	0	0	0	1	
425	43	8	12	14	11	2	0	0	0	0	0	0	0	0	1	
426	43	12	4	14	11	2	0	0	0	0	0	0	0	0	1	
427	43	8	0	14	11	2	0	0	0	0	0	0	0	0	1	
428	43	0	2	14	11	2	0	0	0	0	0	0	0	0	1	
429	43	10	12	14	11	2	0	0	0	0	0	0	0	0	1	
430	43	12	2	14	11	2	0	0	0	0	0	0	0	0	1	
431	43	10	0	14	11	2	0	0	0	0	0	0	0	0	1	
432	43	0	12	14	11	2	0	0	0	0	0	0	0	0	1	
433	43	12	12	14	11	2	0	0	0	0	0	0	0	0	1	
434	43	0	0	14	11	2	0	0	0	0	0	0	0	0	1	
435	43	12	0	14	11	2	0	0	0	0	0	0	0	0	1	
436	12	2	6	14	11	2	100000	0	0	0	0	0	0	0	1	
437	12	4	6	14	11	2	100000	0	0	0	0	0	0	0	1	
438	12	6	6	14	11	2	100000	0	0	0	0	0	0	0	1	
439	0	6	2	14	11	2	0	1	1000	0	0	0	0	0	1	
440	12	8	6	14	11	2	100000	0	0	0	0	0	0	0	1	
441	12	10	6	14	11	2	100000	0	0	0	0	0	0	0	1	
442	32	14	9	-999	-999	2	0	0	0	0	0	0	0	0	1	
466	466	461	461	457	457	453	453	449	449	445	445	464	464	
466	466	461	461	457	457	453	453	449	449	445	445	464	464	
462	462	NULL	NULL	NULL	NULL	472	472	NULL	NULL	NULL	NULL	460	460	
462	462	NULL	NULL	NULL	NULL	472	472	NULL	NULL	NULL	NULL	460	460	
458	458	NULL	NULL	NULL	NULL	471	471	NULL	NULL	NULL	NULL	456	456	
458	458	NULL	NULL	NULL	NULL	471	471	NULL	NULL	NULL	NULL	456	456	
454	454	470	470	NULL	NULL	469	469	NULL	NULL	NULL	NULL	452	452	
454	454	470	470	NULL	NULL	469	469	NULL	NULL	NULL	NULL	452	452	
450	450	NULL	NULL	NULL	NULL	468	468	NULL	NULL	NULL	NULL	448	448	
450	450	NULL	NULL	NULL	NULL	468	468	NULL	NULL	NULL	NULL	448	448	
446	446	NULL	NULL	NULL	NULL	467	467	NULL	NULL	NULL	NULL	444	444	
446	446	NULL	NULL	NULL	NULL	467	467	NULL	NULL	NULL	NULL	444	444	
465	465	459	459	455	455	451	451	447	447	443	443	463	463	
465	465	459	459	455	455	451	451	447	447	443	443	463	463	
443	43	10	12	14	9	2	0	0	0	0	0	0	0	0	1	
444	43	12	10	14	9	2	0	0	0	0	0	0	0	0	1	
445	43	10	0	14	9	2	0	0	0	0	0	0	0	0	1	
446	43	0	10	14	9	2	0	0	0	0	0	0	0	0	1	
447	43	8	12	14	9	2	0	0	0	0	0	0	0	0	1	
448	43	12	8	14	9	2	0	0	0	0	0	0	0	0	1	
449	43	8	0	14	9	2	0	0	0	0	0	0	0	0	1	
450	43	0	8	14	9	2	0	0	0	0	0	0	0	0	1	
451	42	6	12	14	9	2	0	0	0	0	0	0	0	0	1	
452	43	12	6	14	9	2	0	0	0	0	0	0	0	0	1	
453	43	6	0	14	9	2	0	0	0	0	0	0	0	0	1	
454	42	0	6	14	9	2	0	0	0	0	0	0	0	0	1	
455	43	4	12	14	9	2	0	0	0	0	0	0	0	0	1	
456	43	12	4	14	9	2	0	0	0	0	0	0	0	0	1	
457	43	4	0	14	9	2	0	0	0	0	0	0	0	0	1	
458	43	0	4	14	9	2	0	0	0	0	0	0	0	0	1	
459	43	2	12	14	9	2	0	0	0	0	0	0	0	0	1	
460	43	12	2	14	9	2	0	0	0	0	0	0	0	0	1	
461	43	2	0	14	9	2	0	0	0	0	0	0	0	0	1	
462	43	0	2	14	9	2	0	0	0	0	0	0	0	0	1	
463	43	12	12	14	9	2	0	0	0	0	0	0	0	0	1	
464	43	12	0	14	9	2	0	0	0	0	0	0	0	0	1	
465	43	0	12	14	9	2	0	0	0	0	0	0	0	0	1	
466	43	0	0	14	9	2	0	0	0	0	0	0	0	0	1	
467	12	6	10	14	9	2	100000	0	0	0	0	0	0	0	1	
468	12	6	8	14	9	2	100000	0	0	0	0	0	0	0	1	
469	12	6	6	14	9	2	100000	0	0	0	0	0	0	0	1	
470	0	2	6	14	9	2	0	1	1000	0	0	0	0	0	1	
471	12	6	4	14	9	2	100000	0	0	0	0	0	0	0	1	
472	12	6	2	14	9	2	100000	0	0	0	0	0	0	0	1	
473	32	12	9	-999	-999	2	0	0	0	0	0	0	0	0	1	
497	497	492	492	488	488	484	484	480	480	476	476	495	495	
497	497	492	492	488	488	484	484	480	480	476	476	495	495	
493	493	NULL	NULL	NULL	NULL	NULL	NULL	NULL	NULL	NULL	NULL	491	491	
493	493	NULL	NULL	NULL	NULL	NULL	NULL	NULL	NULL	NULL	NULL	491	491	
489	489	NULL	NULL	NULL	NULL	NULL	NULL	NULL	NULL	NULL	NULL	487	487	
489	489	NULL	NULL	NULL	NULL	NULL	NULL	NULL	NULL	NULL	NULL	487	487	
485	485	503	503	502	502	501	501	500	500	499	499	483	483	
485	485	503	503	502	502	501	501	500	500	499	499	483	483	
481	481	NULL	NULL	NULL	NULL	NULL	NULL	NULL	NULL	NULL	NULL	479	479	
481	481	NULL	NULL	NULL	NULL	NULL	NULL	NULL	NULL	NULL	NULL	479	479	
477	477	NULL	NULL	NULL	NULL	498	498	NULL	NULL	NULL	NULL	475	475	
477	477	NULL	NULL	NULL	NULL	498	498	NULL	NULL	NULL	NULL	475	475	
496	496	490	490	486	486	482	482	478	478	474	474	494	494	
496	496	490	490	486	486	482	482	478	478	474	474	494	494	
474	43	10	12	12	9	2	0	0	0	0	0	0	0	0	1	
475	43	12	10	12	9	2	0	0	0	0	0	0	0	0	1	
476	43	10	0	12	9	2	0	0	0	0	0	0	0	0	1	
477	43	0	10	12	9	2	0	0	0	0	0	0	0	0	1	
478	43	8	12	12	9	2	0	0	0	0	0	0	0	0	1	
479	43	12	8	12	9	2	0	0	0	0	0	0	0	0	1	
480	43	8	0	12	9	2	0	0	0	0	0	0	0	0	1	
481	43	0	8	12	9	2	0	0	0	0	0	0	0	0	1	
482	42	6	12	12	9	2	0	0	0	0	0	0	0	0	1	
483	42	12	6	12	9	2	0	0	0	0	0	0	0	0	1	
484	43	6	0	12	9	2	0	0	0	0	0	0	0	0	1	
485	43	0	6	12	9	2	0	0	0	0	0	0	0	0	1	
486	43	4	12	12	9	2	0	0	0	0	0	0	0	0	1	
487	43	12	4	12	9	2	0	0	0	0	0	0	0	0	1	
488	43	4	0	12	9	2	0	0	0	0	0	0	0	0	1	
489	43	0	4	12	9	2	0	0	0	0	0	0	0	0	1	
490	43	2	12	12	9	2	0	0	0	0	0	0	0	0	1	
491	43	12	2	12	9	2	0	0	0	0	0	0	0	0	1	
492	43	2	0	12	9	2	0	0	0	0	0	0	0	0	1	
493	43	0	2	12	9	2	0	0	0	0	0	0	0	0	1	
494	43	12	12	12	9	2	0	0	0	0	0	0	0	0	1	
495	43	12	0	12	9	2	0	0	0	0	0	0	0	0	1	
496	43	0	12	12	9	2	0	0	0	0	0	0	0	0	1	
497	43	0	0	12	9	2	0	0	0	0	0	0	0	0	1	
498	0	6	10	12	9	2	0	1	1000	0	0	0	0	0	1	
499	12	10	6	12	9	2	100000	0	0	0	0	0	0	0	1	
500	12	8	6	12	9	2	100000	0	0	0	0	0	0	0	1	
501	12	6	6	12	9	2	100000	0	0	0	0	0	0	0	1	
502	12	4	6	12	9	2	100000	0	0	0	0	0	0	0	1	
503	12	2	6	12	9	2	100000	0	0	0	0	0	0	0	1	
504	32	8	11	-999	-999	2	0	0	0	0	0	0	0	0	1	
528	528	523	523	519	519	515	515	511	511	507	507	526	526	
528	528	523	523	519	519	515	515	511	511	507	507	526	526	
524	524	NULL	NULL	NULL	NULL	NULL	NULL	536	536	NULL	NULL	522	522	
524	524	NULL	NULL	NULL	NULL	NULL	NULL	536	536	NULL	NULL	522	522	
520	520	NULL	NULL	NULL	NULL	NULL	NULL	NULL	NULL	535	535	518	518	
520	520	NULL	NULL	NULL	NULL	NULL	NULL	NULL	NULL	535	535	518	518	
516	516	NULL	NULL	NULL	NULL	NULL	NULL	NULL	NULL	534	534	514	514	
516	516	NULL	NULL	NULL	NULL	NULL	NULL	NULL	NULL	534	534	514	514	
512	512	NULL	NULL	NULL	NULL	NULL	NULL	533	533	532	532	510	510	
512	512	NULL	NULL	NULL	NULL	NULL	NULL	533	533	532	532	510	510	
508	508	NULL	NULL	531	531	530	530	529	529	NULL	NULL	506	506	
508	508	NULL	NULL	531	531	530	530	529	529	NULL	NULL	506	506	
527	527	521	521	517	517	513	513	509	509	505	505	525	525	
527	527	521	521	517	517	513	513	509	509	505	505	525	525	
505	43	10	12	8	11	2	0	0	0	0	0	0	0	0	1	
506	43	12	10	8	11	2	0	0	0	0	0	0	0	0	1	
507	43	10	0	8	11	2	0	0	0	0	0	0	0	0	1	
508	43	0	10	8	11	2	0	0	0	0	0	0	0	0	1	
509	42	8	12	8	11	2	0	0	0	0	0	0	0	0	1	
510	42	12	8	8	11	2	0	0	0	0	0	0	0	0	1	
511	42	8	0	8	11	2	0	0	0	0	0	0	0	0	1	
512	43	0	8	8	11	2	0	0	0	0	0	0	0	0	1	
513	43	6	12	8	11	2	0	0	0	0	0	0	0	0	1	
514	43	12	6	8	11	2	0	0	0	0	0	0	0	0	1	
515	43	6	0	8	11	2	0	0	0	0	0	0	0	0	1	
516	43	0	6	8	11	2	0	0	0	0	0	0	0	0	1	
517	43	4	12	8	11	2	0	0	0	0	0	0	0	0	1	
518	43	12	4	8	11	2	0	0	0	0	0	0	0	0	1	
519	43	4	0	8	11	2	0	0	0	0	0	0	0	0	1	
520	43	0	4	8	11	2	0	0	0	0	0	0	0	0	1	
521	43	2	12	8	11	2	0	0	0	0	0	0	0	0	1	
522	43	12	2	8	11	2	0	0	0	0	0	0	0	0	1	
523	43	2	0	8	11	2	0	0	0	0	0	0	0	0	1	
524	43	0	2	8	11	2	0	0	0	0	0	0	0	0	1	
525	43	12	12	8	11	2	0	0	0	0	0	0	0	0	1	
526	43	12	0	8	11	2	0	0	0	0	0	0	0	0	1	
527	43	0	12	8	11	2	0	0	0	0	0	0	0	0	1	
528	43	0	0	8	11	2	0	0	0	0	0	0	0	0	1	
529	37	8	10	8	11	2	0	0	0	0	0	0	0	0	1	
530	26	6	10	8	11	2	0	0	0	0	0	0	0	0	1	
531	16	4	10	8	11	2	100000	0	0	0	0	0	0	0	1	
532	37	10	8	8	11	2	0	0	0	0	0	0	0	0	1	
533	37	8	8	8	11	2	0	0	0	0	0	0	0	0	1	
534	26	10	6	8	11	2	0	0	0	0	0	0	0	0	1	
535	16	10	4	8	11	2	100000	0	0	0	0	0	0	0	1	
536	4	8	2	8	11	2	0	1	1000	0	0	0	0	0	1	
537	32	10	9	-999	-999	2	0	0	0	0	0	0	0	0	1	
559	559	540	540	544	544	548	548	552	552	556	556	561	561	
559	559	540	540	544	544	548	548	552	552	556	556	561	561	
555	555	NULL	NULL	569	569	NULL	NULL	NULL	NULL	NULL	NULL	557	557	
555	555	NULL	NULL	569	569	NULL	NULL	NULL	NULL	NULL	NULL	557	557	
551	551	568	568	NULL	NULL	NULL	NULL	NULL	NULL	NULL	NULL	553	553	
551	551	568	568	NULL	NULL	NULL	NULL	NULL	NULL	NULL	NULL	553	553	
547	547	567	567	NULL	NULL	NULL	NULL	NULL	NULL	NULL	NULL	549	549	
547	547	567	567	NULL	NULL	NULL	NULL	NULL	NULL	NULL	NULL	549	549	
543	543	565	565	566	566	NULL	NULL	NULL	NULL	NULL	NULL	545	545	
543	543	565	565	566	566	NULL	NULL	NULL	NULL	NULL	NULL	545	545	
539	539	NULL	NULL	562	562	563	563	564	564	NULL	NULL	541	541	
539	539	NULL	NULL	562	562	563	563	564	564	NULL	NULL	541	541	
558	558	538	538	542	542	546	546	550	550	554	554	560	560	
558	558	538	538	542	542	546	546	550	550	554	554	560	560	
538	43	2	12	10	9	2	0	0	0	0	0	0	0	0	1	
539	43	0	10	10	9	2	0	0	0	0	0	0	0	0	1	
540	43	2	0	10	9	2	0	0	0	0	0	0	0	0	1	
541	43	12	10	10	9	2	0	0	0	0	0	0	0	0	1	
542	42	4	12	10	9	2	0	0	0	0	0	0	0	0	1	
543	42	0	8	10	9	2	0	0	0	0	0	0	0	0	1	
544	42	4	0	10	9	2	0	0	0	0	0	0	0	0	1	
545	43	12	8	10	9	2	0	0	0	0	0	0	0	0	1	
546	43	6	12	10	9	2	0	0	0	0	0	0	0	0	1	
547	43	0	6	10	9	2	0	0	0	0	0	0	0	0	1	
548	43	6	0	10	9	2	0	0	0	0	0	0	0	0	1	
549	43	12	6	10	9	2	0	0	0	0	0	0	0	0	1	
550	43	8	12	10	9	2	0	0	0	0	0	0	0	0	1	
551	43	0	4	10	9	2	0	0	0	0	0	0	0	0	1	
552	43	8	0	10	9	2	0	0	0	0	0	0	0	0	1	
553	43	12	4	10	9	2	0	0	0	0	0	0	0	0	1	
554	43	10	12	10	9	2	0	0	0	0	0	0	0	0	1	
555	43	0	2	10	9	2	0	0	0	0	0	0	0	0	1	
556	43	10	0	10	9	2	0	0	0	0	0	0	0	0	1	
557	43	12	2	10	9	2	0	0	0	0	0	0	0	0	1	
558	43	0	12	10	9	2	0	0	0	0	0	0	0	0	1	
559	43	0	0	10	9	2	0	0	0	0	0	0	0	0	1	
560	43	12	12	10	9	2	0	0	0	0	0	0	0	0	1	
561	43	12	0	10	9	2	0	0	0	0	0	0	0	0	1	
562	37	4	10	10	9	2	0	0	0	0	0	0	0	0	1	
563	26	6	10	10	9	2	0	0	0	0	0	0	0	0	1	
564	16	8	10	10	9	2	100000	0	0	0	0	0	0	0	1	
565	37	2	8	10	9	2	0	0	0	0	0	0	0	0	1	
566	37	4	8	10	9	2	0	0	0	0	0	0	0	0	1	
567	26	2	6	10	9	2	0	0	0	0	0	0	0	0	1	
568	16	2	4	10	9	2	100000	0	0	0	0	0	0	0	1	
569	4	4	2	10	9	2	0	1	1000	0	0	0	0	0	1	
570	32	8	9	-999	-999	2	0	0	0	0	0	0	0	0	1	
594	594	589	589	585	585	581	581	577	577	573	573	592	592	
594	594	589	589	585	585	581	581	577	577	573	573	592	592	
590	590	NULL	NULL	NULL	NULL	NULL	NULL	602	602	NULL	NULL	588	588	
590	590	NULL	NULL	NULL	NULL	NULL	NULL	602	602	NULL	NULL	588	588	
586	586	NULL	NULL	NULL	NULL	NULL	NULL	NULL	NULL	601	601	584	584	
586	586	NULL	NULL	NULL	NULL	NULL	NULL	NULL	NULL	601	601	584	584	
582	582	NULL	NULL	NULL	NULL	NULL	NULL	NULL	NULL	600	600	580	580	
582	582	NULL	NULL	NULL	NULL	NULL	NULL	NULL	NULL	600	600	580	580	
578	578	NULL	NULL	NULL	NULL	NULL	NULL	599	599	598	598	576	576	
578	578	NULL	NULL	NULL	NULL	NULL	NULL	599	599	598	598	576	576	
574	574	NULL	NULL	597	597	596	596	595	595	NULL	NULL	572	572	
574	574	NULL	NULL	597	597	596	596	595	595	NULL	NULL	572	572	
593	593	587	587	583	583	579	579	575	575	571	571	591	591	
593	593	587	587	583	583	579	579	575	575	571	571	591	591	
571	43	10	12	8	9	2	0	0	0	0	0	0	0	0	1	
572	43	12	10	8	9	2	0	0	0	0	0	0	0	0	1	
573	43	10	0	8	9	2	0	0	0	0	0	0	0	0	1	
574	43	0	10	8	9	2	0	0	0	0	0	0	0	0	1	
575	42	8	12	8	9	2	0	0	0	0	0	0	0	0	1	
576	42	12	8	8	9	2	0	0	0	0	0	0	0	0	1	
577	42	8	0	8	9	2	0	0	0	0	0	0	0	0	1	
578	43	0	8	8	9	2	0	0	0	0	0	0	0	0	1	
579	43	6	12	8	9	2	0	0	0	0	0	0	0	0	1	
580	43	12	6	8	9	2	0	0	0	0	0	0	0	0	1	
581	43	6	0	8	9	2	0	0	0	0	0	0	0	0	1	
582	43	0	6	8	9	2	0	0	0	0	0	0	0	0	1	
583	43	4	12	8	9	2	0	0	0	0	0	0	0	0	1	
584	43	12	4	8	9	2	0	0	0	0	0	0	0	0	1	
585	43	4	0	8	9	2	0	0	0	0	0	0	0	0	1	
586	43	0	4	8	9	2	0	0	0	0	0	0	0	0	1	
587	43	2	12	8	9	2	0	0	0	0	0	0	0	0	1	
588	43	12	2	8	9	2	0	0	0	0	0	0	0	0	1	
589	43	2	0	8	9	2	0	0	0	0	0	0	0	0	1	
590	43	0	2	8	9	2	0	0	0	0	0	0	0	0	1	
591	43	12	12	8	9	2	0	0	0	0	0	0	0	0	1	
592	43	12	0	8	9	2	0	0	0	0	0	0	0	0	1	
593	43	0	12	8	9	2	0	0	0	0	0	0	0	0	1	
594	43	0	0	8	9	2	0	0	0	0	0	0	0	0	1	
595	37	8	10	8	9	2	0	0	0	0	0	0	0	0	1	
596	26	6	10	8	9	2	0	0	0	0	0	0	0	0	1	
597	16	4	10	8	9	2	100000	0	0	0	0	0	0	0	1	
598	37	10	8	8	9	2	0	0	0	0	0	0	0	0	1	
599	37	8	8	8	9	2	0	0	0	0	0	0	0	0	1	
600	26	10	6	8	9	2	0	0	0	0	0	0	0	0	1	
601	16	10	4	8	9	2	100000	0	0	0	0	0	0	0	1	
602	4	8	2	8	9	2	0	1	1000	0	0	0	0	0	1	
603	32	8	13	-999	-999	2	0	0	0	0	0	0	0	0	1	
625	625	606	606	610	610	614	614	618	618	622	622	627	627	
625	625	606	606	610	610	614	614	618	618	622	622	627	627	
621	621	NULL	NULL	633	633	634	634	635	635	NULL	NULL	623	623	
621	621	NULL	NULL	633	633	634	634	635	635	NULL	NULL	623	623	
617	617	NULL	NULL	NULL	NULL	NULL	NULL	631	631	632	632	619	619	
617	617	NULL	NULL	NULL	NULL	NULL	NULL	631	631	632	632	619	619	
613	613	NULL	NULL	NULL	NULL	NULL	NULL	NULL	NULL	630	630	615	615	
613	613	NULL	NULL	NULL	NULL	NULL	NULL	NULL	NULL	630	630	615	615	
609	609	NULL	NULL	NULL	NULL	NULL	NULL	NULL	NULL	629	629	611	611	
609	609	NULL	NULL	NULL	NULL	NULL	NULL	NULL	NULL	629	629	611	611	
605	605	NULL	NULL	NULL	NULL	NULL	NULL	628	628	NULL	NULL	607	607	
605	605	NULL	NULL	NULL	NULL	NULL	NULL	628	628	NULL	NULL	607	607	
624	624	604	604	608	608	612	612	616	616	620	620	626	626	
624	624	604	604	608	608	612	612	616	616	620	620	626	626	
604	43	2	12	8	13	2	0	0	0	0	0	0	0	0	1	
605	43	0	10	8	13	2	0	0	0	0	0	0	0	0	1	
606	43	2	0	8	13	2	0	0	0	0	0	0	0	0	1	
607	43	12	10	8	13	2	0	0	0	0	0	0	0	0	1	
608	43	4	12	8	13	2	0	0	0	0	0	0	0	0	1	
609	43	0	8	8	13	2	0	0	0	0	0	0	0	0	1	
610	43	4	0	8	13	2	0	0	0	0	0	0	0	0	1	
611	43	12	8	8	13	2	0	0	0	0	0	0	0	0	1	
612	43	6	12	8	13	2	0	0	0	0	0	0	0	0	1	
613	43	0	6	8	13	2	0	0	0	0	0	0	0	0	1	
614	43	6	0	8	13	2	0	0	0	0	0	0	0	0	1	
615	43	12	6	8	13	2	0	0	0	0	0	0	0	0	1	
616	42	8	12	8	13	2	0	0	0	0	0	0	0	0	1	
617	43	0	4	8	13	2	0	0	0	0	0	0	0	0	1	
618	42	8	0	8	13	2	0	0	0	0	0	0	0	0	1	
619	42	12	4	8	13	2	0	0	0	0	0	0	0	0	1	
620	43	10	12	8	13	2	0	0	0	0	0	0	0	0	1	
621	43	0	2	8	13	2	0	0	0	0	0	0	0	0	1	
622	43	10	0	8	13	2	0	0	0	0	0	0	0	0	1	
623	43	12	2	8	13	2	0	0	0	0	0	0	0	0	1	
624	43	0	12	8	13	2	0	0	0	0	0	0	0	0	1	
625	43	0	0	8	13	2	0	0	0	0	0	0	0	0	1	
626	43	12	12	8	13	2	0	0	0	0	0	0	0	0	1	
627	43	12	0	8	13	2	0	0	0	0	0	0	0	0	1	
628	4	8	10	8	13	2	0	1	1000	0	0	0	0	0	1	
629	16	10	8	8	13	2	100000	0	0	0	0	0	0	0	1	
630	26	10	6	8	13	2	0	0	0	0	0	0	0	0	1	
631	37	8	4	8	13	2	0	0	0	0	0	0	0	0	1	
632	37	10	4	8	13	2	0	0	0	0	0	0	0	0	1	
633	16	4	2	8	13	2	100000	0	0	0	0	0	0	0	1	
634	26	6	2	8	13	2	0	0	0	0	0	0	0	0	1	
635	37	8	2	8	13	2	0	0	0	0	0	0	0	0	1	
636	32	10	13	-999	-999	2	0	0	0	0	0	0	0	0	1	
660	660	655	655	651	651	647	647	643	643	639	639	658	658	
660	660	655	655	651	651	647	647	643	643	639	639	658	658	
656	656	NULL	NULL	668	668	667	667	666	666	NULL	NULL	654	654	
656	656	NULL	NULL	668	668	667	667	666	666	NULL	NULL	654	654	
652	652	665	665	664	664	NULL	NULL	NULL	NULL	NULL	NULL	650	650	
652	652	665	665	664	664	NULL	NULL	NULL	NULL	NULL	NULL	650	650	
648	648	663	663	NULL	NULL	NULL	NULL	NULL	NULL	NULL	NULL	646	646	
648	648	663	663	NULL	NULL	NULL	NULL	NULL	NULL	NULL	NULL	646	646	
644	644	662	662	NULL	NULL	NULL	NULL	NULL	NULL	NULL	NULL	642	642	
644	644	662	662	NULL	NULL	NULL	NULL	NULL	NULL	NULL	NULL	642	642	
640	640	NULL	NULL	661	661	NULL	NULL	NULL	NULL	NULL	NULL	638	638	
640	640	NULL	NULL	661	661	NULL	NULL	NULL	NULL	NULL	NULL	638	638	
659	659	653	653	649	649	645	645	641	641	637	637	657	657	
659	659	653	653	649	649	645	645	641	641	637	637	657	657	
637	43	10	12	10	13	2	0	0	0	0	0	0	0	0	1	
638	43	12	10	10	13	2	0	0	0	0	0	0	0	0	1	
639	43	10	0	10	13	2	0	0	0	0	0	0	0	0	1	
640	43	0	10	10	13	2	0	0	0	0	0	0	0	0	1	
641	43	8	12	10	13	2	0	0	0	0	0	0	0	0	1	
642	43	12	8	10	13	2	0	0	0	0	0	0	0	0	1	
643	43	8	0	10	13	2	0	0	0	0	0	0	0	0	1	
644	43	0	8	10	13	2	0	0	0	0	0	0	0	0	1	
645	43	6	12	10	13	2	0	0	0	0	0	0	0	0	1	
646	43	12	6	10	13	2	0	0	0	0	0	0	0	0	1	
647	43	6	0	10	13	2	0	0	0	0	0	0	0	0	1	
648	43	0	6	10	13	2	0	0	0	0	0	0	0	0	1	
649	42	4	12	10	13	2	0	0	0	0	0	0	0	0	1	
650	43	12	4	10	13	2	0	0	0	0	0	0	0	0	1	
651	42	4	0	10	13	2	0	0	0	0	0	0	0	0	1	
652	42	0	4	10	13	2	0	0	0	0	0	0	0	0	1	
653	43	2	12	10	13	2	0	0	0	0	0	0	0	0	1	
654	43	12	2	10	13	2	0	0	0	0	0	0	0	0	1	
655	43	2	0	10	13	2	0	0	0	0	0	0	0	0	1	
656	43	0	2	10	13	2	0	0	0	0	0	0	0	0	1	
657	43	12	12	10	13	2	0	0	0	0	0	0	0	0	1	
658	43	12	0	10	13	2	0	0	0	0	0	0	0	0	1	
659	43	0	12	10	13	2	0	0	0	0	0	0	0	0	1	
660	43	0	0	10	13	2	0	0	0	0	0	0	0	0	1	
661	4	4	10	10	13	2	0	1	1000	0	0	0	0	0	1	
662	16	2	8	10	13	2	100000	0	0	0	0	0	0	0	1	
663	26	2	6	10	13	2	0	0	0	0	0	0	0	0	1	
664	37	4	4	10	13	2	0	0	0	0	0	0	0	0	1	
665	37	2	4	10	13	2	0	0	0	0	0	0	0	0	1	
666	16	8	2	10	13	2	100000	0	0	0	0	0	0	0	1	
667	26	6	2	10	13	2	0	0	0	0	0	0	0	0	1	
668	37	4	2	10	13	2	0	0	0	0	0	0	0	0	1	
669	32	14	13	-999	-999	2	0	0	0	0	0	0	0	0	1	
690	690	671	671	675	675	679	679	683	683	687	687	691	691	
690	690	671	671	675	675	679	679	683	683	687	687	691	691	
670	670	NULL	NULL	694	694	NULL	NULL	NULL	NULL	NULL	NULL	672	672	
670	670	NULL	NULL	694	694	NULL	NULL	NULL	NULL	NULL	NULL	672	672	
674	674	NULL	NULL	NULL	NULL	697	697	NULL	NULL	NULL	NULL	676	676	
674	674	NULL	NULL	NULL	NULL	697	697	NULL	NULL	NULL	NULL	676	676	
678	678	NULL	NULL	NULL	NULL	698	698	NULL	NULL	NULL	NULL	680	680	
678	678	NULL	NULL	NULL	NULL	698	698	NULL	NULL	NULL	NULL	680	680	
682	682	NULL	NULL	695	695	699	699	700	700	701	701	684	684	
682	682	NULL	NULL	695	695	699	699	700	700	701	701	684	684	
686	686	NULL	NULL	696	696	NULL	NULL	NULL	NULL	NULL	NULL	688	688	
686	686	NULL	NULL	696	696	NULL	NULL	NULL	NULL	NULL	NULL	688	688	
692	692	673	673	677	677	681	681	685	685	689	689	693	693	
692	692	673	673	677	677	681	681	685	685	689	689	693	693	
670	43	0	2	14	13	2	0	0	0	0	0	0	0	0	1	
671	43	2	0	14	13	2	0	0	0	0	0	0	0	0	1	
672	43	12	2	14	13	2	0	0	0	0	0	0	0	0	1	
673	43	2	12	14	13	2	0	0	0	0	0	0	0	0	1	
674	43	0	4	14	13	2	0	0	0	0	0	0	0	0	1	
675	42	4	0	14	13	2	0	0	0	0	0	0	0	0	1	
676	43	12	4	14	13	2	0	0	0	0	0	0	0	0	1	
677	42	4	12	14	13	2	0	0	0	0	0	0	0	0	1	
678	43	0	6	14	13	2	0	0	0	0	0	0	0	0	1	
679	43	6	0	14	13	2	0	0	0	0	0	0	0	0	1	
680	43	12	6	14	13	2	0	0	0	0	0	0	0	0	1	
681	43	6	12	14	13	2	0	0	0	0	0	0	0	0	1	
682	43	0	8	14	13	2	0	0	0	0	0	0	0	0	1	
683	43	8	0	14	13	2	0	0	0	0	0	0	0	0	1	
684	42	12	8	14	13	2	0	0	0	0	0	0	0	0	1	
685	43	8	12	14	13	2	0	0	0	0	0	0	0	0	1	
686	43	0	10	14	13	2	0	0	0	0	0	0	0	0	1	
687	43	10	0	14	13	2	0	0	0	0	0	0	0	0	1	
688	43	12	10	14	13	2	0	0	0	0	0	0	0	0	1	
689	43	10	12	14	13	2	0	0	0	0	0	0	0	0	1	
690	43	0	0	14	13	2	0	0	0	0	0	0	0	0	1	
691	43	12	0	14	13	2	0	0	0	0	0	0	0	0	1	
692	43	0	12	14	13	2	0	0	0	0	0	0	0	0	1	
693	43	12	12	14	13	2	0	0	0	0	0	0	0	0	1	
694	2	4	2	14	13	2	0	1	1000	0	0	0	0	0	1	
695	37	4	8	14	13	2	0	0	0	0	0	0	0	0	1	
696	37	4	10	14	13	2	0	0	0	0	0	0	0	0	1	
697	14	6	4	14	13	2	100000	0	0	0	0	0	0	0	1	
698	24	6	6	14	13	2	0	0	0	0	0	0	0	0	1	
699	37	6	8	14	13	2	0	0	0	0	0	0	0	0	1	
700	37	8	8	14	13	2	0	0	0	0	0	0	0	0	1	
701	37	10	8	14	13	2	0	0	0	0	0	0	0	0	1	
702	32	12	15	-999	-999	2	0	0	0	0	0	0	0	0	1	
724	724	705	705	709	709	713	713	717	717	721	721	726	726	
724	724	705	705	709	709	713	713	717	717	721	721	726	726	
720	720	NULL	NULL	NULL	NULL	NULL	NULL	734	734	NULL	NULL	722	722	
720	720	NULL	NULL	NULL	NULL	NULL	NULL	734	734	NULL	NULL	722	722	
716	716	NULL	NULL	NULL	NULL	NULL	NULL	733	733	NULL	NULL	718	718	
716	716	NULL	NULL	NULL	NULL	NULL	NULL	733	733	NULL	NULL	718	718	
712	712	NULL	NULL	730	730	731	731	732	732	NULL	NULL	714	714	
712	712	NULL	NULL	730	730	731	731	732	732	NULL	NULL	714	714	
708	708	727	727	NULL	NULL	NULL	NULL	728	728	729	729	710	710	
708	708	727	727	NULL	NULL	NULL	NULL	728	728	729	729	710	710	
704	704	NULL	NULL	NULL	NULL	NULL	NULL	NULL	NULL	NULL	NULL	706	706	
704	704	NULL	NULL	NULL	NULL	NULL	NULL	NULL	NULL	NULL	NULL	706	706	
723	723	703	703	707	707	711	711	715	715	719	719	725	725	
723	723	703	703	707	707	711	711	715	715	719	719	725	725	
703	43	2	12	12	15	2	0	0	0	0	0	0	0	0	1	
704	43	0	10	12	15	2	0	0	0	0	0	0	0	0	1	
705	43	2	0	12	15	2	0	0	0	0	0	0	0	0	1	
706	43	12	10	12	15	2	0	0	0	0	0	0	0	0	1	
707	43	4	12	12	15	2	0	0	0	0	0	0	0	0	1	
708	42	0	8	12	15	2	0	0	0	0	0	0	0	0	1	
709	43	4	0	12	15	2	0	0	0	0	0	0	0	0	1	
710	42	12	8	12	15	2	0	0	0	0	0	0	0	0	1	
711	43	6	12	12	15	2	0	0	0	0	0	0	0	0	1	
712	43	0	6	12	15	2	0	0	0	0	0	0	0	0	1	
713	43	6	0	12	15	2	0	0	0	0	0	0	0	0	1	
714	43	12	6	12	15	2	0	0	0	0	0	0	0	0	1	
715	43	8	12	12	15	2	0	0	0	0	0	0	0	0	1	
716	43	0	4	12	15	2	0	0	0	0	0	0	0	0	1	
717	42	8	0	12	15	2	0	0	0	0	0	0	0	0	1	
718	43	12	4	12	15	2	0	0	0	0	0	0	0	0	1	
719	43	10	12	12	15	2	0	0	0	0	0	0	0	0	1	
720	43	0	2	12	15	2	0	0	0	0	0	0	0	0	1	
721	43	10	0	12	15	2	0	0	0	0	0	0	0	0	1	
722	43	12	2	12	15	2	0	0	0	0	0	0	0	0	1	
723	43	0	12	12	15	2	0	0	0	0	0	0	0	0	1	
724	43	0	0	12	15	2	0	0	0	0	0	0	0	0	1	
725	43	12	12	12	15	2	0	0	0	0	0	0	0	0	1	
726	43	12	0	12	15	2	0	0	0	0	0	0	0	0	1	
727	2	2	8	12	15	2	0	1	1000	0	0	0	0	0	1	
728	37	8	8	12	15	2	0	0	0	0	0	0	0	0	1	
729	37	10	8	12	15	2	0	0	0	0	0	0	0	0	1	
730	14	4	6	12	15	2	100000	0	0	0	0	0	0	0	1	
731	24	6	6	12	15	2	0	0	0	0	0	0	0	0	1	
732	37	8	6	12	15	2	0	0	0	0	0	0	0	0	1	
733	37	8	4	12	15	2	0	0	0	0	0	0	0	0	1	
734	37	8	2	12	15	2	0	0	0	0	0	0	0	0	1	
735	32	14	15	-999	-999	2	0	0	0	0	0	0	0	0	1	
758	758	752	752	748	748	744	744	740	740	736	736	756	756	
758	758	752	752	748	748	744	744	740	740	736	736	756	756	
739	739	NULL	NULL	760	760	NULL	NULL	NULL	NULL	NULL	NULL	737	737	
739	739	NULL	NULL	760	760	NULL	NULL	NULL	NULL	NULL	NULL	737	737	
743	743	NULL	NULL	761	761	NULL	NULL	NULL	NULL	NULL	NULL	741	741	
743	743	NULL	NULL	761	761	NULL	NULL	NULL	NULL	NULL	NULL	741	741	
747	747	NULL	NULL	764	764	763	763	762	762	NULL	NULL	745	745	
747	747	NULL	NULL	764	764	763	763	762	762	NULL	NULL	745	745	
751	751	767	767	766	766	NULL	NULL	NULL	NULL	765	765	749	749	
751	751	767	767	766	766	NULL	NULL	NULL	NULL	765	765	749	749	
755	755	NULL	NULL	NULL	NULL	NULL	NULL	NULL	NULL	NULL	NULL	753	753	
755	755	NULL	NULL	NULL	NULL	NULL	NULL	NULL	NULL	NULL	NULL	753	753	
759	759	754	754	750	750	746	746	742	742	738	738	757	757	
759	759	754	754	750	750	746	746	742	742	738	738	757	757	
736	43	10	0	14	15	2	0	0	0	0	0	0	0	0	1	
737	43	12	2	14	15	2	0	0	0	0	0	0	0	0	1	
738	43	10	12	14	15	2	0	0	0	0	0	0	0	0	1	
739	43	0	2	14	15	2	0	0	0	0	0	0	0	0	1	
740	43	8	0	14	15	2	0	0	0	0	0	0	0	0	1	
741	43	12	4	14	15	2	0	0	0	0	0	0	0	0	1	
742	43	8	12	14	15	2	0	0	0	0	0	0	0	0	1	
743	43	0	4	14	15	2	0	0	0	0	0	0	0	0	1	
744	43	6	0	14	15	2	0	0	0	0	0	0	0	0	1	
745	43	12	6	14	15	2	0	0	0	0	0	0	0	0	1	
746	43	6	12	14	15	2	0	0	0	0	0	0	0	0	1	
747	43	0	6	14	15	2	0	0	0	0	0	0	0	0	1	
748	42	4	0	14	15	2	0	0	0	0	0	0	0	0	1	
749	42	12	8	14	15	2	0	0	0	0	0	0	0	0	1	
750	43	4	12	14	15	2	0	0	0	0	0	0	0	0	1	
751	42	0	8	14	15	2	0	0	0	0	0	0	0	0	1	
752	43	2	0	14	15	2	0	0	0	0	0	0	0	0	1	
753	43	12	10	14	15	2	0	0	0	0	0	0	0	0	1	
754	43	2	12	14	15	2	0	0	0	0	0	0	0	0	1	
755	43	0	10	14	15	2	0	0	0	0	0	0	0	0	1	
756	43	12	0	14	15	2	0	0	0	0	0	0	0	0	1	
757	43	12	12	14	15	2	0	0	0	0	0	0	0	0	1	
758	43	0	0	14	15	2	0	0	0	0	0	0	0	0	1	
759	43	0	12	14	15	2	0	0	0	0	0	0	0	0	1	
760	37	4	2	14	15	2	0	0	0	0	0	0	0	0	1	
761	37	4	4	14	15	2	0	0	0	0	0	0	0	0	1	
762	14	8	6	14	15	2	100000	0	0	0	0	0	0	0	1	
763	24	6	6	14	15	2	0	0	0	0	0	0	0	0	1	
764	37	4	6	14	15	2	0	0	0	0	0	0	0	0	1	
765	2	10	8	14	15	2	0	1	1000	0	0	0	0	0	1	
766	37	4	8	14	15	2	0	0	0	0	0	0	0	0	1	
767	37	2	8	14	15	2	0	0	0	0	0	0	0	0	1	
768	32	16	13	-999	-999	2	0	0	0	0	0	0	0	0	1	
791	791	785	785	781	781	777	777	773	773	769	769	789	789	
791	791	785	785	781	781	777	777	773	773	769	769	789	789	
772	772	NULL	NULL	NULL	NULL	NULL	NULL	793	793	NULL	NULL	770	770	
772	772	NULL	NULL	NULL	NULL	NULL	NULL	793	793	NULL	NULL	770	770	
776	776	NULL	NULL	NULL	NULL	794	794	NULL	NULL	NULL	NULL	774	774	
776	776	NULL	NULL	NULL	NULL	794	794	NULL	NULL	NULL	NULL	774	774	
780	780	NULL	NULL	NULL	NULL	795	795	NULL	NULL	NULL	NULL	778	778	
780	780	NULL	NULL	NULL	NULL	795	795	NULL	NULL	NULL	NULL	778	778	
784	784	799	799	798	798	797	797	796	796	NULL	NULL	782	782	
784	784	799	799	798	798	797	797	796	796	NULL	NULL	782	782	
788	788	NULL	NULL	NULL	NULL	NULL	NULL	800	800	NULL	NULL	786	786	
788	788	NULL	NULL	NULL	NULL	NULL	NULL	800	800	NULL	NULL	786	786	
792	792	787	787	783	783	779	779	775	775	771	771	790	790	
792	792	787	787	783	783	779	779	775	775	771	771	790	790	
769	43	10	0	16	13	2	0	0	0	0	0	0	0	0	1	
770	43	12	2	16	13	2	0	0	0	0	0	0	0	0	1	
771	43	10	12	16	13	2	0	0	0	0	0	0	0	0	1	
772	43	0	2	16	13	2	0	0	0	0	0	0	0	0	1	
773	42	8	0	16	13	2	0	0	0	0	0	0	0	0	1	
774	43	12	4	16	13	2	0	0	0	0	0	0	0	0	1	
775	42	8	12	16	13	2	0	0	0	0	0	0	0	0	1	
776	43	0	4	16	13	2	0	0	0	0	0	0	0	0	1	
777	43	6	0	16	13	2	0	0	0	0	0	0	0	0	1	
778	43	12	6	16	13	2	0	0	0	0	0	0	0	0	1	
779	43	6	12	16	13	2	0	0	0	0	0	0	0	0	1	
780	43	0	6	16	13	2	0	0	0	0	0	0	0	0	1	
781	43	4	0	16	13	2	0	0	0	0	0	0	0	0	1	
782	43	12	8	16	13	2	0	0	0	0	0	0	0	0	1	
783	43	4	12	16	13	2	0	0	0	0	0	0	0	0	1	
784	42	0	8	16	13	2	0	0	0	0	0	0	0	0	1	
785	43	2	0	16	13	2	0	0	0	0	0	0	0	0	1	
786	43	12	10	16	13	2	0	0	0	0	0	0	0	0	1	
787	43	2	12	16	13	2	0	0	0	0	0	0	0	0	1	
788	43	0	10	16	13	2	0	0	0	0	0	0	0	0	1	
789	43	12	0	16	13	2	0	0	0	0	0	0	0	0	1	
790	43	12	12	16	13	2	0	0	0	0	0	0	0	0	1	
791	43	0	0	16	13	2	0	0	0	0	0	0	0	0	1	
792	43	0	12	16	13	2	0	0	0	0	0	0	0	0	1	
793	2	8	2	16	13	2	0	1	1000	0	0	0	0	0	1	
794	14	6	4	16	13	2	100000	0	0	0	0	0	0	0	1	
795	24	6	6	16	13	2	0	0	0	0	0	0	0	0	1	
796	37	8	8	16	13	2	0	0	0	0	0	0	0	0	1	
797	37	6	8	16	13	2	0	0	0	0	0	0	0	0	1	
798	37	4	8	16	13	2	0	0	0	0	0	0	0	0	1	
799	37	2	8	16	13	2	0	0	0	0	0	0	0	0	1	
800	37	8	10	16	13	2	0	0	0	0	0	0	0	0	1	
801	32	16	15	-999	-999	2	0	0	0	0	0	0	0	0	1	
824	824	818	818	814	814	810	810	806	806	802	802	822	822	
824	824	818	818	814	814	810	810	806	806	802	802	822	822	
805	805	NULL	NULL	NULL	NULL	NULL	NULL	826	826	NULL	NULL	803	803	
805	805	NULL	NULL	NULL	NULL	NULL	NULL	826	826	NULL	NULL	803	803	
809	809	NULL	NULL	NULL	NULL	827	827	NULL	NULL	NULL	NULL	807	807	
809	809	NULL	NULL	NULL	NULL	827	827	NULL	NULL	NULL	NULL	807	807	
813	813	NULL	NULL	NULL	NULL	828	828	NULL	NULL	NULL	NULL	811	811	
813	813	NULL	NULL	NULL	NULL	828	828	NULL	NULL	NULL	NULL	811	811	
817	817	832	832	831	831	830	830	829	829	NULL	NULL	815	815	
817	817	832	832	831	831	830	830	829	829	NULL	NULL	815	815	
821	821	NULL	NULL	NULL	NULL	NULL	NULL	833	833	NULL	NULL	819	819	
821	821	NULL	NULL	NULL	NULL	NULL	NULL	833	833	NULL	NULL	819	819	
825	825	820	820	816	816	812	812	808	808	804	804	823	823	
825	825	820	820	816	816	812	812	808	808	804	804	823	823	
802	43	10	0	16	15	2	0	0	0	0	0	0	0	0	1	
803	43	12	2	16	15	2	0	0	0	0	0	0	0	0	1	
804	43	10	12	16	15	2	0	0	0	0	0	0	0	0	1	
805	43	0	2	16	15	2	0	0	0	0	0	0	0	0	1	
806	42	8	0	16	15	2	0	0	0	0	0	0	0	0	1	
807	43	12	4	16	15	2	0	0	0	0	0	0	0	0	1	
808	42	8	12	16	15	2	0	0	0	0	0	0	0	0	1	
809	43	0	4	16	15	2	0	0	0	0	0	0	0	0	1	
810	43	6	0	16	15	2	0	0	0	0	0	0	0	0	1	
811	43	12	6	16	15	2	0	0	0	0	0	0	0	0	1	
812	43	6	12	16	15	2	0	0	0	0	0	0	0	0	1	
813	43	0	6	16	15	2	0	0	0	0	0	0	0	0	1	
814	43	4	0	16	15	2	0	0	0	0	0	0	0	0	1	
815	43	12	8	16	15	2	0	0	0	0	0	0	0	0	1	
816	43	4	12	16	15	2	0	0	0	0	0	0	0	0	1	
817	42	0	8	16	15	2	0	0	0	0	0	0	0	0	1	
818	43	2	0	16	15	2	0	0	0	0	0	0	0	0	1	
819	43	12	10	16	15	2	0	0	0	0	0	0	0	0	1	
820	43	2	12	16	15	2	0	0	0	0	0	0	0	0	1	
821	43	0	10	16	15	2	0	0	0	0	0	0	0	0	1	
822	43	12	0	16	15	2	0	0	0	0	0	0	0	0	1	
823	43	12	12	16	15	2	0	0	0	0	0	0	0	0	1	
824	43	0	0	16	15	2	0	0	0	0	0	0	0	0	1	
825	43	0	12	16	15	2	0	0	0	0	0	0	0	0	1	
826	2	8	2	16	15	2	0	1	1000	0	0	0	0	0	1	
827	14	6	4	16	15	2	100000	0	0	0	0	0	0	0	1	
828	24	6	6	16	15	2	0	0	0	0	0	0	0	0	1	
829	37	8	8	16	15	2	0	0	0	0	0	0	0	0	1	
830	37	6	8	16	15	2	0	0	0	0	0	0	0	0	1	
831	37	4	8	16	15	2	0	0	0	0	0	0	0	0	1	
832	37	2	8	16	15	2	0	0	0	0	0	0	0	0	1	
833	37	8	10	16	15	2	0	0	0	0	0	0	0	0	1	
154	154	194	194	144	144	307	307	314	314	310	310	306	306	302	302	298	298	152	152	139	139	141	141	
154	154	194	194	144	144	307	307	314	314	310	310	306	306	302	302	298	298	152	152	139	139	141	141	
151	151	51	51	44	44	NULL	97	97	247	247	131	131	252	252	93	93	NULL	62	62	52	52	159	159	
151	151	51	51	44	44	NULL	97	97	247	247	131	131	252	252	93	93	NULL	62	62	52	52	159	159	
147	147	35	35	116	116	318	318	309	309	303	303	305	305	299	299	315	315	162	162	32	32	99	99	
147	147	35	35	116	116	318	318	309	309	303	303	305	305	299	299	315	315	162	162	32	32	99	99	
143	143	53	53	NULL	NULL	NULL	NULL	NULL	NULL	NULL	NULL	NULL	NULL	NULL	NULL	NULL	NULL	NULL	NULL	57	57	148	148	
143	143	53	53	NULL	NULL	NULL	NULL	NULL	NULL	NULL	NULL	NULL	NULL	NULL	NULL	NULL	NULL	NULL	NULL	57	57	148	148	
156	156	48	48	NULL	NULL	NULL	NULL	NULL	NULL	NULL	NULL	NULL	NULL	NULL	NULL	NULL	NULL	NULL	NULL	40	40	124	124	
156	156	48	48	NULL	NULL	NULL	NULL	570	570	537	537	473	473	442	442	NULL	NULL	NULL	NULL	40	40	124	124	
136	136	59	59	NULL	NULL	NULL	NULL	570	570	537	537	473	473	442	442	NULL	NULL	NULL	NULL	47	47	140	140	
136	136	59	59	NULL	NULL	NULL	NULL	504	504	67	67	0	0	411	411	NULL	NULL	NULL	NULL	47	47	140	140	
122	122	56	56	NULL	NULL	NULL	NULL	504	504	67	67	0	0	411	411	NULL	NULL	NULL	NULL	36	36	132	132	
122	122	56	56	NULL	NULL	NULL	NULL	603	603	636	636	259	259	669	669	768	768	NULL	NULL	36	36	132	132	
145	145	37	37	NULL	NULL	NULL	NULL	603	603	636	636	259	259	669	669	768	768	NULL	NULL	66	66	125	125	
145	145	37	37	NULL	NULL	NULL	NULL	NULL	NULL	NULL	NULL	702	702	735	735	801	801	NULL	NULL	66	66	125	125	
112	112	49	49	NULL	NULL	NULL	NULL	NULL	NULL	NULL	NULL	702	702	735	735	801	801	NULL	NULL	45	45	135	135	
112	112	49	49	NULL	NULL	NULL	NULL	NULL	NULL	NULL	NULL	NULL	NULL	NULL	NULL	NULL	NULL	NULL	NULL	45	45	135	135	
160	160	55	55	294	294	319	319	60	60	41	41	38	38	54	54	58	58	313	313	39	39	133	133	
160	160	55	55	294	294	319	319	60	60	41	41	38	38	54	54	58	58	313	313	39	39	133	133	
158	158	33	33	42	42	34	34	184	184	101	101	332	332	366	366	43	43	50	50	61	61	103	103	
158	158	33	33	42	42	34	34	184	184	101	101	332	332	366	366	43	43	50	50	61	61	103	103	
108	108	104	104	100	100	317	317	316	316	65	65	46	46	31	31	320	320	120	120	157	157	137	137	
108	108	104	104	100	100	317	317	316	316	65	65	46	46	31	31	320	320	120	120	157	157	137	137	
