342
0	34	2	16	-999	-999	4	0	0	0	0	0	0	0	0	1	
1	42	0	6	8	12	2	0	0	0	0	0	0	0	0	1	
2	43	12	2	8	12	2	0	0	0	0	0	0	0	0	1	
3	43	0	12	8	12	2	0	0	0	0	0	0	0	0	1	
4	34	0	16	-999	-999	2	0	0	0	0	0	0	0	0	1	
5	42	8	12	8	12	2	0	0	0	0	0	0	0	0	1	
6	39	2	6	8	12	2	0	0	0	0	0	0	0	0	1	
7	43	0	10	8	16	2	0	0	0	0	0	0	0	0	1	
8	39	10	6	8	12	2	0	0	0	0	0	0	0	0	1	
9	43	0	4	8	12	2	0	0	0	0	0	0	0	0	1	
10	43	0	8	8	12	2	0	0	0	0	0	0	0	0	1	
11	43	0	0	8	12	2	0	0	0	0	0	0	0	0	1	
12	43	6	0	8	12	2	0	0	0	0	0	0	0	0	1	
13	43	8	0	8	12	2	0	0	0	0	0	0	0	0	1	
14	39	6	6	8	12	2	0	0	0	0	0	0	0	0	1	
15	43	12	10	8	12	2	0	0	0	0	0	0	0	0	1	
16	43	0	10	8	12	2	0	0	0	0	0	0	0	0	1	
17	43	12	4	8	12	2	0	0	0	0	0	0	0	0	1	
18	43	0	2	8	12	2	0	0	0	0	0	0	0	0	1	
19	43	12	0	8	12	2	0	0	0	0	0	0	0	0	1	
20	43	10	0	8	12	2	0	0	0	0	0	0	0	0	1	
21	43	4	0	8	12	2	0	0	0	0	0	0	0	0	1	
22	43	2	0	8	12	2	0	0	0	0	0	0	0	0	1	
23	43	10	12	8	12	2	0	0	0	0	0	0	0	0	1	
24	39	6	10	8	12	2	0	0	0	0	0	0	0	0	1	
25	43	12	8	8	12	2	0	0	0	0	0	0	0	0	1	
26	42	12	6	8	12	2	0	0	0	0	0	0	0	0	1	
27	43	6	12	8	12	2	0	0	0	0	0	0	0	0	1	
28	43	2	12	8	12	2	0	0	0	0	0	0	0	0	1	
29	43	10	0	8	16	2	0	0	0	0	0	0	0	0	1	
30	32	8	12	-999	-999	2	0	0	0	0	0	0	0	0	1	
11	11	22	22	21	21	12	12	13	13	20	20	19	19	
11	11	22	22	21	21	12	12	13	13	20	20	19	19	
18	18	NULL	NULL	NULL	NULL	NULL	NULL	NULL	NULL	NULL	NULL	2	2	
18	18	NULL	NULL	NULL	NULL	NULL	NULL	NULL	NULL	NULL	NULL	2	2	
9	9	NULL	NULL	NULL	NULL	NULL	NULL	NULL	NULL	NULL	NULL	17	17	
9	9	NULL	NULL	NULL	NULL	NULL	NULL	NULL	NULL	NULL	NULL	17	17	
1	1	6	6	33	33	14	14	320	320	8	8	26	26	
1	1	6	6	33	33	14	14	320	320	8	8	26	26	
10	10	NULL	NULL	NULL	NULL	93	93	NULL	NULL	NULL	NULL	25	25	
10	10	NULL	NULL	NULL	NULL	93	93	NULL	NULL	NULL	NULL	25	25	
16	16	NULL	NULL	310	310	24	24	122	122	NULL	NULL	15	15	
16	16	NULL	NULL	310	310	24	24	122	122	NULL	NULL	15	15	
3	3	28	28	32	32	27	27	5	5	23	23	31	31	
3	3	28	28	32	32	27	27	5	5	23	23	31	31	
31	43	12	12	8	12	2	0	0	0	0	0	0	0	0	1	
32	42	4	12	8	12	2	0	0	0	0	0	0	0	0	1	
33	39	4	6	8	12	2	0	0	0	0	0	0	0	0	1	
34	43	0	8	6	16	2	0	0	0	0	0	0	0	0	1	
35	43	0	12	8	16	2	0	0	0	0	0	0	0	0	1	
36	6	6	6	8	14	2	0	0	0	0	0	0	0	0	1	
37	34	2	2	-999	-999	2	0	0	0	0	0	0	0	0	1	
38	34	8	6	8	14	2	0	0	0	0	0	0	0	0	1	
39	43	4	12	8	14	2	0	0	0	0	0	0	0	0	1	
40	43	10	12	8	14	2	0	0	0	0	0	0	0	0	1	
41	34	0	8	-999	-999	2	0	0	0	0	0	0	0	0	1	
42	43	10	12	8	16	2	0	0	0	0	0	0	0	0	1	
43	39	6	10	8	14	2	0	0	0	0	0	0	0	0	1	
44	34	4	16	-999	-999	2	0	0	0	0	0	0	0	0	1	
45	0	2	8	-999	-999	2	0	2	1	0	0	0	0	0	1	
46	34	0	12	-999	-999	2	0	0	0	0	0	0	0	0	1	
47	43	12	4	8	14	2	0	0	0	0	0	0	0	0	1	
48	34	4	4	-999	-999	3	0	0	0	0	0	0	0	0	1	
49	34	0	6	-999	-999	2	0	0	0	0	0	0	0	0	1	
50	0	2	10	-999	-999	2	0	2	1	0	0	0	0	0	1	
51	43	12	0	8	16	2	0	0	0	0	0	0	0	0	1	
52	34	4	6	-999	-999	3	0	0	0	0	0	0	0	0	1	
53	42	12	6	6	16	2	0	0	0	0	0	0	0	0	1	
54	13	4	12	-999	-999	3	100000	0	0	0	0	0	0	0	1	
55	43	12	2	8	14	2	0	0	0	0	0	0	0	0	1	
56	57	4	2	-999	-999	2	0	0	0	0	0	0	0	0	1	
57	42	8	0	8	14	2	0	0	0	0	0	0	0	0	1	
58	43	8	12	6	16	2	0	0	0	0	0	0	0	0	1	
59	34	0	14	-999	-999	2	0	0	0	0	0	0	0	0	1	
60	34	0	10	-999	-999	2	0	0	0	0	0	0	0	0	1	
61	39	10	6	8	16	2	0	0	0	0	0	0	0	0	1	
62	43	0	8	8	14	2	0	0	0	0	0	0	0	0	1	
63	34	4	8	-999	-999	3	0	0	0	0	0	0	0	0	1	
64	55	4	14	-999	-999	2	0	0	0	0	0	0	0	0	1	
65	43	12	0	8	14	2	0	0	0	0	0	0	0	0	1	
66	43	12	12	8	16	2	0	0	0	0	0	0	0	0	1	
67	34	4	6	8	14	2	0	0	0	0	0	0	0	0	1	
68	43	0	10	8	14	2	0	0	0	0	0	0	0	0	1	
69	0	2	12	-999	-999	2	0	2	1	0	0	0	0	0	1	
70	15	4	10	-999	-999	3	100000	0	0	0	0	0	0	0	1	
71	0	2	4	-999	-999	2	0	2	1	0	0	0	0	0	1	
72	0	2	6	-999	-999	2	0	2	1	0	0	0	0	0	1	
73	56	6	12	-999	-999	2	0	0	0	0	0	0	0	0	1	
74	34	0	2	-999	-999	2	0	0	0	0	0	0	0	0	1	
75	34	0	4	-999	-999	2	0	0	0	0	0	0	0	0	1	
76	39	8	2	8	14	2	0	0	0	0	0	0	0	0	1	
77	40	8	18	-999	-999	2	0	0	0	0	0	0	0	0	1	
78	32	6	16	-999	-999	2	0	0	0	0	0	0	0	0	1	
80	80	133	133	128	128	131	131	112	112	81	81	115	115	
80	80	133	133	128	128	131	131	112	112	81	81	115	115	
97	97	273	273	317	317	NULL	271	271	NULL	NULL	NULL	89	89	
97	97	273	273	317	317	NULL	271	271	NULL	NULL	NULL	89	89	
119	119	272	272	NULL	269	269	270	270	NULL	NULL	NULL	130	130	
119	119	272	272	NULL	269	269	270	270	NULL	NULL	NULL	130	130	
125	125	117	117	NULL	NULL	NULL	NULL	NULL	NULL	82	82	53	53	
125	125	117	117	274	274	316	316	129	129	82	82	53	53	
34	34	NULL	NULL	274	274	316	316	129	129	NULL	NULL	124	124	
34	34	NULL	NULL	NULL	NULL	NULL	NULL	NULL	NULL	NULL	NULL	124	124	
121	121	NULL	NULL	NULL	NULL	NULL	NULL	NULL	NULL	NULL	NULL	123	123	
121	121	NULL	NULL	NULL	NULL	NULL	NULL	NULL	NULL	NULL	NULL	123	123	
99	99	114	114	132	132	116	116	58	58	126	126	118	118	
99	99	114	114	132	132	116	116	58	58	126	126	118	118	
79	43	12	12	8	14	2	0	0	0	0	0	0	0	0	1	
80	43	0	0	6	16	2	0	0	0	0	0	0	0	0	1	
81	43	10	0	6	16	2	0	0	0	0	0	0	0	0	1	
82	39	10	6	6	16	2	0	0	0	0	0	0	0	0	1	
83	39	6	6	8	16	2	0	0	0	0	0	0	0	0	1	
84	39	4	4	8	14	2	0	0	0	0	0	0	0	0	1	
85	39	6	4	8	16	2	0	0	0	0	0	0	0	0	1	
86	39	2	6	8	16	2	0	0	0	0	0	0	0	0	1	
87	39	8	4	8	14	2	0	0	0	0	0	0	0	0	1	
88	43	0	4	8	14	2	0	0	0	0	0	0	0	0	1	
89	43	12	2	6	16	2	0	0	0	0	0	0	0	0	1	
90	43	6	0	8	14	2	0	0	0	0	0	0	0	0	1	
91	39	8	6	8	16	2	0	0	0	0	0	0	0	0	1	
92	43	8	12	8	14	2	0	0	0	0	0	0	0	0	1	
93	58	6	8	8	12	2	0	0	0	0	0	0	0	0	1	
94	43	12	8	8	14	2	0	0	0	0	0	0	0	0	1	
95	43	0	0	8	16	2	0	0	0	0	0	0	0	0	1	
96	43	0	12	8	14	2	0	0	0	0	0	0	0	0	1	
97	43	0	2	6	16	2	0	0	0	0	0	0	0	0	1	
98	43	12	10	8	16	2	0	0	0	0	0	0	0	0	1	
99	43	0	12	6	16	2	0	0	0	0	0	0	0	0	1	
100	43	2	12	8	14	2	0	0	0	0	0	0	0	0	1	
101	43	10	0	8	14	2	0	0	0	0	0	0	0	0	1	
102	43	0	6	8	14	2	0	0	0	0	0	0	0	0	1	
103	42	6	12	8	14	2	0	0	0	0	0	0	0	0	1	
104	43	12	10	8	14	2	0	0	0	0	0	0	0	0	1	
105	43	0	0	8	14	2	0	0	0	0	0	0	0	0	1	
106	43	12	6	8	14	2	0	0	0	0	0	0	0	0	1	
107	39	4	6	8	16	3	0	0	0	0	0	0	0	0	1	
108	32	8	14	-999	-999	2	0	0	0	0	0	0	0	0	1	
105	105	109	109	111	111	90	90	57	57	101	101	65	65	
105	105	109	109	111	111	90	90	57	57	101	101	65	65	
110	110	NULL	NULL	113	113	NULL	NULL	76	76	NULL	NULL	55	55	
110	110	NULL	NULL	113	113	NULL	NULL	76	76	NULL	NULL	55	55	
88	88	NULL	NULL	84	84	NULL	NULL	87	87	NULL	NULL	47	47	
88	88	NULL	NULL	84	84	NULL	NULL	87	87	NULL	NULL	47	47	
102	102	NULL	NULL	67	67	36	36	38	38	NULL	NULL	106	106	
102	102	NULL	NULL	67	67	36	36	38	38	NULL	NULL	106	106	
62	62	NULL	NULL	NULL	NULL	120	120	NULL	NULL	NULL	NULL	94	94	
62	62	NULL	NULL	NULL	NULL	120	120	NULL	NULL	NULL	NULL	94	94	
68	68	NULL	NULL	NULL	NULL	43	43	NULL	NULL	NULL	NULL	104	104	
68	68	NULL	NULL	NULL	NULL	43	43	NULL	NULL	NULL	NULL	104	104	
96	96	100	100	39	39	103	103	92	92	40	40	79	79	
96	96	100	100	39	39	103	103	92	92	40	40	79	79	
109	43	2	0	8	14	2	0	0	0	0	0	0	0	0	1	
110	43	0	2	8	14	2	0	0	0	0	0	0	0	0	1	
111	42	4	0	8	14	2	0	0	0	0	0	0	0	0	1	
112	43	8	0	6	16	2	0	0	0	0	0	0	0	0	1	
113	39	4	2	8	14	2	0	0	0	0	0	0	0	0	1	
114	43	2	12	6	16	2	0	0	0	0	0	0	0	0	1	
115	43	12	0	6	16	2	0	0	0	0	0	0	0	0	1	
116	43	6	12	6	16	2	0	0	0	0	0	0	0	0	1	
117	39	2	6	6	16	2	0	0	0	0	0	0	0	0	1	
118	43	12	12	6	16	2	0	0	0	0	0	0	0	0	1	
119	43	0	4	6	16	2	0	0	0	0	0	0	0	0	1	
120	39	6	8	8	14	4	0	0	0	0	0	0	0	0	1	
121	43	0	10	6	16	2	0	0	0	0	0	0	0	0	1	
122	39	8	10	8	12	2	0	0	0	0	0	0	0	0	1	
123	43	12	10	6	16	2	0	0	0	0	0	0	0	0	1	
124	43	12	8	6	16	2	0	0	0	0	0	0	0	0	1	
125	42	0	6	6	16	0	0	0	0	0	0	0	0	0	1	
126	43	10	12	6	16	2	0	0	0	0	0	0	0	0	1	
127	39	6	2	8	16	2	0	0	0	0	0	0	0	0	1	
128	43	4	0	6	16	2	0	0	0	0	0	0	0	0	1	
129	39	8	7	6	16	2	0	0	0	0	0	0	0	0	1	
130	43	12	4	6	16	2	0	0	0	0	0	0	0	0	1	
131	42	6	0	6	16	4	0	0	0	0	0	0	0	0	1	
132	43	4	12	6	16	2	0	0	0	0	0	0	0	0	1	
133	42	2	0	6	16	2	0	0	0	0	0	0	0	0	1	
134	32	10	12	-999	-999	2	0	0	0	0	0	0	0	0	1	
158	158	153	153	149	149	145	145	141	141	137	137	156	156	
158	158	153	153	149	149	145	145	141	141	137	137	156	156	
154	154	175	175	174	174	173	173	172	172	171	171	152	152	
154	154	175	175	174	174	173	173	172	172	171	171	152	152	
150	150	170	170	NULL	NULL	NULL	NULL	NULL	NULL	169	169	148	148	
150	150	170	170	NULL	NULL	NULL	NULL	NULL	NULL	169	169	148	148	
146	146	168	168	167	167	166	166	NULL	NULL	165	165	144	144	
146	146	168	168	167	167	166	166	NULL	NULL	165	165	144	144	
142	142	164	164	NULL	NULL	163	163	NULL	NULL	162	162	140	140	
142	142	164	164	NULL	NULL	163	163	NULL	NULL	162	162	140	140	
138	138	161	161	NULL	NULL	160	160	NULL	NULL	159	159	136	136	
138	138	161	161	NULL	NULL	160	160	NULL	NULL	159	159	136	136	
157	157	151	151	147	147	143	143	139	139	135	135	155	155	
157	157	151	151	147	147	143	143	139	139	135	135	155	155	
135	42	10	12	10	12	2	0	0	0	0	0	0	0	0	1	
136	43	12	10	10	12	2	0	0	0	0	0	0	0	0	1	
137	43	10	0	10	12	2	0	0	0	0	0	0	0	0	1	
138	43	0	10	10	12	2	0	0	0	0	0	0	0	0	1	
139	43	8	12	10	12	2	0	0	0	0	0	0	0	0	1	
140	43	12	8	10	12	2	0	0	0	0	0	0	0	0	1	
141	43	8	0	10	12	2	0	0	0	0	0	0	0	0	1	
142	43	0	8	10	12	2	0	0	0	0	0	0	0	0	1	
143	42	6	12	10	12	2	0	0	0	0	0	0	0	0	1	
144	43	12	6	10	12	2	0	0	0	0	0	0	0	0	1	
145	43	6	0	10	12	2	0	0	0	0	0	0	0	0	1	
146	42	0	6	10	12	2	0	0	0	0	0	0	0	0	1	
147	43	4	12	10	12	2	0	0	0	0	0	0	0	0	1	
148	43	12	4	10	12	2	0	0	0	0	0	0	0	0	1	
149	43	4	0	10	12	2	0	0	0	0	0	0	0	0	1	
150	43	0	4	10	12	2	0	0	0	0	0	0	0	0	1	
151	42	2	12	10	12	2	0	0	0	0	0	0	0	0	1	
152	43	12	2	10	12	2	0	0	0	0	0	0	0	0	1	
153	43	2	0	10	12	2	0	0	0	0	0	0	0	0	1	
154	43	0	2	10	12	2	0	0	0	0	0	0	0	0	1	
155	43	12	12	10	12	2	0	0	0	0	0	0	0	0	1	
156	43	12	0	10	12	2	0	0	0	0	0	0	0	0	1	
157	43	0	12	10	12	2	0	0	0	0	0	0	0	0	1	
158	43	0	0	10	12	2	0	0	0	0	0	0	0	0	1	
159	37	10	10	10	12	2	0	0	0	0	0	0	0	0	1	
160	37	6	10	10	12	2	0	0	0	0	0	0	0	0	1	
161	39	2	10	10	12	2	0	0	0	0	0	0	0	0	1	
162	37	10	8	10	12	2	0	0	0	0	0	0	0	0	1	
163	37	6	8	10	12	2	0	0	0	0	0	0	0	0	1	
164	39	2	8	10	12	4	0	0	0	0	0	0	0	0	1	
165	37	10	6	10	12	2	0	0	0	0	0	0	0	0	1	
166	37	6	6	10	12	2	0	0	0	0	0	0	0	0	1	
167	37	4	6	10	12	3	0	0	0	0	0	0	0	0	1	
168	5	2	6	10	12	2	0	0	0	0	0	0	0	0	1	
169	37	10	4	10	12	2	0	0	0	0	0	0	0	0	1	
170	39	2	4	10	12	2	0	0	0	0	0	0	0	0	1	
171	37	10	2	10	12	2	0	0	0	0	0	0	0	0	1	
172	37	8	2	10	12	2	0	0	0	0	0	0	0	0	1	
173	37	6	2	10	12	2	0	0	0	0	0	0	0	0	1	
174	37	4	2	10	12	2	0	0	0	0	0	0	0	0	1	
175	39	2	2	10	12	2	0	0	0	0	0	0	0	0	1	
176	32	10	16	-999	-999	2	0	0	0	0	0	0	0	0	1	
198	198	179	179	183	183	187	187	191	191	195	195	200	200	
198	198	179	179	183	183	187	187	191	191	195	195	200	200	
194	194	209	209	NULL	NULL	210	210	NULL	NULL	211	211	196	196	
194	194	209	209	NULL	NULL	210	210	NULL	NULL	211	211	196	196	
190	190	206	206	NULL	NULL	207	207	NULL	NULL	208	208	192	192	
190	190	206	206	NULL	NULL	207	207	NULL	NULL	208	208	192	192	
186	186	201	201	202	202	203	203	204	204	205	205	188	188	
186	186	201	201	202	202	203	203	204	204	205	205	188	188	
182	182	NULL	NULL	NULL	NULL	NULL	NULL	NULL	NULL	NULL	NULL	184	184	
182	182	NULL	NULL	NULL	NULL	NULL	NULL	NULL	NULL	NULL	NULL	184	184	
178	178	NULL	NULL	NULL	NULL	NULL	NULL	NULL	NULL	NULL	NULL	180	180	
178	178	NULL	NULL	NULL	NULL	NULL	NULL	NULL	NULL	NULL	NULL	180	180	
197	197	177	177	181	181	185	185	189	189	193	193	199	199	
197	197	177	177	181	181	185	185	189	189	193	193	199	199	
177	43	2	12	10	16	2	0	0	0	0	0	0	0	0	1	
178	43	0	10	10	16	2	0	0	0	0	0	0	0	0	1	
179	42	2	0	10	16	2	0	0	0	0	0	0	0	0	1	
180	43	12	10	10	16	2	0	0	0	0	0	0	0	0	1	
181	43	4	12	10	16	2	0	0	0	0	0	0	0	0	1	
182	43	0	8	10	16	2	0	0	0	0	0	0	0	0	1	
183	43	4	0	10	16	2	0	0	0	0	0	0	0	0	1	
184	43	12	8	10	16	2	0	0	0	0	0	0	0	0	1	
185	43	6	12	10	16	2	0	0	0	0	0	0	0	0	1	
186	42	0	6	10	16	4	0	0	0	0	0	0	0	0	1	
187	42	6	0	10	16	2	0	0	0	0	0	0	0	0	1	
188	43	12	6	10	16	2	0	0	0	0	0	0	0	0	1	
189	43	8	12	10	16	2	0	0	0	0	0	0	0	0	1	
190	43	0	4	10	16	2	0	0	0	0	0	0	0	0	1	
191	43	8	0	10	16	2	0	0	0	0	0	0	0	0	1	
192	43	12	4	10	16	2	0	0	0	0	0	0	0	0	1	
193	43	10	12	10	16	2	0	0	0	0	0	0	0	0	1	
194	43	0	2	10	16	2	0	0	0	0	0	0	0	0	1	
195	42	10	0	10	16	2	0	0	0	0	0	0	0	0	1	
196	43	12	2	10	16	2	0	0	0	0	0	0	0	0	1	
197	43	0	12	10	16	2	0	0	0	0	0	0	0	0	1	
198	43	0	0	10	16	2	0	0	0	0	0	0	0	0	1	
199	43	12	12	10	16	2	0	0	0	0	0	0	0	0	1	
200	43	12	0	10	16	2	0	0	0	0	0	0	0	0	1	
201	39	2	6	10	16	2	0	0	0	0	0	0	0	0	1	
202	39	4	6	10	16	3	0	0	0	0	0	0	0	0	1	
203	39	6	6	10	16	2	0	0	0	0	0	0	0	0	1	
204	39	8	6	10	16	2	0	0	0	0	0	0	0	0	1	
205	39	10	6	10	16	2	0	0	0	0	0	0	0	0	1	
206	39	2	4	10	16	2	0	0	0	0	0	0	0	0	1	
207	39	6	4	10	16	2	0	0	0	0	0	0	0	0	1	
208	39	10	4	10	16	2	0	0	0	0	0	0	0	0	1	
209	39	2	2	10	16	2	0	0	0	0	0	0	0	0	1	
210	39	6	2	10	16	2	0	0	0	0	0	0	0	0	1	
211	39	10	2	10	16	2	0	0	0	0	0	0	0	0	1	
212	32	10	14	-999	-999	2	0	0	0	0	0	0	0	0	1	
233	233	213	213	217	217	221	221	225	225	229	229	235	235	
233	233	213	213	217	217	221	221	225	225	229	229	235	235	
214	214	237	237	NULL	NULL	238	238	NULL	NULL	239	239	216	216	
214	214	237	237	NULL	NULL	238	238	NULL	NULL	239	239	216	216	
218	218	240	240	NULL	NULL	241	241	NULL	NULL	242	242	220	220	
218	218	240	240	NULL	NULL	241	241	NULL	NULL	242	242	220	220	
222	222	243	243	NULL	NULL	245	245	NULL	NULL	244	244	224	224	
222	222	243	243	NULL	NULL	245	245	NULL	NULL	244	244	224	224	
226	226	246	246	NULL	NULL	249	249	NULL	NULL	250	250	228	228	
226	226	246	246	NULL	NULL	249	249	NULL	NULL	250	250	228	228	
230	230	247	247	NULL	NULL	248	248	NULL	NULL	251	251	232	232	
230	230	247	247	NULL	NULL	248	248	NULL	NULL	251	251	232	232	
234	234	215	215	219	219	223	223	227	227	231	231	236	236	
234	234	215	215	219	219	223	223	227	227	231	231	236	236	
213	42	2	0	10	14	2	0	0	0	0	0	0	0	0	1	
214	43	0	2	10	14	2	0	0	0	0	0	0	0	0	1	
215	42	2	12	10	14	2	0	0	0	0	0	0	0	0	1	
216	43	12	2	10	14	2	0	0	0	0	0	0	0	0	1	
217	43	4	0	10	14	2	0	0	0	0	0	0	0	0	1	
218	43	0	4	10	14	2	0	0	0	0	0	0	0	0	1	
219	43	4	12	10	14	2	0	0	0	0	0	0	0	0	1	
220	43	12	4	10	14	2	0	0	0	0	0	0	0	0	1	
221	42	6	0	10	14	2	0	0	0	0	0	0	0	0	1	
222	43	0	6	10	14	2	0	0	0	0	0	0	0	0	1	
223	42	6	12	10	14	2	0	0	0	0	0	0	0	0	1	
224	43	12	6	10	14	2	0	0	0	0	0	0	0	0	1	
225	43	8	0	10	14	2	0	0	0	0	0	0	0	0	1	
226	43	0	8	10	14	2	0	0	0	0	0	0	0	0	1	
227	43	8	12	10	14	2	0	0	0	0	0	0	0	0	1	
228	43	12	8	10	14	2	0	0	0	0	0	0	0	0	1	
229	42	10	0	10	14	2	0	0	0	0	0	0	0	0	1	
230	43	0	10	10	14	2	0	0	0	0	0	0	0	0	1	
231	42	10	12	10	14	2	0	0	0	0	0	0	0	0	1	
232	43	12	10	10	14	2	0	0	0	0	0	0	0	0	1	
233	43	0	0	10	14	2	0	0	0	0	0	0	0	0	1	
234	43	0	12	10	14	2	0	0	0	0	0	0	0	0	1	
235	43	12	0	10	14	2	0	0	0	0	0	0	0	0	1	
236	43	12	12	10	14	2	0	0	0	0	0	0	0	0	1	
237	39	2	2	10	14	2	0	0	0	0	0	0	0	0	1	
238	39	6	2	10	14	2	0	0	0	0	0	0	0	0	1	
239	39	10	2	10	14	2	0	0	0	0	0	0	0	0	1	
240	39	2	4	10	14	2	0	0	0	0	0	0	0	0	1	
241	39	6	4	10	14	2	0	0	0	0	0	0	0	0	1	
242	39	10	4	10	14	2	0	0	0	0	0	0	0	0	1	
243	39	2	6	10	14	2	0	0	0	0	0	0	0	0	1	
244	39	10	6	10	14	2	0	0	0	0	0	0	0	0	1	
245	39	6	6	10	14	2	0	0	0	0	0	0	0	0	1	
246	39	2	8	10	14	2	0	0	0	0	0	0	0	0	1	
247	39	2	10	10	14	2	0	0	0	0	0	0	0	0	1	
248	39	6	10	10	14	2	0	0	0	0	0	0	0	0	1	
249	39	6	8	10	14	2	0	0	0	0	0	0	0	0	1	
250	39	10	8	10	14	2	0	0	0	0	0	0	0	0	1	
251	39	10	10	10	14	2	0	0	0	0	0	0	0	0	1	
252	32	8	16	-999	-999	2	0	0	0	0	0	0	0	0	1	
95	95	253	253	257	257	261	261	265	265	29	29	51	51	
95	95	253	253	257	257	261	261	265	265	29	29	51	51	
254	254	NULL	NULL	NULL	NULL	127	127	NULL	NULL	NULL	NULL	256	256	
254	254	NULL	NULL	NULL	NULL	127	127	NULL	NULL	NULL	NULL	256	256	
258	258	NULL	NULL	NULL	NULL	85	85	NULL	NULL	NULL	NULL	260	260	
258	258	NULL	NULL	NULL	NULL	85	85	NULL	NULL	NULL	NULL	260	260	
262	262	86	86	107	107	83	83	91	91	61	61	264	264	
262	262	86	86	107	107	83	83	91	91	61	61	264	264	
266	266	NULL	NULL	NULL	NULL	NULL	NULL	NULL	NULL	NULL	NULL	268	268	
266	266	NULL	NULL	NULL	NULL	NULL	NULL	NULL	NULL	NULL	NULL	268	268	
7	7	NULL	NULL	NULL	NULL	NULL	NULL	NULL	NULL	NULL	NULL	98	98	
7	7	NULL	NULL	NULL	NULL	NULL	NULL	NULL	NULL	NULL	NULL	98	98	
35	35	255	255	259	259	263	263	267	267	42	42	66	66	
35	35	255	255	259	259	263	263	267	267	42	42	66	66	
253	43	2	0	8	16	2	0	0	0	0	0	0	0	0	1	
254	43	0	2	8	16	2	0	0	0	0	0	0	0	0	1	
255	43	2	12	8	16	2	0	0	0	0	0	0	0	0	1	
256	43	12	2	8	16	2	0	0	0	0	0	0	0	0	1	
257	43	4	0	8	16	2	0	0	0	0	0	0	0	0	1	
258	43	0	4	8	16	2	0	0	0	0	0	0	0	0	1	
259	43	4	12	8	16	2	0	0	0	0	0	0	0	0	1	
260	43	12	4	8	16	2	0	0	0	0	0	0	0	0	1	
261	42	6	0	8	16	2	0	0	0	0	0	0	0	0	1	
262	42	0	6	8	16	2	0	0	0	0	0	0	0	0	1	
263	43	6	12	8	16	2	0	0	0	0	0	0	0	0	1	
264	42	12	6	8	16	2	0	0	0	0	0	0	0	0	1	
265	43	8	0	8	16	2	0	0	0	0	0	0	0	0	1	
266	43	0	8	8	16	2	0	0	0	0	0	0	0	0	1	
267	43	8	12	8	16	2	0	0	0	0	0	0	0	0	1	
268	43	12	8	8	16	2	0	0	0	0	0	0	0	0	1	
269	39	5	4	6	16	2	0	0	0	0	0	0	0	0	1	
270	34	7	4	6	16	2	0	0	0	0	0	0	0	0	1	
271	77	7	2	6	16	2	0	0	0	0	0	0	0	0	1	
272	0	2	4	6	16	2	0	2	1	0	0	0	0	0	1	
273	64	2	2	6	16	3	0	0	0	0	0	0	0	0	1	
274	78	4	7	6	16	2	0	0	0	0	0	0	0	0	1	
275	32	6	14	-999	-999	2	0	0	0	0	0	0	0	0	1	
285	285	290	290	297	297	309	309	291	291	287	287	301	301	
285	285	290	290	297	297	309	309	291	291	287	287	301	301	
289	289	288	288	284	284	280	280	276	276	296	296	302	302	
289	289	288	288	284	284	280	280	276	276	296	296	302	302	
293	293	298	298	NULL	NULL	NULL	NULL	NULL	NULL	292	292	306	306	
293	293	298	298	NULL	NULL	NULL	NULL	NULL	NULL	292	292	306	306	
308	308	322	322	NULL	NULL	NULL	NULL	NULL	NULL	277	277	321	321	
308	308	322	322	NULL	NULL	NULL	NULL	NULL	NULL	277	277	321	321	
278	278	304	304	NULL	NULL	NULL	NULL	NULL	NULL	303	303	295	295	
278	278	304	304	NULL	NULL	NULL	NULL	NULL	NULL	303	303	295	295	
294	294	314	314	NULL	NULL	281	281	279	279	305	305	286	286	
294	294	314	314	NULL	NULL	281	281	279	279	305	305	286	286	
313	313	299	299	282	282	307	307	311	311	300	300	283	283	
313	313	299	299	282	282	307	307	311	311	300	300	283	283	
276	35	8	2	6	14	2	0	0	0	0	0	0	0	0	1	
277	60	10	6	6	14	2	0	0	0	0	0	0	0	0	1	
278	43	0	8	6	14	2	0	0	0	0	0	0	0	0	1	
279	35	8	10	6	14	2	0	0	0	0	0	0	0	0	1	
280	35	6	2	6	14	2	0	0	0	0	0	0	0	0	1	
281	35	6	10	6	14	2	0	0	0	0	0	0	0	0	1	
282	43	4	12	6	14	2	0	0	0	0	0	0	0	0	1	
283	43	12	12	6	14	2	0	0	0	0	0	0	0	0	1	
284	60	4	2	6	14	2	0	0	0	0	0	0	0	0	1	
285	43	0	0	6	14	2	0	0	0	0	0	0	0	0	1	
286	43	12	10	6	14	2	0	0	0	0	0	0	0	0	1	
287	43	10	0	6	14	2	0	0	0	0	0	0	0	0	1	
288	62	2	2	6	14	2	0	0	0	0	0	0	0	0	1	
289	43	0	2	6	14	2	0	0	0	0	0	0	0	0	1	
290	43	2	0	6	14	2	0	0	0	0	0	0	0	0	1	
291	43	8	0	6	14	2	0	0	0	0	0	0	0	0	1	
292	35	10	4	6	14	2	0	0	0	0	0	0	0	0	1	
293	43	0	4	6	14	2	0	0	0	0	0	0	0	0	1	
294	43	0	10	6	14	2	0	0	0	0	0	0	0	0	1	
295	43	12	8	6	14	2	0	0	0	0	0	0	0	0	1	
296	35	10	2	6	14	2	0	0	0	0	0	0	0	0	1	
297	43	4	0	6	14	2	0	0	0	0	0	0	0	0	1	
298	35	2	4	6	14	2	0	0	0	0	0	0	0	0	1	
299	42	2	12	6	14	2	0	0	0	0	0	0	0	0	1	
300	43	10	12	6	14	2	0	0	0	0	0	0	0	0	1	
301	43	12	0	6	14	2	0	0	0	0	0	0	0	0	1	
302	43	12	2	6	14	2	0	0	0	0	0	0	0	0	1	
303	35	10	8	6	14	2	0	0	0	0	0	0	0	0	1	
304	35	2	8	6	14	2	0	0	0	0	0	0	0	0	1	
305	35	10	10	6	14	2	0	0	0	0	0	0	0	0	1	
306	43	12	4	6	14	2	0	0	0	0	0	0	0	0	1	
307	42	6	12	6	14	2	0	0	0	0	0	0	0	0	1	
308	43	0	6	6	14	2	0	0	0	0	0	0	0	0	1	
309	43	6	0	6	14	2	0	0	0	0	0	0	0	0	1	
310	39	4	10	8	12	2	0	0	0	0	0	0	0	0	1	
311	43	8	12	6	14	2	0	0	0	0	0	0	0	0	1	
312	40	10	18	-999	-999	2	0	0	0	0	0	0	0	0	1	
313	43	0	12	6	14	2	0	0	0	0	0	0	0	0	1	
314	62	2	10	6	14	2	0	0	0	0	0	0	0	0	1	
315	40	0	18	-999	-999	2	0	0	0	0	0	0	0	0	1	
316	78	6	7	6	16	2	0	0	0	0	0	0	0	0	1	
317	64	4	2	6	16	3	0	0	0	0	0	0	0	0	1	
318	40	2	14	-999	-999	2	0	0	0	0	0	0	0	0	1	
319	40	12	18	-999	-999	2	0	0	0	0	0	0	0	0	1	
320	53	8	6	8	12	2	0	0	0	0	0	0	0	0	1	
321	43	12	6	6	14	2	0	0	0	0	0	0	0	0	1	
322	35	2	6	6	14	2	0	0	0	0	0	0	0	0	1	
323	0	8	0	-999	-999	2	0	2	1	0	0	0	0	0	1	
324	40	4	18	-999	-999	2	0	0	0	0	0	0	0	0	1	
325	40	2	18	-999	-999	2	0	0	0	0	0	0	0	0	1	
326	40	12	16	-999	-999	2	0	0	0	0	0	0	0	0	1	
327	40	0	0	-999	-999	2	0	0	0	0	0	0	0	0	1	
328	40	2	0	-999	-999	2	0	0	0	0	0	0	0	0	1	
329	40	4	0	-999	-999	2	0	0	0	0	0	0	0	0	1	
330	40	6	0	-999	-999	2	0	0	0	0	0	0	0	0	1	
331	40	6	2	-999	-999	2	0	0	0	0	0	0	0	0	1	
332	40	6	4	-999	-999	2	0	0	0	0	0	0	0	0	1	
333	40	6	6	-999	-999	2	0	0	0	0	0	0	0	0	1	
334	40	6	8	-999	-999	2	0	0	0	0	0	0	0	0	1	
335	40	6	10	-999	-999	2	0	0	0	0	0	0	0	0	1	
336	40	8	10	-999	-999	2	0	0	0	0	0	0	0	0	1	
337	40	10	10	-999	-999	2	0	0	0	0	0	0	0	0	1	
338	40	12	10	-999	-999	2	0	0	0	0	0	0	0	0	1	
339	40	12	12	-999	-999	2	0	0	0	0	0	0	0	0	1	
340	40	12	14	-999	-999	2	0	0	0	0	0	0	0	0	1	
341	40	6	18	-999	-999	2	0	0	0	0	0	0	0	0	1	
327	327	328	328	329	329	330	330	323	323	NULL	NULL	NULL	NULL	NULL	NULL	NULL	NULL	NULL	NULL	NULL	NULL	NULL	NULL	
327	327	328	328	329	329	330	330	323	323	NULL	NULL	NULL	NULL	NULL	NULL	NULL	NULL	NULL	NULL	NULL	NULL	NULL	NULL	
74	74	37	37	56	56	331	331	NULL	NULL	NULL	NULL	NULL	NULL	NULL	NULL	NULL	NULL	NULL	NULL	NULL	NULL	NULL	NULL	
74	74	37	37	56	56	331	331	NULL	NULL	NULL	NULL	NULL	NULL	NULL	NULL	NULL	NULL	NULL	NULL	NULL	NULL	NULL	NULL	
75	75	71	71	48	48	332	332	NULL	NULL	NULL	NULL	NULL	NULL	NULL	NULL	NULL	NULL	NULL	NULL	NULL	NULL	NULL	NULL	
75	75	71	71	48	48	332	332	NULL	NULL	NULL	NULL	NULL	NULL	NULL	NULL	NULL	NULL	NULL	NULL	NULL	NULL	NULL	NULL	
49	49	72	72	52	52	333	333	NULL	NULL	NULL	NULL	NULL	NULL	NULL	NULL	NULL	NULL	NULL	NULL	NULL	NULL	NULL	NULL	
49	49	72	72	52	52	333	333	NULL	NULL	NULL	NULL	NULL	NULL	NULL	NULL	NULL	NULL	NULL	NULL	NULL	NULL	NULL	NULL	
41	41	45	45	63	63	334	334	NULL	NULL	NULL	NULL	NULL	NULL	NULL	NULL	NULL	NULL	NULL	NULL	NULL	NULL	NULL	NULL	
41	41	45	45	63	63	334	334	NULL	NULL	NULL	NULL	NULL	NULL	NULL	NULL	NULL	NULL	NULL	NULL	NULL	NULL	NULL	NULL	
60	60	50	50	70	70	335	335	336	336	337	337	338	338	NULL	NULL	NULL	NULL	NULL	NULL	NULL	NULL	NULL	NULL	
60	60	50	50	70	70	335	335	336	336	337	337	338	338	NULL	NULL	NULL	NULL	NULL	NULL	NULL	NULL	NULL	NULL	
46	46	69	69	54	54	73	73	30	30	134	134	339	339	NULL	NULL	NULL	NULL	NULL	NULL	NULL	NULL	NULL	NULL	
46	46	69	69	54	54	73	73	30	30	134	134	339	339	NULL	NULL	NULL	NULL	NULL	NULL	NULL	NULL	NULL	NULL	
59	59	318	318	64	64	275	275	108	108	212	212	340	340	NULL	NULL	NULL	NULL	NULL	NULL	NULL	NULL	NULL	NULL	
59	59	318	318	64	64	275	275	108	108	212	212	340	340	NULL	NULL	NULL	NULL	NULL	NULL	NULL	NULL	NULL	NULL	
4	4	0	0	44	44	78	78	252	252	176	176	326	326	NULL	NULL	NULL	NULL	NULL	NULL	NULL	NULL	NULL	NULL	
4	4	0	0	44	44	78	78	252	252	176	176	326	326	NULL	NULL	NULL	NULL	NULL	NULL	NULL	NULL	NULL	NULL	
315	315	325	325	324	324	341	341	77	77	312	312	319	319	NULL	NULL	NULL	NULL	NULL	NULL	NULL	NULL	NULL	NULL	
315	315	325	325	324	324	341	341	77	77	312	312	319	319	NULL	NULL	NULL	NULL	NULL	NULL	NULL	NULL	NULL	NULL	
NULL	NULL	NULL	NULL	NULL	NULL	NULL	NULL	NULL	NULL	NULL	NULL	NULL	NULL	NULL	NULL	NULL	NULL	NULL	NULL	NULL	NULL	NULL	NULL	
NULL	NULL	NULL	NULL	NULL	NULL	NULL	NULL	NULL	NULL	NULL	NULL	NULL	NULL	NULL	NULL	NULL	NULL	NULL	NULL	NULL	NULL	NULL	NULL	
NULL	NULL	NULL	NULL	NULL	NULL	NULL	NULL	NULL	NULL	NULL	NULL	NULL	NULL	NULL	NULL	NULL	NULL	NULL	NULL	NULL	NULL	NULL	NULL	
NULL	NULL	NULL	NULL	NULL	NULL	NULL	NULL	NULL	NULL	NULL	NULL	NULL	NULL	NULL	NULL	NULL	NULL	NULL	NULL	NULL	NULL	NULL	NULL	
