231
0	39	10	9	19	2	2	0	0	0	0	0	0	0	0	
1	43	12	0	7	10	2	0	0	0	0	0	0	0	0	
2	39	2	9	19	2	2	0	0	0	0	0	0	0	0	
3	37	6	8	19	2	4	0	0	0	0	0	0	0	0	
4	43	0	10	7	10	2	0	0	0	0	0	0	0	0	
5	37	6	8	7	10	2	0	0	0	0	0	0	0	0	
6	43	4	0	7	10	2	0	0	0	0	0	0	0	0	
7	37	6	6	19	2	2	0	0	0	0	0	0	0	0	
8	42	12	6	7	10	2	0	0	0	0	0	0	0	0	
9	37	6	4	19	2	2	0	0	0	0	0	0	0	0	
10	43	12	12	7	10	2	0	0	0	0	0	0	0	0	
11	43	12	10	7	10	2	0	0	0	0	0	0	0	0	
12	43	12	8	7	10	2	0	0	0	0	0	0	0	0	
13	32	15	10	-999	-999	2	0	0	0	0	0	0	0	0	
179	179	169	169	108	108	41	41	134	134	198	198	67	67	
179	179	169	169	108	108	41	41	134	134	198	198	67	67	
202	202	NULL	NULL	23	23	184	184	156	156	NULL	NULL	207	207	
202	202	228	228	23	23	184	184	156	156	125	125	207	207	
113	113	228	228	NULL	NULL	193	193	NULL	NULL	125	125	209	209	
113	113	48	48	NULL	NULL	193	193	NULL	NULL	98	98	209	209	
39	39	48	48	NULL	NULL	157	157	NULL	NULL	98	98	200	200	
39	39	NULL	NULL	NULL	NULL	157	157	NULL	NULL	NULL	NULL	200	200	
222	222	NULL	NULL	NULL	NULL	172	172	NULL	NULL	NULL	NULL	188	188	
222	222	NULL	NULL	NULL	NULL	172	172	NULL	NULL	NULL	NULL	188	188	
129	129	NULL	NULL	NULL	NULL	110	110	NULL	NULL	NULL	NULL	161	161	
129	129	NULL	NULL	NULL	NULL	110	110	NULL	NULL	NULL	NULL	161	161	
106	106	122	122	56	56	114	114	206	206	103	103	174	174	
106	106	122	122	56	56	114	114	206	206	103	103	174	174	
14	37	6	6	7	10	2	0	0	0	0	0	0	0	0	
15	37	6	2	11	2	2	0	0	0	0	0	0	0	0	
16	39	10	9	3	2	2	0	0	0	0	0	0	0	0	
17	43	10	12	11	2	2	0	0	0	0	0	0	0	0	
18	37	6	6	3	2	2	0	0	0	0	0	0	0	0	
19	43	8	12	11	2	2	0	0	0	0	0	0	0	0	
20	16	3	6	-999	-999	2	100000	0	0	0	0	0	0	0	
21	42	12	6	19	2	2	0	0	0	0	0	0	0	0	
22	43	12	8	11	2	2	0	0	0	0	0	0	0	0	
23	39	4	2	15	10	2	0	0	0	0	0	0	0	0	
24	39	8	10	3	2	2	0	0	0	0	0	0	0	0	
25	37	6	4	7	10	4	0	0	0	0	0	0	0	0	
26	43	0	12	19	2	2	0	0	0	0	0	0	0	0	
27	40	9	4	-999	-999	2	0	0	0	0	0	0	0	0	
28	32	11	2	-999	-999	2	0	0	0	0	0	0	0	0	
136	136	131	131	38	38	100	100	145	145	117	117	124	124	
136	136	131	131	38	38	100	100	145	145	117	117	124	124	
149	149	NULL	NULL	NULL	NULL	15	15	NULL	NULL	NULL	NULL	104	104	
149	149	NULL	NULL	NULL	NULL	15	15	NULL	NULL	NULL	NULL	104	104	
118	118	NULL	NULL	NULL	NULL	127	127	NULL	NULL	NULL	NULL	105	105	
118	118	NULL	NULL	NULL	NULL	127	127	NULL	NULL	NULL	NULL	105	105	
148	148	NULL	NULL	NULL	NULL	30	30	NULL	NULL	NULL	NULL	102	102	
148	148	115	115	NULL	NULL	30	30	NULL	NULL	128	128	102	102	
176	176	115	115	NULL	NULL	120	120	NULL	NULL	128	128	22	22	
176	176	132	132	NULL	NULL	120	120	NULL	NULL	123	123	22	22	
166	166	132	132	109	109	201	201	155	155	123	123	144	144	
166	166	NULL	NULL	109	109	201	201	155	155	NULL	NULL	144	144	
35	35	143	143	173	173	111	111	19	19	17	17	29	29	
35	35	143	143	173	173	111	111	19	19	17	17	29	29	
29	43	12	12	11	2	2	0	0	0	0	0	0	0	0	
30	37	6	6	11	2	2	0	0	0	0	0	0	0	0	
31	43	0	2	19	2	2	0	0	0	0	0	0	0	0	
32	43	10	12	7	10	2	0	0	0	0	0	0	0	0	
33	37	6	4	3	2	2	0	0	0	0	0	0	0	0	
34	42	6	12	7	10	2	0	0	0	0	0	0	0	0	
35	43	0	12	11	2	2	0	0	0	0	0	0	0	0	
36	16	11	6	-999	-999	2	100000	0	0	0	0	0	0	0	
37	37	6	8	3	2	4	0	0	0	0	0	0	0	0	
38	43	4	0	11	2	2	0	0	0	0	0	0	0	0	
39	42	0	6	15	10	2	0	0	0	0	0	0	0	0	
40	37	6	2	19	2	2	0	0	0	0	0	0	0	0	
41	42	6	0	15	10	3	0	0	0	0	0	0	0	0	
42	37	6	2	3	2	2	0	0	0	0	0	0	0	0	
43	40	9	0	-999	-999	2	0	0	0	0	0	0	0	0	
44	43	12	10	3	2	2	0	0	0	0	0	0	0	0	
45	43	12	8	19	2	2	0	0	0	0	0	0	0	0	
46	43	2	12	7	10	2	0	0	0	0	0	0	0	0	
47	39	8	10	19	2	2	0	0	0	0	0	0	0	0	
48	39	2	5	15	10	2	0	0	0	0	0	0	0	0	
49	43	10	0	19	2	2	0	0	0	0	0	0	0	0	
50	40	17	12	-999	-999	2	0	0	0	0	0	0	0	0	
51	43	12	10	19	2	2	0	0	0	0	0	0	0	0	
52	39	4	2	7	10	2	0	0	0	0	0	0	0	0	
53	43	2	0	19	2	2	0	0	0	0	0	0	0	0	
54	40	11	8	-999	-999	2	0	0	0	0	0	0	0	0	
55	43	8	0	19	2	2	0	0	0	0	0	0	0	0	
56	43	4	12	15	10	2	0	0	0	0	0	0	0	0	
57	39	2	7	3	2	2	0	0	0	0	0	0	0	0	
58	43	0	2	7	10	2	0	0	0	0	0	0	0	0	
59	43	0	4	19	2	2	0	0	0	0	0	0	0	0	
60	42	6	0	19	2	2	0	0	0	0	0	0	0	0	
61	40	13	0	-999	-999	2	0	0	0	0	0	0	0	0	
62	43	4	0	19	2	2	0	0	0	0	0	0	0	0	
63	37	6	10	3	2	2	0	0	0	0	0	0	0	0	
64	40	15	4	-999	-999	2	0	0	0	0	0	0	0	0	
65	40	9	14	-999	-999	2	0	0	0	0	0	0	0	0	
66	43	2	12	19	2	2	0	0	0	0	0	0	0	0	
67	43	12	0	15	10	2	0	0	0	0	0	0	0	0	
68	43	12	0	3	2	2	0	0	0	0	0	0	0	0	
69	43	4	12	7	10	2	0	0	0	0	0	0	0	0	
70	22	19	4	-999	-999	1	0	0	0	0	0	0	0	0	
71	40	5	4	-999	-999	2	0	0	0	0	0	0	0	0	
72	42	0	6	19	2	2	0	0	0	0	0	0	0	0	
73	40	3	8	-999	-999	2	0	0	0	0	0	0	0	0	
74	39	10	7	3	2	2	0	0	0	0	0	0	0	0	
75	22	7	8	-999	-999	1	0	0	0	0	0	0	0	0	
76	42	0	6	7	10	2	0	0	0	0	0	0	0	0	
77	43	4	12	19	2	2	0	0	0	0	0	0	0	0	
78	40	19	8	-999	-999	2	0	0	0	0	0	0	0	0	
79	40	1	4	-999	-999	2	0	0	0	0	0	0	0	0	
80	43	0	12	3	2	2	0	0	0	0	0	0	0	0	
81	40	17	4	-999	-999	2	0	0	0	0	0	0	0	0	
82	16	5	6	-999	-999	2	100000	0	0	0	0	0	0	0	
83	16	15	6	-999	-999	2	100000	0	0	0	0	0	0	0	
84	39	8	2	7	10	2	0	0	0	0	0	0	0	0	
85	40	17	14	-999	-999	2	0	0	0	0	0	0	0	0	
86	37	6	2	7	10	2	0	0	0	0	0	0	0	0	
87	16	17	6	-999	-999	2	100000	0	0	0	0	0	0	0	
88	43	8	12	7	10	2	0	0	0	0	0	0	0	0	
89	43	10	12	19	2	2	0	0	0	0	0	0	0	0	
90	16	7	6	-999	-999	2	100000	0	0	0	0	0	0	0	
91	40	7	4	-999	-999	2	0	0	0	0	0	0	0	0	
92	39	10	7	19	2	2	0	0	0	0	0	0	0	0	
93	43	12	12	3	2	2	0	0	0	0	0	0	0	0	
94	40	15	14	-999	-999	2	0	0	0	0	0	0	0	0	
95	43	0	0	3	2	2	0	0	0	0	0	0	0	0	
96	39	2	7	19	2	2	0	0	0	0	0	0	0	0	
97	43	8	12	19	2	2	0	0	0	0	0	0	0	0	
98	39	10	5	15	10	2	0	0	0	0	0	0	0	0	
99	39	10	3	7	10	2	0	0	0	0	0	0	0	0	
100	42	6	0	11	2	2	0	0	0	0	0	0	0	0	
101	43	0	0	19	2	2	0	0	0	0	0	0	0	0	
102	42	12	6	11	2	2	0	0	0	0	0	0	0	0	
103	43	10	12	15	10	2	0	0	0	0	0	0	0	0	
104	43	12	2	11	2	2	0	0	0	0	0	0	0	0	
105	43	12	4	11	2	2	0	0	0	0	0	0	0	0	
106	43	0	12	15	10	2	0	0	0	0	0	0	0	0	
107	40	5	14	-999	-999	2	0	0	0	0	0	0	0	0	
108	43	4	0	15	10	2	0	0	0	0	0	0	0	0	
109	39	4	10	11	2	2	0	0	0	0	0	0	0	0	
110	37	6	10	15	10	2	0	0	0	0	0	0	0	0	
111	42	6	12	11	2	3	0	0	0	0	0	0	0	0	
112	43	12	0	19	2	2	0	0	0	0	0	0	0	0	
113	43	0	4	15	10	2	0	0	0	0	0	0	0	0	
114	42	6	12	15	10	2	0	0	0	0	0	0	0	0	
115	39	2	7	11	2	2	0	0	0	0	0	0	0	0	
116	43	0	8	19	2	2	0	0	0	0	0	0	0	0	
117	43	10	0	11	2	2	0	0	0	0	0	0	0	0	
118	43	0	4	11	2	2	0	0	0	0	0	0	0	0	
119	40	13	14	-999	-999	2	0	0	0	0	0	0	0	0	
120	37	6	8	11	2	4	0	0	0	0	0	0	0	0	
121	39	2	9	3	2	2	0	0	0	0	0	0	0	0	
122	43	2	12	15	10	2	0	0	0	0	0	0	0	0	
123	39	10	9	11	2	2	0	0	0	0	0	0	0	0	
124	43	12	0	11	2	2	0	0	0	0	0	0	0	0	
125	39	10	3	15	10	2	0	0	0	0	0	0	0	0	
126	42	6	12	19	2	3	0	0	0	0	0	0	0	0	
127	37	6	4	11	2	2	0	0	0	0	0	0	0	0	
128	39	10	7	11	2	2	0	0	0	0	0	0	0	0	
129	43	0	10	15	10	2	0	0	0	0	0	0	0	0	
130	43	12	12	19	2	2	0	0	0	0	0	0	0	0	
131	43	2	0	11	2	2	0	0	0	0	0	0	0	0	
132	39	2	9	11	2	2	0	0	0	0	0	0	0	0	
133	32	3	2	-999	-999	2	0	0	0	0	0	0	0	0	
95	95	135	135	189	189	178	178	152	152	182	182	68	68	
95	95	135	135	189	189	178	178	152	152	182	182	68	68	
150	150	NULL	NULL	NULL	NULL	42	42	NULL	NULL	NULL	NULL	177	177	
150	150	NULL	NULL	NULL	NULL	42	42	NULL	NULL	NULL	NULL	177	177	
142	142	NULL	NULL	NULL	NULL	33	33	NULL	NULL	NULL	NULL	151	151	
142	142	NULL	NULL	NULL	NULL	33	33	NULL	NULL	NULL	NULL	151	151	
160	160	NULL	NULL	NULL	NULL	18	18	NULL	NULL	NULL	NULL	171	171	
160	160	57	57	NULL	NULL	18	18	NULL	NULL	74	74	171	171	
140	140	57	57	NULL	NULL	37	37	NULL	NULL	74	74	162	162	
140	140	121	121	NULL	NULL	37	37	NULL	NULL	16	16	162	162	
197	197	121	121	185	185	63	63	24	24	16	16	44	44	
197	197	NULL	NULL	185	185	63	63	24	24	NULL	NULL	44	44	
80	80	137	137	139	139	141	141	175	175	147	147	93	93	
80	80	137	137	139	139	141	141	175	175	147	147	93	93	
134	43	8	0	15	10	2	0	0	0	0	0	0	0	0	
135	43	2	0	3	2	2	0	0	0	0	0	0	0	0	
136	43	0	0	11	2	2	0	0	0	0	0	0	0	0	
137	43	2	12	3	2	2	0	0	0	0	0	0	0	0	
138	43	0	10	19	2	2	0	0	0	0	0	0	0	0	
139	43	4	12	3	2	2	0	0	0	0	0	0	0	0	
140	43	0	8	3	2	2	0	0	0	0	0	0	0	0	
141	42	6	12	3	2	3	0	0	0	0	0	0	0	0	
142	43	0	4	3	2	2	0	0	0	0	0	0	0	0	
143	43	2	12	11	2	2	0	0	0	0	0	0	0	0	
144	43	12	10	11	2	2	0	0	0	0	0	0	0	0	
145	43	8	0	11	2	2	0	0	0	0	0	0	0	0	
146	39	2	5	7	10	2	0	0	0	0	0	0	0	0	
147	43	10	12	3	2	2	0	0	0	0	0	0	0	0	
148	42	0	6	11	2	2	0	0	0	0	0	0	0	0	
149	43	0	2	11	2	2	0	0	0	0	0	0	0	0	
150	43	0	2	3	2	2	0	0	0	0	0	0	0	0	
151	43	12	4	3	2	2	0	0	0	0	0	0	0	0	
152	43	8	0	3	2	2	0	0	0	0	0	0	0	0	
153	43	0	8	7	10	2	0	0	0	0	0	0	0	0	
154	0	11	22	-999	-999	2	0	1	1000	0	0	0	0	0	
155	39	8	10	11	2	2	0	0	0	0	0	0	0	0	
156	39	8	2	15	10	2	0	0	0	0	0	0	0	0	
157	37	6	6	15	10	2	0	0	0	0	0	0	0	0	
158	32	7	10	-999	-999	2	0	0	0	0	0	0	0	0	
229	229	205	205	6	6	212	212	227	227	216	216	1	1	
229	229	205	205	6	6	212	212	227	227	216	216	1	1	
58	58	NULL	NULL	52	52	86	86	84	84	NULL	NULL	220	220	
58	58	218	218	52	52	86	86	84	84	99	99	220	220	
208	208	218	218	NULL	NULL	25	25	NULL	NULL	99	99	225	225	
208	208	146	146	NULL	NULL	25	25	NULL	NULL	199	199	225	225	
76	76	146	146	NULL	NULL	14	14	NULL	NULL	199	199	8	8	
76	76	NULL	NULL	NULL	NULL	14	14	NULL	NULL	NULL	NULL	8	8	
153	153	NULL	NULL	NULL	NULL	5	5	NULL	NULL	NULL	NULL	12	12	
153	153	NULL	NULL	NULL	NULL	5	5	NULL	NULL	NULL	NULL	12	12	
4	4	NULL	NULL	NULL	NULL	223	223	NULL	NULL	NULL	NULL	11	11	
4	4	NULL	NULL	NULL	NULL	223	223	NULL	NULL	NULL	NULL	11	11	
224	224	46	46	69	69	34	34	88	88	32	32	10	10	
224	224	46	46	69	69	34	34	88	88	32	32	10	10	
159	0	15	12	-999	-999	2	1	2	1000000	0	0	0	0	0	
160	42	0	6	3	2	2	0	0	0	0	0	0	0	0	
161	43	12	10	15	10	2	0	0	0	0	0	0	0	0	
162	43	12	8	3	2	2	0	0	0	0	0	0	0	0	
163	0	19	0	-999	-999	2	0	2	1000000	0	0	0	0	0	
164	43	12	2	19	2	2	0	0	0	0	0	0	0	0	
165	0	7	12	-999	-999	2	0	2	1000000	0	0	0	0	0	
166	43	0	10	11	2	2	0	0	0	0	0	0	0	0	
167	40	7	14	-999	-999	2	0	0	0	0	0	0	0	0	
168	0	3	0	-999	-999	2	0	2	1000000	0	0	0	0	0	
169	43	2	0	15	10	2	0	0	0	0	0	0	0	0	
170	32	19	2	-999	-999	2	0	0	0	0	0	0	0	0	
101	101	53	53	62	62	60	60	55	55	49	49	112	112	
101	101	53	53	62	62	60	60	55	55	49	49	112	112	
31	31	NULL	NULL	NULL	NULL	40	40	NULL	NULL	NULL	NULL	164	164	
31	31	NULL	NULL	NULL	NULL	40	40	NULL	NULL	NULL	NULL	164	164	
59	59	NULL	NULL	NULL	NULL	9	9	NULL	NULL	NULL	NULL	190	190	
59	59	NULL	NULL	NULL	NULL	9	9	NULL	NULL	NULL	NULL	190	190	
72	72	NULL	NULL	NULL	NULL	7	7	NULL	NULL	NULL	NULL	21	21	
72	72	96	96	NULL	NULL	7	7	NULL	NULL	92	92	21	21	
116	116	96	96	NULL	NULL	3	3	NULL	NULL	92	92	45	45	
116	116	2	2	NULL	NULL	3	3	NULL	NULL	0	0	45	45	
138	138	2	2	221	221	181	181	47	47	0	0	51	51	
138	138	NULL	NULL	221	221	181	181	47	47	NULL	NULL	51	51	
26	26	66	66	77	77	126	126	97	97	89	89	130	130	
26	26	66	66	77	77	126	126	97	97	89	89	130	130	
171	42	12	6	3	2	2	0	0	0	0	0	0	0	0	
172	37	6	8	15	10	2	0	0	0	0	0	0	0	0	
173	43	4	12	11	2	2	0	0	0	0	0	0	0	0	
174	43	12	12	15	10	2	0	0	0	0	0	0	0	0	
175	43	8	12	3	2	2	0	0	0	0	0	0	0	0	
176	43	0	8	11	2	2	0	0	0	0	0	0	0	0	
177	43	12	2	3	2	2	0	0	0	0	0	0	0	0	
178	42	6	0	3	2	2	0	0	0	0	0	0	0	0	
179	43	0	0	15	10	2	0	0	0	0	0	0	0	0	
180	40	17	8	-999	-999	2	0	0	0	0	0	0	0	0	
181	37	6	10	19	2	2	0	0	0	0	0	0	0	0	
182	43	10	0	3	2	2	0	0	0	0	0	0	0	0	
183	40	21	0	-999	-999	2	0	0	0	0	0	0	0	0	
184	37	6	2	15	10	2	0	0	0	0	0	0	0	0	
185	39	4	10	3	2	2	0	0	0	0	0	0	0	0	
186	40	17	0	-999	-999	2	0	0	0	0	0	0	0	0	
187	40	9	8	-999	-999	2	0	0	0	0	0	0	0	0	
188	43	12	8	15	10	2	0	0	0	0	0	0	0	0	
189	43	4	0	3	2	2	0	0	0	0	0	0	0	0	
190	43	12	4	19	2	2	0	0	0	0	0	0	0	0	
191	22	11	4	-999	-999	1	0	0	0	0	0	0	0	0	
192	16	9	6	-999	-999	2	100000	0	0	0	0	0	0	0	
193	37	6	4	15	10	4	0	0	0	0	0	0	0	0	
194	40	13	4	-999	-999	2	0	0	0	0	0	0	0	0	
195	22	15	8	-999	-999	1	0	0	0	0	0	0	0	0	
196	40	5	8	-999	-999	2	0	0	0	0	0	0	0	0	
197	43	0	10	3	2	2	0	0	0	0	0	0	0	0	
198	43	10	0	15	10	2	0	0	0	0	0	0	0	0	
199	39	10	5	7	10	2	0	0	0	0	0	0	0	0	
200	42	12	6	15	10	2	0	0	0	0	0	0	0	0	
201	37	6	10	11	2	2	0	0	0	0	0	0	0	0	
202	43	0	2	15	10	2	0	0	0	0	0	0	0	0	
203	0	11	0	-999	-999	2	1	2	1000000	0	0	0	0	0	
204	16	13	6	-999	-999	2	100000	0	0	0	0	0	0	0	
205	43	2	0	7	10	2	0	0	0	0	0	0	0	0	
206	43	8	12	15	10	2	0	0	0	0	0	0	0	0	
207	43	12	2	15	10	2	0	0	0	0	0	0	0	0	
208	43	0	4	7	10	2	0	0	0	0	0	0	0	0	
209	43	12	4	15	10	2	0	0	0	0	0	0	0	0	
210	40	21	4	-999	-999	2	0	0	0	0	0	0	0	0	
211	40	5	0	-999	-999	2	0	0	0	0	0	0	0	0	
212	42	6	0	7	10	3	0	0	0	0	0	0	0	0	
213	40	1	0	-999	-999	2	0	0	0	0	0	0	0	0	
214	40	13	8	-999	-999	2	0	0	0	0	0	0	0	0	
215	40	9	12	-999	-999	2	0	0	0	0	0	0	0	0	
216	43	10	0	7	10	2	0	0	0	0	0	0	0	0	
217	40	13	12	-999	-999	2	0	0	0	0	0	0	0	0	
218	39	2	3	7	10	2	0	0	0	0	0	0	0	0	
219	40	5	12	-999	-999	2	0	0	0	0	0	0	0	0	
220	43	12	2	7	10	2	0	0	0	0	0	0	0	0	
221	39	4	10	19	2	2	0	0	0	0	0	0	0	0	
222	43	0	8	15	10	2	0	0	0	0	0	0	0	0	
223	37	6	10	7	10	2	0	0	0	0	0	0	0	0	
224	43	0	12	7	10	2	0	0	0	0	0	0	0	0	
225	43	12	4	7	10	2	0	0	0	0	0	0	0	0	
226	22	3	4	-999	-999	1	0	0	0	0	0	0	0	0	
227	43	8	0	7	10	2	0	0	0	0	0	0	0	0	
228	39	2	3	15	10	2	0	0	0	0	0	0	0	0	
229	43	0	0	7	10	2	0	0	0	0	0	0	0	0	
230	16	19	6	-999	-999	2	100000	0	0	0	0	0	0	0	
NULL	213	213	168	168	211	211	NULL	NULL	43	43	203	203	61	61	NULL	NULL	186	186	163	163	183	183	NULL	
NULL	213	213	168	168	211	211	NULL	NULL	43	43	203	203	61	61	NULL	NULL	186	186	163	163	183	183	NULL	
NULL	NULL	NULL	133	133	NULL	NULL	NULL	NULL	NULL	NULL	28	28	NULL	NULL	NULL	NULL	NULL	NULL	170	170	NULL	NULL	NULL	
NULL	NULL	NULL	133	133	NULL	NULL	NULL	NULL	NULL	NULL	28	28	NULL	NULL	NULL	NULL	NULL	NULL	170	170	NULL	NULL	NULL	
NULL	79	79	226	226	71	71	91	91	27	27	191	191	194	194	64	64	81	81	70	70	210	210	NULL	
NULL	79	79	226	226	71	71	91	91	27	27	191	191	194	194	64	64	81	81	70	70	210	210	NULL	
NULL	NULL	NULL	20	20	82	82	90	90	192	192	36	36	204	204	83	83	87	87	230	230	NULL	NULL	NULL	
NULL	NULL	NULL	20	20	82	82	90	90	192	192	36	36	204	204	83	83	87	87	230	230	NULL	NULL	NULL	
NULL	NULL	NULL	73	73	196	196	75	75	187	187	54	54	214	214	195	195	180	180	78	78	NULL	NULL	NULL	
NULL	NULL	NULL	73	73	196	196	75	75	187	187	54	54	214	214	195	195	180	180	78	78	NULL	NULL	NULL	
NULL	NULL	NULL	NULL	NULL	NULL	NULL	158	158	NULL	NULL	NULL	NULL	NULL	NULL	13	13	NULL	NULL	NULL	NULL	NULL	NULL	NULL	
NULL	NULL	NULL	NULL	NULL	NULL	NULL	158	158	NULL	NULL	NULL	NULL	NULL	NULL	13	13	NULL	NULL	NULL	NULL	NULL	NULL	NULL	
NULL	NULL	NULL	NULL	NULL	219	219	165	165	215	215	NULL	NULL	217	217	159	159	50	50	NULL	NULL	NULL	NULL	NULL	
NULL	NULL	NULL	NULL	NULL	219	219	165	165	215	215	NULL	NULL	217	217	159	159	50	50	NULL	NULL	NULL	NULL	NULL	
NULL	NULL	NULL	NULL	NULL	107	107	167	167	65	65	NULL	NULL	119	119	94	94	85	85	NULL	NULL	NULL	NULL	NULL	
NULL	NULL	NULL	NULL	NULL	107	107	167	167	65	65	NULL	NULL	119	119	94	94	85	85	NULL	NULL	NULL	NULL	NULL	
NULL	NULL	NULL	NULL	NULL	NULL	NULL	NULL	NULL	NULL	NULL	NULL	NULL	NULL	NULL	NULL	NULL	NULL	NULL	NULL	NULL	NULL	NULL	NULL	
NULL	NULL	NULL	NULL	NULL	NULL	NULL	NULL	NULL	NULL	NULL	NULL	NULL	NULL	NULL	NULL	NULL	NULL	NULL	NULL	NULL	NULL	NULL	NULL	
NULL	NULL	NULL	NULL	NULL	NULL	NULL	NULL	NULL	NULL	NULL	NULL	NULL	NULL	NULL	NULL	NULL	NULL	NULL	NULL	NULL	NULL	NULL	NULL	
NULL	NULL	NULL	NULL	NULL	NULL	NULL	NULL	NULL	NULL	NULL	NULL	NULL	NULL	NULL	NULL	NULL	NULL	NULL	NULL	NULL	NULL	NULL	NULL	
NULL	NULL	NULL	NULL	NULL	NULL	NULL	NULL	NULL	NULL	NULL	NULL	NULL	NULL	NULL	NULL	NULL	NULL	NULL	NULL	NULL	NULL	NULL	NULL	
NULL	NULL	NULL	NULL	NULL	NULL	NULL	NULL	NULL	NULL	NULL	NULL	NULL	NULL	NULL	NULL	NULL	NULL	NULL	NULL	NULL	NULL	NULL	NULL	
NULL	NULL	NULL	NULL	NULL	NULL	NULL	NULL	NULL	NULL	NULL	154	154	NULL	NULL	NULL	NULL	NULL	NULL	NULL	NULL	NULL	NULL	NULL	
NULL	NULL	NULL	NULL	NULL	NULL	NULL	NULL	NULL	NULL	NULL	154	154	NULL	NULL	NULL	NULL	NULL	NULL	NULL	NULL	NULL	NULL	NULL	
