1120
0	12	2	2	-999	-999	2	100000	0	0	0	0	0	0	0	
1	12	4	2	-999	-999	2	100000	0	0	0	0	0	0	0	
2	13	6	2	-999	-999	2	100000	0	0	0	0	0	0	0	
3	13	8	2	-999	-999	2	100000	0	0	0	0	0	0	0	
4	14	10	2	-999	-999	2	100000	0	0	0	0	0	0	0	
5	14	12	2	-999	-999	2	100000	0	0	0	0	0	0	0	
6	15	14	2	-999	-999	2	100000	0	0	0	0	0	0	0	
7	15	16	2	-999	-999	2	100000	0	0	0	0	0	0	0	
8	16	18	2	-999	-999	2	100000	0	0	0	0	0	0	0	
9	16	20	2	-999	-999	3	100000	0	0	0	0	0	0	0	
10	35	10	2	11	20	2	0	0	0	0	0	0	0	0	
11	58	0	2	-999	-999	2	0	0	0	0	0	0	0	0	
12	40	20	4	-999	-999	2	0	0	0	0	0	0	0	0	
13	40	18	4	-999	-999	2	0	0	0	0	0	0	0	0	
14	40	16	4	-999	-999	2	0	0	0	0	0	0	0	0	
15	40	14	4	-999	-999	2	0	0	0	0	0	0	0	0	
16	40	12	4	-999	-999	2	0	0	0	0	0	0	0	0	
17	40	10	4	-999	-999	2	0	0	0	0	0	0	0	0	
18	40	8	4	-999	-999	2	0	0	0	0	0	0	0	0	
19	40	6	4	-999	-999	2	0	0	0	0	0	0	0	0	
20	40	4	4	-999	-999	2	0	0	0	0	0	0	0	0	
21	40	2	4	-999	-999	2	0	0	0	0	0	0	0	0	
22	43	8	0	13	20	2	0	0	0	0	0	0	0	0	
23	43	12	0	13	20	2	0	0	0	0	0	0	0	0	
24	35	2	2	11	20	2	0	0	0	0	0	0	0	0	
25	35	4	2	13	20	2	0	0	0	0	0	0	0	0	
26	35	8	2	13	20	2	0	0	0	0	0	0	0	0	
27	43	12	12	13	20	2	0	0	0	0	0	0	0	0	
28	35	10	2	13	20	2	0	0	0	0	0	0	0	0	
29	35	10	2	13	22	2	0	0	0	0	0	0	0	0	
30	35	10	8	13	20	2	0	0	0	0	0	0	0	0	
31	35	6	10	11	20	2	0	0	0	0	0	0	0	0	
32	43	0	8	13	20	2	0	0	0	0	0	0	0	0	
33	35	6	2	13	20	2	0	0	0	0	0	0	0	0	
34	43	0	0	13	20	2	0	0	0	0	0	0	0	0	
35	35	4	10	11	20	2	0	0	0	0	0	0	0	0	
36	43	8	12	13	20	2	0	0	0	0	0	0	0	0	
37	43	10	12	13	20	2	0	0	0	0	0	0	0	0	
38	43	12	8	13	20	2	0	0	0	0	0	0	0	0	
39	35	2	6	11	20	2	0	0	0	0	0	0	0	0	
40	35	4	2	11	20	2	0	0	0	0	0	0	0	0	
41	35	10	10	13	20	2	0	0	0	0	0	0	0	0	
42	35	2	6	13	20	2	0	0	0	0	0	0	0	0	
43	43	0	12	13	20	2	0	0	0	0	0	0	0	0	
44	43	0	10	13	20	2	0	0	0	0	0	0	0	0	
45	35	2	4	11	20	2	0	0	0	0	0	0	0	0	
46	43	12	6	9	20	2	0	0	0	0	0	0	0	0	
47	35	6	10	13	20	2	0	0	0	0	0	0	0	0	
48	35	8	2	13	22	2	0	0	0	0	0	0	0	0	
49	35	10	6	11	20	2	0	0	0	0	0	0	0	0	
50	43	10	0	13	20	2	0	0	0	0	0	0	0	0	
51	35	8	2	11	20	2	0	0	0	0	0	0	0	0	
52	64	22	4	-999	-999	2	0	0	0	0	0	0	0	0	
53	35	2	4	13	20	2	0	0	0	0	0	0	0	0	
54	35	2	2	13	20	2	0	0	0	0	0	0	0	0	
55	35	8	10	13	20	2	0	0	0	0	0	0	0	0	
56	35	2	10	11	20	2	0	0	0	0	0	0	0	0	
57	35	6	2	13	22	2	0	0	0	0	0	0	0	0	
58	35	6	2	11	20	2	0	0	0	0	0	0	0	0	
59	35	10	4	13	20	2	0	0	0	0	0	0	0	0	
60	35	10	6	13	20	2	0	0	0	0	0	0	0	0	
61	43	12	10	13	20	2	0	0	0	0	0	0	0	0	
62	64	22	2	-999	-999	2	0	0	0	0	0	0	0	0	
63	35	2	8	11	20	2	0	0	0	0	0	0	0	0	
64	32	22	0	-999	-999	2	0	0	0	0	0	0	0	0	
72	72	88	88	71	71	96	96	78	78	94	94	70	70	
72	72	88	88	71	71	96	96	78	78	94	94	70	70	
83	83	NULL	NULL	NULL	NULL	NULL	NULL	NULL	NULL	NULL	NULL	75	75	
83	83	NULL	NULL	NULL	NULL	NULL	NULL	NULL	NULL	NULL	NULL	75	75	
67	67	NULL	NULL	NULL	NULL	66	66	NULL	NULL	NULL	NULL	84	84	
67	67	NULL	NULL	87	87	66	66	81	81	NULL	NULL	84	84	
82	82	NULL	NULL	87	87	77	77	81	81	NULL	NULL	95	95	
82	82	NULL	NULL	73	73	77	77	69	69	NULL	NULL	95	95	
93	93	NULL	NULL	73	73	65	65	69	69	NULL	NULL	76	76	
93	93	NULL	NULL	NULL	NULL	65	65	NULL	NULL	NULL	NULL	76	76	
74	74	NULL	NULL	NULL	NULL	85	85	NULL	NULL	NULL	NULL	90	90	
74	74	NULL	NULL	NULL	NULL	85	85	NULL	NULL	NULL	NULL	90	90	
91	91	79	79	86	86	80	80	89	89	92	92	68	68	
91	91	79	79	86	86	80	80	89	89	92	92	68	68	
65	37	6	8	22	0	2	0	0	0	0	0	0	0	0	
66	2	6	4	22	0	2	2	5	2	0	0	0	0	0	
67	43	0	4	22	0	2	0	0	0	0	0	0	0	0	
68	43	12	12	22	0	2	0	0	0	0	0	0	0	0	
69	4	8	7	22	0	2	4	5	2	0	0	0	0	0	
70	43	12	0	22	0	2	0	0	0	0	0	0	0	0	
71	43	4	0	22	0	2	0	0	0	0	0	0	0	0	
72	43	0	0	22	0	2	0	0	0	0	0	0	0	0	
73	0	4	7	22	0	2	0	5	2	0	0	0	0	0	
74	43	0	10	22	0	2	0	0	0	0	0	0	0	0	
75	43	12	2	22	0	2	0	0	0	0	0	0	0	0	
76	43	12	8	22	0	2	0	0	0	0	0	0	0	0	
77	37	6	6	22	0	2	0	0	0	0	0	0	0	0	
78	43	8	0	22	0	2	0	0	0	0	0	0	0	0	
79	43	2	12	22	0	2	0	0	0	0	0	0	0	0	
80	42	6	12	22	0	1	0	0	0	0	0	0	0	0	
81	3	8	5	22	0	2	3	5	2	0	0	0	0	0	
82	43	0	6	22	0	2	0	0	0	0	0	0	0	0	
83	43	0	2	22	0	2	0	0	0	0	0	0	0	0	
84	43	12	4	22	0	2	0	0	0	0	0	0	0	0	
85	37	6	10	22	0	2	0	0	0	0	0	0	0	0	
86	43	4	12	22	0	2	0	0	0	0	0	0	0	0	
87	1	4	5	22	0	2	1	5	2	0	0	0	0	0	
88	43	2	0	22	0	2	0	0	0	0	0	0	0	0	
89	43	8	12	22	0	2	0	0	0	0	0	0	0	0	
90	43	12	10	22	0	2	0	0	0	0	0	0	0	0	
91	43	0	12	22	0	2	0	0	0	0	0	0	0	0	
92	43	10	12	22	0	2	0	0	0	0	0	0	0	0	
93	43	0	8	22	0	2	0	0	0	0	0	0	0	0	
94	43	10	0	22	0	2	0	0	0	0	0	0	0	0	
95	43	12	6	22	0	2	0	0	0	0	0	0	0	0	
96	43	6	0	22	0	2	0	0	0	0	0	0	0	0	
97	35	10	4	11	20	2	0	0	0	0	0	0	0	0	
98	37	2	4	9	22	2	0	0	0	0	0	0	0	0	
99	37	0	4	-999	-999	2	0	0	0	0	0	0	0	0	
100	32	4	10	-999	-999	2	0	0	0	0	0	0	0	0	
121	121	101	101	105	105	109	109	113	113	117	117	123	123	
121	121	101	101	105	105	109	109	113	113	117	117	123	123	
102	102	NULL	NULL	NULL	NULL	131	131	NULL	NULL	NULL	NULL	104	104	
102	102	NULL	NULL	NULL	NULL	131	131	NULL	NULL	NULL	NULL	104	104	
106	106	NULL	NULL	NULL	NULL	125	125	NULL	NULL	NULL	NULL	108	108	
106	106	NULL	NULL	NULL	NULL	125	125	NULL	NULL	NULL	NULL	108	108	
110	110	359	359	358	358	357	357	126	126	132	132	112	112	
110	110	359	359	358	358	357	357	126	126	132	132	112	112	
114	114	NULL	NULL	NULL	NULL	127	127	NULL	NULL	NULL	NULL	116	116	
114	114	NULL	NULL	NULL	NULL	127	127	NULL	NULL	NULL	NULL	116	116	
118	118	NULL	NULL	NULL	NULL	133	133	NULL	NULL	NULL	NULL	120	120	
118	118	NULL	NULL	NULL	NULL	133	133	NULL	NULL	NULL	NULL	120	120	
122	122	103	103	107	107	111	111	115	115	119	119	124	124	
122	122	103	103	107	107	111	111	115	115	119	119	124	124	
101	43	2	0	4	10	2	0	0	0	0	0	0	0	0	
102	43	0	2	4	10	2	0	0	0	0	0	0	0	0	
103	43	2	12	4	10	2	0	0	0	0	0	0	0	0	
104	43	12	2	4	10	2	0	0	0	0	0	0	0	0	
105	43	4	0	4	10	2	0	0	0	0	0	0	0	0	
106	43	0	4	4	10	2	0	0	0	0	0	0	0	0	
107	43	4	12	4	10	2	0	0	0	0	0	0	0	0	
108	43	12	4	4	10	2	0	0	0	0	0	0	0	0	
109	42	6	0	4	10	2	0	0	0	0	0	0	0	0	
110	42	0	6	4	10	2	0	0	0	0	0	0	0	0	
111	42	6	12	4	10	2	0	0	0	0	0	0	0	0	
112	42	12	6	4	10	2	0	0	0	0	0	0	0	0	
113	43	8	0	4	10	2	0	0	0	0	0	0	0	0	
114	43	0	8	4	10	2	0	0	0	0	0	0	0	0	
115	43	8	12	4	10	2	0	0	0	0	0	0	0	0	
116	43	12	8	4	10	2	0	0	0	0	0	0	0	0	
117	43	10	0	4	10	2	0	0	0	0	0	0	0	0	
118	43	0	10	4	10	2	0	0	0	0	0	0	0	0	
119	43	10	12	4	10	2	0	0	0	0	0	0	0	0	
120	43	12	10	4	10	2	0	0	0	0	0	0	0	0	
121	43	0	0	4	10	2	0	0	0	0	0	0	0	0	
122	43	0	12	4	10	2	0	0	0	0	0	0	0	0	
123	43	12	0	4	10	2	0	0	0	0	0	0	0	0	
124	43	12	12	4	10	2	0	0	0	0	0	0	0	0	
125	57	6	4	4	10	2	0	0	0	0	0	0	0	0	
126	56	8	6	4	10	2	0	0	0	0	0	0	0	0	
127	55	6	8	4	10	2	0	0	0	0	0	0	0	0	
128	35	6	6	8	8	2	0	0	0	0	0	0	0	0	
129	37	6	4	9	22	2	0	0	0	0	0	0	0	0	
130	35	6	4	8	8	2	0	0	0	0	0	0	0	0	
131	37	6	2	4	10	2	0	0	0	0	0	0	0	0	
132	37	10	6	4	10	2	0	0	0	0	0	0	0	0	
133	37	6	10	4	10	2	0	0	0	0	0	0	0	0	
134	32	4	8	-999	-999	2	0	0	0	0	0	0	0	0	
155	155	135	135	139	139	143	143	147	147	151	151	157	157	
155	155	135	135	139	139	143	143	147	147	151	151	157	157	
136	136	NULL	NULL	NULL	NULL	701	701	NULL	NULL	NULL	NULL	138	138	
136	136	NULL	NULL	NULL	NULL	701	701	NULL	NULL	NULL	NULL	138	138	
140	140	NULL	NULL	NULL	NULL	162	162	NULL	NULL	NULL	NULL	142	142	
140	140	NULL	NULL	NULL	NULL	162	162	NULL	NULL	NULL	NULL	142	142	
144	144	NULL	NULL	NULL	NULL	161	161	163	163	693	693	146	146	
144	144	NULL	NULL	NULL	NULL	161	161	163	163	693	693	146	146	
148	148	NULL	NULL	NULL	NULL	160	160	NULL	NULL	NULL	NULL	150	150	
148	148	NULL	NULL	NULL	NULL	160	160	NULL	NULL	NULL	NULL	150	150	
152	152	NULL	NULL	NULL	NULL	159	159	NULL	NULL	NULL	NULL	154	154	
152	152	NULL	NULL	NULL	NULL	159	159	NULL	NULL	NULL	NULL	154	154	
156	156	137	137	141	141	145	145	149	149	153	153	158	158	
156	156	137	137	141	141	145	145	149	149	153	153	158	158	
135	43	2	0	4	8	2	0	0	0	0	0	0	0	0	
136	43	0	2	4	8	2	0	0	0	0	0	0	0	0	
137	43	2	12	4	8	2	0	0	0	0	0	0	0	0	
138	43	12	2	4	8	2	0	0	0	0	0	0	0	0	
139	43	4	0	4	8	2	0	0	0	0	0	0	0	0	
140	43	0	4	4	8	2	0	0	0	0	0	0	0	0	
141	43	4	12	4	8	2	0	0	0	0	0	0	0	0	
142	43	12	4	4	8	2	0	0	0	0	0	0	0	0	
143	42	6	0	4	8	2	0	0	0	0	0	0	0	0	
144	43	0	6	4	8	2	0	0	0	0	0	0	0	0	
145	42	6	12	4	8	2	0	0	0	0	0	0	0	0	
146	42	12	6	4	8	2	0	0	0	0	0	0	0	0	
147	43	8	0	4	8	2	0	0	0	0	0	0	0	0	
148	43	0	8	4	8	2	0	0	0	0	0	0	0	0	
149	43	8	12	4	8	2	0	0	0	0	0	0	0	0	
150	43	12	8	4	8	2	0	0	0	0	0	0	0	0	
151	43	10	0	4	8	2	0	0	0	0	0	0	0	0	
152	43	0	10	4	8	2	0	0	0	0	0	0	0	0	
153	43	10	12	4	8	2	0	0	0	0	0	0	0	0	
154	43	12	10	4	8	2	0	0	0	0	0	0	0	0	
155	43	0	0	4	8	2	0	0	0	0	0	0	0	0	
156	43	0	12	4	8	2	0	0	0	0	0	0	0	0	
157	43	12	0	4	8	2	0	0	0	0	0	0	0	0	
158	43	12	12	4	8	2	0	0	0	0	0	0	0	0	
159	34	6	10	4	8	2	0	0	0	0	0	0	0	0	
160	34	6	8	4	8	2	0	0	0	0	0	0	0	0	
161	34	6	6	4	8	2	0	0	0	0	0	0	0	0	
162	55	6	4	4	8	2	0	0	0	0	0	0	0	0	
163	56	8	6	4	8	2	0	0	0	0	0	0	0	0	
164	79	4	2	4	14	1	0	0	0	0	0	0	0	0	
165	31	22	8	-999	-999	2	0	0	0	0	0	0	0	0	
166	32	6	10	-999	-999	2	0	0	0	0	0	0	0	0	
187	187	167	167	171	171	175	175	179	179	183	183	189	189	
187	187	167	167	171	171	175	175	179	179	183	183	189	189	
168	168	NULL	NULL	NULL	NULL	NULL	NULL	NULL	NULL	NULL	NULL	170	170	
168	168	NULL	NULL	NULL	NULL	NULL	NULL	NULL	NULL	NULL	NULL	170	170	
172	172	NULL	NULL	NULL	NULL	192	192	705	705	198	198	174	174	
172	172	NULL	NULL	NULL	NULL	192	192	705	705	198	198	174	174	
176	176	195	195	194	194	193	193	NULL	NULL	NULL	NULL	178	178	
176	176	195	195	194	194	193	193	NULL	NULL	NULL	NULL	178	178	
180	180	NULL	NULL	NULL	NULL	196	196	709	709	199	199	182	182	
180	180	NULL	NULL	NULL	NULL	196	196	709	709	199	199	182	182	
184	184	NULL	NULL	NULL	NULL	NULL	NULL	NULL	NULL	NULL	NULL	186	186	
184	184	NULL	NULL	NULL	NULL	NULL	NULL	NULL	NULL	NULL	NULL	186	186	
188	188	169	169	173	173	177	177	181	181	185	185	190	190	
188	188	169	169	173	173	177	177	181	181	185	185	190	190	
167	43	2	0	6	10	2	0	0	0	0	0	0	0	0	
168	43	0	2	6	10	2	0	0	0	0	0	0	0	0	
169	43	2	12	6	10	2	0	0	0	0	0	0	0	0	
170	43	12	2	6	10	2	0	0	0	0	0	0	0	0	
171	43	4	0	6	10	2	0	0	0	0	0	0	0	0	
172	43	0	4	6	10	2	0	0	0	0	0	0	0	0	
173	43	4	12	6	10	2	0	0	0	0	0	0	0	0	
174	42	12	4	6	10	2	0	0	0	0	0	0	0	0	
175	42	6	0	6	10	2	0	0	0	0	0	0	0	0	
176	42	0	6	6	10	2	0	0	0	0	0	0	0	0	
177	42	6	12	6	10	2	0	0	0	0	0	0	0	0	
178	43	12	6	6	10	2	0	0	0	0	0	0	0	0	
179	43	8	0	6	10	2	0	0	0	0	0	0	0	0	
180	43	0	8	6	10	2	0	0	0	0	0	0	0	0	
181	43	8	12	6	10	2	0	0	0	0	0	0	0	0	
182	42	12	8	6	10	2	0	0	0	0	0	0	0	0	
183	43	10	0	6	10	2	0	0	0	0	0	0	0	0	
184	43	0	10	6	10	2	0	0	0	0	0	0	0	0	
185	43	10	12	6	10	2	0	0	0	0	0	0	0	0	
186	43	12	10	6	10	2	0	0	0	0	0	0	0	0	
187	43	0	0	6	10	2	0	0	0	0	0	0	0	0	
188	43	0	12	6	10	2	0	0	0	0	0	0	0	0	
189	43	12	0	6	10	2	0	0	0	0	0	0	0	0	
190	43	12	12	6	10	2	0	0	0	0	0	0	0	0	
191	43	12	12	9	20	2	0	0	0	0	0	0	0	0	
192	57	6	4	6	10	2	0	0	0	0	0	0	0	0	
193	34	6	6	6	10	2	0	0	0	0	0	0	0	0	
194	34	4	6	6	10	2	0	0	0	0	0	0	0	0	
195	34	2	6	6	10	2	0	0	0	0	0	0	0	0	
196	55	6	8	6	10	2	0	0	0	0	0	0	0	0	
197	77	6	8	9	20	2	0	0	0	0	0	0	0	0	
198	37	10	4	6	10	2	0	0	0	0	0	0	0	0	
199	37	10	8	6	10	2	0	0	0	0	0	0	0	0	
200	32	4	12	-999	-999	2	0	0	0	0	0	0	0	0	
222	222	203	203	207	207	211	211	215	215	219	219	224	224	
222	222	203	203	207	207	211	211	215	215	219	219	224	224	
218	218	NULL	NULL	NULL	NULL	231	231	NULL	NULL	NULL	NULL	220	220	
218	218	NULL	NULL	NULL	NULL	231	231	NULL	NULL	NULL	NULL	220	220	
214	214	NULL	NULL	NULL	NULL	230	230	NULL	NULL	NULL	NULL	216	216	
214	214	NULL	NULL	NULL	NULL	230	230	NULL	NULL	NULL	NULL	216	216	
210	210	NULL	NULL	NULL	NULL	227	227	228	228	225	225	212	212	
210	210	NULL	NULL	NULL	NULL	227	227	228	228	225	225	212	212	
206	206	NULL	NULL	NULL	NULL	226	226	NULL	NULL	NULL	NULL	208	208	
206	206	NULL	NULL	NULL	NULL	226	226	NULL	NULL	NULL	NULL	208	208	
202	202	NULL	NULL	NULL	NULL	700	700	NULL	NULL	NULL	NULL	204	204	
202	202	NULL	NULL	NULL	NULL	700	700	NULL	NULL	NULL	NULL	204	204	
221	221	201	201	205	205	209	209	213	213	217	217	223	223	
221	221	201	201	205	205	209	209	213	213	217	217	223	223	
201	43	2	12	4	12	2	0	0	0	0	0	0	0	0	
202	43	0	10	4	12	2	0	0	0	0	0	0	0	0	
203	43	2	0	4	12	2	0	0	0	0	0	0	0	0	
204	43	12	10	4	12	2	0	0	0	0	0	0	0	0	
205	43	4	12	4	12	2	0	0	0	0	0	0	0	0	
206	43	0	8	4	12	2	0	0	0	0	0	0	0	0	
207	43	4	0	4	12	2	0	0	0	0	0	0	0	0	
208	43	12	8	4	12	2	0	0	0	0	0	0	0	0	
209	42	6	12	4	12	2	0	0	0	0	0	0	0	0	
210	43	0	6	4	12	2	0	0	0	0	0	0	0	0	
211	42	6	0	4	12	2	0	0	0	0	0	0	0	0	
212	42	12	6	4	12	2	0	0	0	0	0	0	0	0	
213	43	8	12	4	12	2	0	0	0	0	0	0	0	0	
214	43	0	4	4	12	2	0	0	0	0	0	0	0	0	
215	43	8	0	4	12	2	0	0	0	0	0	0	0	0	
216	43	12	4	4	12	2	0	0	0	0	0	0	0	0	
217	43	10	12	4	12	2	0	0	0	0	0	0	0	0	
218	43	0	2	4	12	2	0	0	0	0	0	0	0	0	
219	43	10	0	4	12	2	0	0	0	0	0	0	0	0	
220	43	12	2	4	12	2	0	0	0	0	0	0	0	0	
221	43	0	12	4	12	2	0	0	0	0	0	0	0	0	
222	43	0	0	4	12	2	0	0	0	0	0	0	0	0	
223	43	12	12	4	12	2	0	0	0	0	0	0	0	0	
224	43	12	0	4	12	2	0	0	0	0	0	0	0	0	
225	78	10	6	4	12	2	0	0	0	0	0	0	0	0	
226	57	6	8	4	12	2	0	0	0	0	0	0	0	0	
227	34	6	6	4	12	2	0	0	0	0	0	0	0	0	
228	56	8	6	4	12	2	0	0	0	0	0	0	0	0	
229	34	6	10	9	20	2	0	0	0	0	0	0	0	0	
230	34	6	4	4	12	2	0	0	0	0	0	0	0	0	
231	34	6	2	4	12	2	0	0	0	0	0	0	0	0	
232	37	0	6	-999	-999	2	0	0	0	0	0	0	0	0	
233	37	0	8	-999	-999	2	0	0	0	0	0	0	0	0	
234	37	0	10	-999	-999	2	0	0	0	0	0	0	0	0	
235	42	6	12	9	20	2	0	0	0	0	0	0	0	0	
236	19	2	2	15	22	3	0	0	0	0	0	0	0	0	
237	32	20	0	-999	-999	2	0	0	0	0	0	0	0	0	
271	271	261	261	244	244	279	279	275	275	273	273	269	269	
271	271	261	261	244	244	279	279	275	275	273	273	269	269	
256	256	245	245	268	268	267	267	243	243	241	241	248	248	
256	256	245	245	268	268	267	267	243	243	241	241	248	248	
240	240	266	266	NULL	NULL	NULL	NULL	NULL	NULL	265	265	257	257	
240	240	266	266	NULL	NULL	NULL	NULL	NULL	NULL	265	265	257	257	
278	278	264	264	NULL	NULL	263	263	NULL	NULL	262	262	276	276	
278	278	264	264	NULL	NULL	263	263	NULL	NULL	262	262	276	276	
255	255	239	239	NULL	NULL	260	260	NULL	NULL	254	254	274	274	
255	255	239	239	NULL	NULL	260	260	NULL	NULL	254	254	274	274	
272	272	250	250	246	246	242	242	238	238	258	258	249	249	
272	272	250	250	246	246	242	242	238	238	258	258	249	249	
270	270	252	252	259	259	277	277	253	253	251	251	247	247	
270	270	252	252	259	259	277	277	253	253	251	251	247	247	
238	36	8	10	20	0	3	0	0	0	0	0	0	0	0	
239	39	2	8	20	0	2	0	0	0	0	0	0	0	0	
240	43	0	4	20	0	2	0	0	0	0	0	0	0	0	
241	34	10	2	20	0	2	0	0	0	0	0	0	0	0	
242	63	6	10	20	0	2	0	0	0	0	0	0	0	0	
243	59	8	2	20	0	2	0	0	0	0	0	0	0	0	
244	43	4	0	20	0	2	0	0	0	0	0	0	0	0	
245	39	2	2	20	0	2	0	0	0	0	0	0	0	0	
246	39	4	10	20	0	2	0	0	0	0	0	0	0	0	
247	43	12	12	20	0	2	0	0	0	0	0	0	0	0	
248	43	12	2	20	0	2	0	0	0	0	0	0	0	0	
249	43	12	10	20	0	2	0	0	0	0	0	0	0	0	
250	39	2	10	20	0	2	0	0	0	0	0	0	0	0	
251	43	10	12	20	0	2	0	0	0	0	0	0	0	0	
252	43	2	12	20	0	2	0	0	0	0	0	0	0	0	
253	43	8	12	20	0	2	0	0	0	0	0	0	0	0	
254	37	10	8	20	0	2	0	0	0	0	0	0	0	0	
255	43	0	8	20	0	2	0	0	0	0	0	0	0	0	
256	43	0	2	20	0	2	0	0	0	0	0	0	0	0	
257	43	12	4	20	0	2	0	0	0	0	0	0	0	0	
258	63	10	10	20	0	2	0	0	0	0	0	0	0	0	
259	43	4	12	20	0	2	0	0	0	0	0	0	0	0	
260	37	6	8	20	0	2	0	0	0	0	0	0	0	0	
261	43	2	0	20	0	2	0	0	0	0	0	0	0	0	
262	34	10	6	20	0	2	0	0	0	0	0	0	0	0	
263	0	6	6	20	0	2	12	2	1	0	0	0	0	0	
264	39	2	6	20	0	2	0	0	0	0	0	0	0	0	
265	59	10	4	20	0	2	0	0	0	0	0	0	0	0	
266	39	2	4	20	0	2	0	0	0	0	0	0	0	0	
267	34	6	2	20	0	2	0	0	0	0	0	0	0	0	
268	59	4	2	20	0	2	0	0	0	0	0	0	0	0	
269	43	12	0	20	0	2	0	0	0	0	0	0	0	0	
270	43	0	12	20	0	2	0	0	0	0	0	0	0	0	
271	43	0	0	20	0	2	0	0	0	0	0	0	0	0	
272	43	0	10	20	0	2	0	0	0	0	0	0	0	0	
273	43	10	0	20	0	2	0	0	0	0	0	0	0	0	
274	43	12	8	20	0	2	0	0	0	0	0	0	0	0	
275	43	8	0	20	0	2	0	0	0	0	0	0	0	0	
276	43	12	6	20	0	2	0	0	0	0	0	0	0	0	
277	43	6	12	20	0	2	0	0	0	0	0	0	0	0	
278	43	0	6	20	0	2	0	0	0	0	0	0	0	0	
279	43	6	0	20	0	2	0	0	0	0	0	0	0	0	
280	39	10	8	19	22	0	0	0	0	0	0	0	0	0	
281	39	8	8	19	22	0	0	0	0	0	0	0	0	0	
282	32	15	22	-999	-999	2	0	0	0	0	0	0	0	0	
320	320	306	306	289	289	300	300	316	316	294	294	292	292	
320	320	306	306	289	289	300	300	316	316	294	294	292	292	
301	301	236	236	325	325	324	324	311	311	312	312	293	293	
301	301	236	236	325	325	324	324	311	311	312	312	293	293	
285	285	288	288	286	286	736	736	737	737	738	738	302	302	
285	285	288	288	286	286	736	736	737	737	738	738	302	302	
298	298	307	307	313	313	284	284	305	305	299	299	317	317	
298	298	307	307	313	313	284	284	305	305	299	299	317	317	
315	315	295	295	291	291	287	287	283	283	303	303	296	296	
315	315	295	295	291	291	287	287	283	283	303	303	296	296	
323	323	NULL	NULL	NULL	NULL	NULL	NULL	NULL	NULL	NULL	NULL	321	321	
323	323	NULL	NULL	NULL	NULL	NULL	NULL	NULL	NULL	NULL	NULL	321	321	
319	319	297	297	304	304	318	318	314	314	322	322	290	290	
319	319	297	297	304	304	318	318	314	314	322	322	290	290	
283	39	8	8	15	22	0	0	0	0	0	0	0	0	0	
284	74	6	6	15	22	1	0	0	0	0	0	0	0	0	
285	43	0	4	15	22	2	0	0	0	0	0	0	0	0	
286	60	4	4	15	22	2	0	0	0	0	0	0	0	0	
287	39	6	8	15	22	0	0	0	0	0	0	0	0	0	
288	62	2	4	15	22	2	0	0	0	0	0	0	0	0	
289	43	4	0	15	22	2	0	0	0	0	0	0	0	0	
290	43	12	12	15	22	2	0	0	0	0	0	0	0	0	
291	39	4	8	15	22	0	0	0	0	0	0	0	0	0	
292	43	12	0	15	22	2	0	0	0	0	0	0	0	0	
293	43	12	2	15	22	2	0	0	0	0	0	0	0	0	
294	43	10	0	15	22	2	0	0	0	0	0	0	0	0	
295	39	2	8	15	22	0	0	0	0	0	0	0	0	0	
296	42	12	8	15	22	0	0	0	0	0	0	0	0	0	
297	43	2	12	15	22	2	0	0	0	0	0	0	0	0	
298	43	0	6	15	22	2	0	0	0	0	0	0	0	0	
299	74	10	6	15	22	1	0	0	0	0	0	0	0	0	
300	43	6	0	15	22	2	0	0	0	0	0	0	0	0	
301	43	0	2	15	22	2	0	0	0	0	0	0	0	0	
302	43	12	4	15	22	2	0	0	0	0	0	0	0	0	
303	39	10	8	15	22	0	0	0	0	0	0	0	0	0	
304	43	4	12	15	22	2	0	0	0	0	0	0	0	0	
305	74	8	6	15	22	1	0	0	0	0	0	0	0	0	
306	43	2	0	15	22	2	0	0	0	0	0	0	0	0	
307	74	2	6	15	22	1	0	0	0	0	0	0	0	0	
308	42	0	6	13	20	2	0	0	0	0	0	0	0	0	
309	35	6	2	6	8	2	0	0	0	0	0	0	0	0	
310	37	8	2	6	8	2	0	0	0	0	0	0	0	0	
311	19	8	2	15	22	3	0	0	0	0	0	0	0	0	
312	19	10	2	15	22	3	0	0	0	0	0	0	0	0	
313	74	4	6	15	22	1	0	0	0	0	0	0	0	0	
314	43	8	12	15	22	2	0	0	0	0	0	0	0	0	
315	42	0	8	15	22	0	0	0	0	0	0	0	0	0	
316	43	8	0	15	22	2	0	0	0	0	0	0	0	0	
317	43	12	6	15	22	2	0	0	0	0	0	0	0	0	
318	43	6	12	15	22	2	0	0	0	0	0	0	0	0	
319	43	0	12	15	22	2	0	0	0	0	0	0	0	0	
320	43	0	0	15	22	2	0	0	0	0	0	0	0	0	
321	43	12	10	15	22	2	0	0	0	0	0	0	0	0	
322	43	10	12	15	22	2	0	0	0	0	0	0	0	0	
323	43	0	10	15	22	2	0	0	0	0	0	0	0	0	
324	18	6	2	15	22	3	0	0	0	0	0	0	0	0	
325	17	4	2	15	22	3	0	0	0	0	0	0	0	0	
326	21	10	6	4	6	2	0	0	0	0	0	0	0	0	
327	32	13	22	-999	-999	2	0	0	0	0	0	0	0	0	
348	348	328	328	332	332	336	336	340	340	344	344	350	350	
348	348	328	328	332	332	336	336	340	340	344	344	350	350	
329	329	NULL	NULL	NULL	NULL	57	57	48	48	29	29	331	331	
329	329	NULL	NULL	NULL	NULL	57	57	48	48	29	29	331	331	
333	333	NULL	NULL	NULL	NULL	NULL	NULL	NULL	NULL	678	678	335	335	
333	333	NULL	NULL	NULL	NULL	NULL	NULL	NULL	NULL	678	678	335	335	
337	337	NULL	NULL	NULL	NULL	NULL	NULL	NULL	NULL	714	714	339	339	
337	337	NULL	NULL	NULL	NULL	NULL	NULL	NULL	NULL	714	714	339	339	
341	341	NULL	NULL	NULL	NULL	NULL	NULL	690	690	688	688	343	343	
341	341	NULL	NULL	NULL	NULL	NULL	NULL	690	690	688	688	343	343	
345	345	NULL	NULL	NULL	NULL	NULL	NULL	NULL	NULL	NULL	NULL	347	347	
345	345	NULL	NULL	NULL	NULL	NULL	NULL	NULL	NULL	NULL	NULL	347	347	
349	349	330	330	334	334	338	338	342	342	346	346	351	351	
349	349	330	330	334	334	338	338	342	342	346	346	351	351	
328	43	2	0	13	22	2	0	0	0	0	0	0	0	0	
329	43	0	2	13	22	2	0	0	0	0	0	0	0	0	
330	43	2	12	13	22	2	0	0	0	0	0	0	0	0	
331	43	12	2	13	22	2	0	0	0	0	0	0	0	0	
332	43	4	0	13	22	2	0	0	0	0	0	0	0	0	
333	43	0	4	13	22	2	0	0	0	0	0	0	0	0	
334	43	4	12	13	22	2	0	0	0	0	0	0	0	0	
335	43	12	4	13	22	2	0	0	0	0	0	0	0	0	
336	42	6	0	13	22	2	0	0	0	0	0	0	0	0	
337	43	0	6	13	22	2	0	0	0	0	0	0	0	0	
338	43	6	12	13	22	2	0	0	0	0	0	0	0	0	
339	43	12	6	13	22	2	0	0	0	0	0	0	0	0	
340	43	8	0	13	22	2	0	0	0	0	0	0	0	0	
341	43	0	8	13	22	2	0	0	0	0	0	0	0	0	
342	43	8	12	13	22	2	0	0	0	0	0	0	0	0	
343	42	12	8	13	22	4	0	0	0	0	0	0	0	0	
344	43	10	0	13	22	2	0	0	0	0	0	0	0	0	
345	43	0	10	13	22	2	0	0	0	0	0	0	0	0	
346	43	10	12	13	22	2	0	0	0	0	0	0	0	0	
347	43	12	10	13	22	2	0	0	0	0	0	0	0	0	
348	43	0	0	13	22	2	0	0	0	0	0	0	0	0	
349	43	0	12	13	22	2	0	0	0	0	0	0	0	0	
350	43	12	0	13	22	2	0	0	0	0	0	0	0	0	
351	43	12	12	13	22	2	0	0	0	0	0	0	0	0	
352	37	2	8	8	8	2	0	0	0	0	0	0	0	0	
353	21	6	2	8	8	2	0	0	0	0	0	0	0	0	
354	79	2	8	6	8	1	0	0	0	0	0	0	0	0	
355	37	6	10	8	8	2	0	0	0	0	0	0	0	0	
356	79	4	6	6	8	2	0	0	0	0	0	0	0	0	
357	34	6	6	4	10	2	0	0	0	0	0	0	0	0	
358	34	4	6	4	10	2	0	0	0	0	0	0	0	0	
359	34	2	6	4	10	2	0	0	0	0	0	0	0	0	
360	37	2	6	8	8	2	0	0	0	0	0	0	0	0	
361	32	4	6	-999	-999	2	0	0	0	0	0	0	0	0	
382	382	362	362	366	366	370	370	374	374	378	378	384	384	
382	382	362	362	366	366	370	370	374	374	378	378	384	384	
363	363	NULL	NULL	NULL	NULL	402	402	NULL	NULL	NULL	NULL	365	365	
363	363	NULL	NULL	NULL	NULL	402	402	NULL	NULL	NULL	NULL	365	365	
367	367	NULL	NULL	NULL	NULL	396	396	NULL	NULL	NULL	NULL	369	369	
367	367	NULL	NULL	NULL	NULL	396	396	NULL	NULL	NULL	NULL	369	369	
371	371	452	452	NULL	NULL	395	395	NULL	NULL	326	326	373	373	
371	371	452	452	NULL	NULL	395	395	NULL	NULL	326	326	373	373	
375	375	391	391	NULL	NULL	439	439	NULL	NULL	393	393	377	377	
375	375	391	391	NULL	NULL	439	439	NULL	NULL	393	393	377	377	
379	379	390	390	444	444	386	386	442	442	392	392	381	381	
379	379	390	390	444	444	386	386	442	442	392	392	381	381	
383	383	364	364	368	368	372	372	376	376	380	380	385	385	
383	383	364	364	368	368	372	372	376	376	380	380	385	385	
362	43	2	0	4	6	2	0	0	0	0	0	0	0	0	
363	43	0	2	4	6	2	0	0	0	0	0	0	0	0	
364	43	2	12	4	6	2	0	0	0	0	0	0	0	0	
365	43	12	2	4	6	2	0	0	0	0	0	0	0	0	
366	43	4	0	4	6	2	0	0	0	0	0	0	0	0	
367	43	0	4	4	6	2	0	0	0	0	0	0	0	0	
368	43	4	12	4	6	2	0	0	0	0	0	0	0	0	
369	43	12	4	4	6	2	0	0	0	0	0	0	0	0	
370	43	6	0	4	6	2	0	0	0	0	0	0	0	0	
371	43	0	6	4	6	2	0	0	0	0	0	0	0	0	
372	42	6	12	4	6	2	0	0	0	0	0	0	0	0	
373	43	12	6	4	6	2	0	0	0	0	0	0	0	0	
374	43	8	0	4	6	2	0	0	0	0	0	0	0	0	
375	43	0	8	4	6	2	0	0	0	0	0	0	0	0	
376	43	8	12	4	6	2	0	0	0	0	0	0	0	0	
377	43	12	8	4	6	2	0	0	0	0	0	0	0	0	
378	43	10	0	4	6	2	0	0	0	0	0	0	0	0	
379	43	0	10	4	6	2	0	0	0	0	0	0	0	0	
380	43	10	12	4	6	2	0	0	0	0	0	0	0	0	
381	43	12	10	4	6	2	0	0	0	0	0	0	0	0	
382	43	0	0	4	6	2	0	0	0	0	0	0	0	0	
383	43	0	12	4	6	2	0	0	0	0	0	0	0	0	
384	43	12	0	4	6	2	0	0	0	0	0	0	0	0	
385	43	12	12	4	6	2	0	0	0	0	0	0	0	0	
386	37	6	10	4	6	2	0	0	0	0	0	0	0	0	
387	40	16	0	-999	-999	2	0	0	0	0	0	0	0	0	
388	40	14	0	-999	-999	2	0	0	0	0	0	0	0	0	
389	40	18	0	-999	-999	2	0	0	0	0	0	0	0	0	
390	37	2	10	4	6	2	0	0	0	0	0	0	0	0	
391	37	2	8	4	6	2	0	0	0	0	0	0	0	0	
392	35	10	10	4	6	2	0	0	0	0	0	0	0	0	
393	37	10	8	4	6	2	0	0	0	0	0	0	0	0	
394	37	4	8	8	10	2	0	0	0	0	0	0	0	0	
395	36	6	6	4	6	2	0	0	0	0	0	0	0	0	
396	37	6	4	4	6	2	0	0	0	0	0	0	0	0	
397	37	6	10	8	10	2	0	0	0	0	0	0	0	0	
398	37	6	8	8	10	2	0	0	0	0	0	0	0	0	
399	37	2	8	8	10	2	0	0	0	0	0	0	0	0	
400	20	6	6	9	20	2	0	0	0	0	0	0	0	0	
401	37	6	4	8	10	2	0	0	0	0	0	0	0	0	
402	21	6	2	4	6	2	0	0	0	0	0	0	0	0	
403	37	6	2	8	10	2	0	0	0	0	0	0	0	0	
404	32	6	8	-999	-999	2	0	0	0	0	0	0	0	0	
426	426	422	422	418	418	414	414	410	410	406	406	425	425	
426	426	422	422	418	418	414	414	410	410	406	406	425	425	
407	407	441	441	438	438	309	309	310	310	429	429	405	405	
407	407	441	441	438	438	309	309	310	310	429	429	405	405	
411	411	663	663	NULL	NULL	NULL	NULL	NULL	NULL	NULL	NULL	409	409	
411	411	663	663	NULL	NULL	NULL	NULL	NULL	NULL	NULL	NULL	409	409	
415	415	443	443	356	356	436	436	433	433	430	430	413	413	
415	415	443	443	356	356	436	436	433	433	430	430	413	413	
419	419	354	354	NULL	NULL	NULL	NULL	NULL	NULL	NULL	NULL	417	417	
419	419	354	354	NULL	NULL	NULL	NULL	NULL	NULL	NULL	NULL	417	417	
423	423	445	445	440	440	437	437	434	434	431	431	421	421	
423	423	445	445	440	440	437	437	434	434	431	431	421	421	
428	428	424	424	420	420	416	416	412	412	408	408	427	427	
428	428	424	424	420	420	416	416	412	412	408	408	427	427	
405	43	12	2	6	8	2	0	0	0	0	0	0	0	0	
406	43	10	0	6	8	2	0	0	0	0	0	0	0	0	
407	43	0	2	6	8	2	0	0	0	0	0	0	0	0	
408	43	10	12	6	8	2	0	0	0	0	0	0	0	0	
409	43	12	4	6	8	2	0	0	0	0	0	0	0	0	
410	43	8	0	6	8	2	0	0	0	0	0	0	0	0	
411	43	0	4	6	8	2	0	0	0	0	0	0	0	0	
412	43	8	12	6	8	2	0	0	0	0	0	0	0	0	
413	43	12	6	6	8	2	0	0	0	0	0	0	0	0	
414	43	6	0	6	8	2	0	0	0	0	0	0	0	0	
415	42	0	6	6	8	2	0	0	0	0	0	0	0	0	
416	43	6	12	6	8	2	0	0	0	0	0	0	0	0	
417	43	12	8	6	8	2	0	0	0	0	0	0	0	0	
418	43	4	0	6	8	2	0	0	0	0	0	0	0	0	
419	43	0	8	6	8	2	0	0	0	0	0	0	0	0	
420	43	4	12	6	8	2	0	0	0	0	0	0	0	0	
421	43	12	10	6	8	2	0	0	0	0	0	0	0	0	
422	43	2	0	6	8	2	0	0	0	0	0	0	0	0	
423	43	0	10	6	8	2	0	0	0	0	0	0	0	0	
424	43	2	12	6	8	2	0	0	0	0	0	0	0	0	
425	43	12	0	6	8	2	0	0	0	0	0	0	0	0	
426	43	0	0	6	8	2	0	0	0	0	0	0	0	0	
427	43	12	12	6	8	2	0	0	0	0	0	0	0	0	
428	43	0	12	6	8	2	0	0	0	0	0	0	0	0	
429	21	10	2	6	8	2	0	0	0	0	0	0	0	0	
430	21	10	6	6	8	2	0	0	0	0	0	0	0	0	
431	21	10	10	6	8	2	0	0	0	0	0	0	0	0	
432	42	6	12	13	20	2	0	0	0	0	0	0	0	0	
433	37	8	6	6	8	2	0	0	0	0	0	0	0	0	
434	37	8	10	6	8	2	0	0	0	0	0	0	0	0	
435	43	12	6	13	20	2	0	0	0	0	0	0	0	0	
436	37	6	6	6	8	2	0	0	0	0	0	0	0	0	
437	37	6	10	6	8	2	0	0	0	0	0	0	0	0	
438	35	4	2	6	8	2	0	0	0	0	0	0	0	0	
439	79	6	8	4	6	2	0	0	0	0	0	0	0	0	
440	37	4	10	6	8	2	0	0	0	0	0	0	0	0	
441	35	2	2	6	8	2	0	0	0	0	0	0	0	0	
442	79	8	10	4	6	1	0	0	0	0	0	0	0	0	
443	37	2	6	6	8	2	0	0	0	0	0	0	0	0	
444	79	4	10	4	6	3	0	0	0	0	0	0	0	0	
445	37	2	10	6	8	2	0	0	0	0	0	0	0	0	
446	43	0	12	8	10	2	0	0	0	0	0	0	0	0	
447	43	4	12	11	20	2	0	0	0	0	0	0	0	0	
448	0	11	22	-999	-999	2	0	2	1	0	0	0	0	0	
449	43	2	0	11	20	2	0	0	0	0	0	0	0	0	
450	43	12	2	13	20	2	0	0	0	0	0	0	0	0	
451	42	6	12	11	20	2	0	0	0	0	0	0	0	0	
452	21	2	6	4	6	2	0	0	0	0	0	0	0	0	
453	43	12	4	11	20	2	0	0	0	0	0	0	0	0	
454	43	2	12	13	20	2	0	0	0	0	0	0	0	0	
455	43	8	12	11	20	2	0	0	0	0	0	0	0	0	
456	37	4	4	8	10	2	0	0	0	0	0	0	0	0	
457	42	12	6	11	20	2	0	0	0	0	0	0	0	0	
458	43	0	2	13	20	2	0	0	0	0	0	0	0	0	
459	43	10	12	11	20	2	0	0	0	0	0	0	0	0	
460	37	2	4	8	10	2	0	0	0	0	0	0	0	0	
461	43	12	8	11	20	2	0	0	0	0	0	0	0	0	
462	43	2	0	13	20	2	0	0	0	0	0	0	0	0	
463	43	12	0	11	20	2	0	0	0	0	0	0	0	0	
464	43	12	12	8	10	2	0	0	0	0	0	0	0	0	
465	43	12	10	11	20	2	0	0	0	0	0	0	0	0	
466	32	13	20	-999	-999	2	0	0	0	0	0	0	0	0	
34	34	462	462	487	487	483	483	22	22	50	50	23	23	
34	34	462	462	487	487	483	483	22	22	50	50	23	23	
458	458	54	54	25	25	33	33	26	26	28	28	450	450	
458	458	54	54	25	25	33	33	26	26	28	28	450	450	
486	486	53	53	NULL	NULL	NULL	NULL	NULL	NULL	59	59	484	484	
486	486	53	53	NULL	NULL	NULL	NULL	NULL	NULL	59	59	484	484	
308	308	42	42	NULL	NULL	NULL	NULL	NULL	NULL	60	60	435	435	
308	308	42	42	NULL	NULL	NULL	NULL	NULL	NULL	60	60	435	435	
32	32	NULL	NULL	NULL	NULL	NULL	NULL	NULL	NULL	30	30	38	38	
32	32	NULL	NULL	NULL	NULL	NULL	NULL	NULL	NULL	30	30	38	38	
44	44	NULL	NULL	NULL	NULL	47	47	55	55	41	41	61	61	
44	44	NULL	NULL	NULL	NULL	47	47	55	55	41	41	61	61	
43	43	454	454	485	485	432	432	36	36	37	37	27	27	
43	43	454	454	485	485	432	432	36	36	37	37	27	27	
467	32	11	20	-999	-999	2	0	0	0	0	0	0	0	0	
481	481	449	449	476	476	478	478	479	479	480	480	463	463	
481	481	449	449	476	476	478	478	479	479	480	480	463	463	
469	469	24	24	40	40	58	58	51	51	10	10	477	477	
469	469	24	24	40	40	58	58	51	51	10	10	477	477	
471	471	45	45	NULL	NULL	NULL	NULL	NULL	NULL	97	97	453	453	
471	471	45	45	NULL	NULL	NULL	NULL	NULL	NULL	97	97	453	453	
472	472	39	39	NULL	NULL	NULL	NULL	NULL	NULL	49	49	457	457	
472	472	39	39	NULL	NULL	NULL	NULL	NULL	NULL	49	49	457	457	
473	473	63	63	NULL	NULL	NULL	NULL	NULL	NULL	NULL	NULL	461	461	
473	473	63	63	NULL	NULL	NULL	NULL	NULL	NULL	NULL	NULL	461	461	
474	474	56	56	35	35	31	31	NULL	NULL	NULL	NULL	465	465	
474	474	56	56	35	35	31	31	NULL	NULL	NULL	NULL	465	465	
475	475	482	482	447	447	451	451	455	455	459	459	470	470	
475	475	482	482	447	447	451	451	455	455	459	459	470	470	
468	43	12	0	8	10	2	0	0	0	0	0	0	0	0	
469	43	0	2	11	20	2	0	0	0	0	0	0	0	0	
470	43	12	12	11	20	2	0	0	0	0	0	0	0	0	
471	43	0	4	11	20	2	0	0	0	0	0	0	0	0	
472	43	0	6	11	20	2	0	0	0	0	0	0	0	0	
473	43	0	8	11	20	2	0	0	0	0	0	0	0	0	
474	43	0	10	11	20	2	0	0	0	0	0	0	0	0	
475	43	0	12	11	20	2	0	0	0	0	0	0	0	0	
476	43	4	0	11	20	2	0	0	0	0	0	0	0	0	
477	43	12	2	11	20	2	0	0	0	0	0	0	0	0	
478	43	6	0	11	20	2	0	0	0	0	0	0	0	0	
479	43	8	0	11	20	2	0	0	0	0	0	0	0	0	
480	43	10	0	11	20	2	0	0	0	0	0	0	0	0	
481	43	0	0	11	20	2	0	0	0	0	0	0	0	0	
482	43	2	12	11	20	2	0	0	0	0	0	0	0	0	
483	43	6	0	13	20	2	0	0	0	0	0	0	0	0	
484	43	12	4	13	20	2	0	0	0	0	0	0	0	0	
485	43	4	12	13	20	2	0	0	0	0	0	0	0	0	
486	43	0	4	13	20	2	0	0	0	0	0	0	0	0	
487	43	4	0	13	20	2	0	0	0	0	0	0	0	0	
488	32	8	12	-999	-999	2	0	0	0	0	0	0	0	0	
512	512	507	507	503	503	499	499	495	495	491	491	510	510	
512	512	507	507	503	503	499	499	495	495	491	491	510	510	
508	508	529	529	558	558	527	527	556	556	525	525	506	506	
508	508	529	529	558	558	527	527	556	556	525	525	506	506	
504	504	524	524	NULL	NULL	561	561	NULL	NULL	522	522	502	502	
504	504	524	524	NULL	NULL	561	561	NULL	NULL	522	522	502	502	
500	500	521	521	NULL	NULL	520	520	NULL	NULL	519	519	498	498	
500	500	521	521	NULL	NULL	520	520	NULL	NULL	519	519	498	498	
496	496	518	518	NULL	NULL	517	517	NULL	NULL	516	516	494	494	
496	496	518	518	NULL	NULL	517	517	NULL	NULL	516	516	494	494	
492	492	515	515	NULL	NULL	514	514	NULL	NULL	513	513	490	490	
492	492	515	515	NULL	NULL	514	514	NULL	NULL	513	513	490	490	
511	511	505	505	501	501	497	497	493	493	489	489	509	509	
511	511	505	505	501	501	497	497	493	493	489	489	509	509	
489	43	10	12	8	12	2	0	0	0	0	0	0	0	0	
490	43	12	10	8	12	2	0	0	0	0	0	0	0	0	
491	43	10	0	8	12	2	0	0	0	0	0	0	0	0	
492	43	0	10	8	12	2	0	0	0	0	0	0	0	0	
493	43	8	12	8	12	2	0	0	0	0	0	0	0	0	
494	43	12	8	8	12	2	0	0	0	0	0	0	0	0	
495	43	8	0	8	12	2	0	0	0	0	0	0	0	0	
496	43	0	8	8	12	2	0	0	0	0	0	0	0	0	
497	43	6	12	8	12	2	0	0	0	0	0	0	0	0	
498	43	12	6	8	12	2	0	0	0	0	0	0	0	0	
499	42	6	0	8	12	2	0	0	0	0	0	0	0	0	
500	43	0	6	8	12	2	0	0	0	0	0	0	0	0	
501	43	4	12	8	12	2	0	0	0	0	0	0	0	0	
502	43	12	4	8	12	2	0	0	0	0	0	0	0	0	
503	43	4	0	8	12	2	0	0	0	0	0	0	0	0	
504	43	0	4	8	12	2	0	0	0	0	0	0	0	0	
505	43	2	12	8	12	2	0	0	0	0	0	0	0	0	
506	43	12	2	8	12	2	0	0	0	0	0	0	0	0	
507	43	2	0	8	12	2	0	0	0	0	0	0	0	0	
508	43	0	2	8	12	2	0	0	0	0	0	0	0	0	
509	43	12	12	8	12	2	0	0	0	0	0	0	0	0	
510	43	12	0	8	12	2	0	0	0	0	0	0	0	0	
511	43	0	12	8	12	2	0	0	0	0	0	0	0	0	
512	43	0	0	8	12	2	0	0	0	0	0	0	0	0	
513	21	10	10	8	12	2	0	0	0	0	0	0	0	0	
514	21	6	10	8	12	2	0	0	0	0	0	0	0	0	
515	21	2	10	8	12	2	0	0	0	0	0	0	0	0	
516	37	10	8	8	12	2	0	0	0	0	0	0	0	0	
517	37	6	8	8	12	2	0	0	0	0	0	0	0	0	
518	35	2	8	8	12	2	0	0	0	0	0	0	0	0	
519	37	10	6	8	12	2	0	0	0	0	0	0	0	0	
520	37	6	6	8	12	2	0	0	0	0	0	0	0	0	
521	35	2	6	8	12	2	0	0	0	0	0	0	0	0	
522	35	10	4	8	12	2	0	0	0	0	0	0	0	0	
523	79	6	8	8	8	2	0	0	0	0	0	0	0	0	
524	35	2	4	8	12	2	0	0	0	0	0	0	0	0	
525	35	10	2	8	12	2	0	0	0	0	0	0	0	0	
526	79	8	10	8	8	1	0	0	0	0	0	0	0	0	
527	37	6	2	8	12	2	0	0	0	0	0	0	0	0	
528	79	4	10	8	8	3	0	0	0	0	0	0	0	0	
529	35	2	2	8	12	2	0	0	0	0	0	0	0	0	
530	32	6	12	-999	-999	2	0	0	0	0	0	0	0	0	
553	553	534	534	538	538	542	542	546	546	550	550	554	554	
553	553	534	534	538	538	542	542	546	546	550	550	554	554	
547	547	559	559	562	562	565	565	568	568	571	571	549	549	
547	547	559	559	562	562	565	565	568	568	571	571	549	549	
543	543	608	608	NULL	NULL	NULL	NULL	NULL	NULL	NULL	NULL	545	545	
543	543	608	608	NULL	NULL	NULL	NULL	NULL	NULL	NULL	NULL	545	545	
539	539	557	557	604	604	564	564	567	567	570	570	541	541	
539	539	557	557	604	604	564	564	567	567	570	570	541	541	
535	535	602	602	NULL	NULL	NULL	NULL	NULL	NULL	NULL	NULL	537	537	
535	535	602	602	NULL	NULL	NULL	NULL	NULL	NULL	NULL	NULL	537	537	
531	531	555	555	560	560	563	563	566	566	569	569	533	533	
531	531	555	555	560	560	563	563	566	566	569	569	533	533	
551	551	532	532	536	536	540	540	544	544	548	548	552	552	
551	551	532	532	536	536	540	540	544	544	548	548	552	552	
531	43	0	10	6	12	2	0	0	0	0	0	0	0	0	
532	43	2	12	6	12	2	0	0	0	0	0	0	0	0	
533	43	12	10	6	12	2	0	0	0	0	0	0	0	0	
534	43	2	0	6	12	2	0	0	0	0	0	0	0	0	
535	43	0	8	6	12	2	0	0	0	0	0	0	0	0	
536	43	4	12	6	12	2	0	0	0	0	0	0	0	0	
537	43	12	8	6	12	2	0	0	0	0	0	0	0	0	
538	43	4	0	6	12	2	0	0	0	0	0	0	0	0	
539	42	0	6	6	12	2	0	0	0	0	0	0	0	0	
540	43	6	12	6	12	2	0	0	0	0	0	0	0	0	
541	43	12	6	6	12	2	0	0	0	0	0	0	0	0	
542	43	6	0	6	12	2	0	0	0	0	0	0	0	0	
543	43	0	4	6	12	2	0	0	0	0	0	0	0	0	
544	43	8	12	6	12	2	0	0	0	0	0	0	0	0	
545	43	12	4	6	12	2	0	0	0	0	0	0	0	0	
546	43	8	0	6	12	2	0	0	0	0	0	0	0	0	
547	43	0	2	6	12	2	0	0	0	0	0	0	0	0	
548	43	10	12	6	12	2	0	0	0	0	0	0	0	0	
549	43	12	2	6	12	2	0	0	0	0	0	0	0	0	
550	43	10	0	6	12	2	0	0	0	0	0	0	0	0	
551	43	0	12	6	12	2	0	0	0	0	0	0	0	0	
552	43	12	12	6	12	2	0	0	0	0	0	0	0	0	
553	43	0	0	6	12	2	0	0	0	0	0	0	0	0	
554	43	12	0	6	12	2	0	0	0	0	0	0	0	0	
555	39	2	10	6	12	2	0	0	0	0	0	0	0	0	
556	79	8	2	8	12	3	0	0	0	0	0	0	0	0	
557	37	2	6	6	12	2	0	0	0	0	0	0	0	0	
558	79	4	2	8	12	1	0	0	0	0	0	0	0	0	
559	39	2	2	6	12	2	0	0	0	0	0	0	0	0	
560	39	4	10	6	12	2	0	0	0	0	0	0	0	0	
561	79	6	4	8	12	2	0	0	0	0	0	0	0	0	
562	39	4	2	6	12	2	0	0	0	0	0	0	0	0	
563	39	6	10	6	12	2	0	0	0	0	0	0	0	0	
564	35	6	6	6	12	2	0	0	0	0	0	0	0	0	
565	39	6	2	6	12	2	0	0	0	0	0	0	0	0	
566	39	8	10	6	12	2	0	0	0	0	0	0	0	0	
567	35	8	6	6	12	2	0	0	0	0	0	0	0	0	
568	39	8	2	6	12	2	0	0	0	0	0	0	0	0	
569	21	10	10	6	12	2	0	0	0	0	0	0	0	0	
570	21	10	6	6	12	2	0	0	0	0	0	0	0	0	
571	21	10	2	6	12	2	0	0	0	0	0	0	0	0	
572	32	4	14	-999	-999	2	0	0	0	0	0	0	0	0	
594	594	590	590	586	586	582	582	578	578	574	574	593	593	
594	594	590	590	586	586	582	582	578	578	574	574	593	593	
575	575	609	609	164	164	603	603	1117	1117	597	597	573	573	
575	575	609	609	164	164	603	603	1117	1117	597	597	573	573	
579	579	610	610	NULL	NULL	1118	1118	NULL	NULL	598	598	577	577	
579	579	610	610	NULL	NULL	1118	1118	NULL	NULL	598	598	577	577	
583	583	611	611	NULL	NULL	605	605	NULL	NULL	599	599	581	581	
583	583	611	611	NULL	NULL	605	605	NULL	NULL	599	599	581	581	
587	587	612	612	NULL	NULL	606	606	NULL	NULL	600	600	585	585	
587	587	612	612	NULL	NULL	606	606	NULL	NULL	600	600	585	585	
591	591	613	613	NULL	NULL	607	607	NULL	NULL	601	601	589	589	
591	591	613	613	NULL	NULL	607	607	NULL	NULL	601	601	589	589	
596	596	592	592	588	588	584	584	580	580	576	576	595	595	
596	596	592	592	588	588	584	584	580	580	576	576	595	595	
573	43	12	2	4	14	2	0	0	0	0	0	0	0	0	
574	43	10	0	4	14	2	0	0	0	0	0	0	0	0	
575	43	0	2	4	14	2	0	0	0	0	0	0	0	0	
576	43	10	12	4	14	2	0	0	0	0	0	0	0	0	
577	43	12	4	4	14	2	0	0	0	0	0	0	0	0	
578	43	8	0	4	14	2	0	0	0	0	0	0	0	0	
579	43	0	4	4	14	2	0	0	0	0	0	0	0	0	
580	43	8	12	4	14	2	0	0	0	0	0	0	0	0	
581	43	12	6	4	14	2	0	0	0	0	0	0	0	0	
582	42	6	0	4	14	2	0	0	0	0	0	0	0	0	
583	43	0	6	4	14	2	0	0	0	0	0	0	0	0	
584	43	6	12	4	14	2	0	0	0	0	0	0	0	0	
585	43	12	8	4	14	2	0	0	0	0	0	0	0	0	
586	43	4	0	4	14	2	0	0	0	0	0	0	0	0	
587	43	0	8	4	14	2	0	0	0	0	0	0	0	0	
588	43	4	12	4	14	2	0	0	0	0	0	0	0	0	
589	43	12	10	4	14	2	0	0	0	0	0	0	0	0	
590	43	2	0	4	14	2	0	0	0	0	0	0	0	0	
591	43	0	10	4	14	2	0	0	0	0	0	0	0	0	
592	43	2	12	4	14	2	0	0	0	0	0	0	0	0	
593	43	12	0	4	14	2	0	0	0	0	0	0	0	0	
594	43	0	0	4	14	2	0	0	0	0	0	0	0	0	
595	43	12	12	4	14	2	0	0	0	0	0	0	0	0	
596	43	0	12	4	14	2	0	0	0	0	0	0	0	0	
597	35	10	2	4	14	2	0	0	0	0	0	0	0	0	
598	35	10	4	4	14	2	0	0	0	0	0	0	0	0	
599	35	10	6	4	14	2	0	0	0	0	0	0	0	0	
600	35	10	8	4	14	2	0	0	0	0	0	0	0	0	
601	21	10	10	4	14	2	0	0	0	0	0	0	0	0	
602	79	2	8	6	12	1	0	0	0	0	0	0	0	0	
603	37	6	2	4	14	2	0	0	0	0	0	0	0	0	
604	79	4	6	6	12	2	0	0	0	0	0	0	0	0	
605	35	6	6	4	14	2	0	0	0	0	0	0	0	0	
606	35	6	8	4	14	2	0	0	0	0	0	0	0	0	
607	21	6	10	4	14	2	0	0	0	0	0	0	0	0	
608	79	2	4	6	12	3	0	0	0	0	0	0	0	0	
609	39	2	2	4	14	2	0	0	0	0	0	0	0	0	
610	39	2	4	4	14	2	0	0	0	0	0	0	0	0	
611	39	2	6	4	14	2	0	0	0	0	0	0	0	0	
612	39	2	8	4	14	2	0	0	0	0	0	0	0	0	
613	21	2	10	4	14	2	0	0	0	0	0	0	0	0	
614	32	8	10	-999	-999	2	0	0	0	0	0	0	0	0	
635	635	615	615	619	619	623	623	627	627	631	631	468	468	
635	635	615	615	619	619	623	623	627	627	631	631	468	468	
616	616	NULL	NULL	NULL	NULL	403	403	NULL	NULL	NULL	NULL	618	618	
616	616	NULL	NULL	NULL	NULL	403	403	NULL	NULL	NULL	NULL	618	618	
620	620	460	460	456	456	401	401	NULL	NULL	NULL	NULL	622	622	
620	620	460	460	456	456	401	401	NULL	NULL	NULL	NULL	622	622	
624	624	NULL	NULL	NULL	NULL	NULL	NULL	NULL	NULL	NULL	NULL	626	626	
624	624	NULL	NULL	NULL	NULL	NULL	NULL	NULL	NULL	NULL	NULL	626	626	
628	628	399	399	394	394	398	398	NULL	NULL	NULL	NULL	630	630	
628	628	399	399	394	394	398	398	NULL	NULL	NULL	NULL	630	630	
632	632	NULL	NULL	NULL	NULL	397	397	NULL	NULL	NULL	NULL	634	634	
632	632	NULL	NULL	NULL	NULL	397	397	NULL	NULL	NULL	NULL	634	634	
446	446	617	617	621	621	625	625	629	629	633	633	464	464	
446	446	617	617	621	621	625	625	629	629	633	633	464	464	
615	43	2	0	8	10	2	0	0	0	0	0	0	0	0	
616	43	0	2	8	10	2	0	0	0	0	0	0	0	0	
617	43	2	12	8	10	2	0	0	0	0	0	0	0	0	
618	43	12	2	8	10	2	0	0	0	0	0	0	0	0	
619	43	4	0	8	10	2	0	0	0	0	0	0	0	0	
620	42	0	4	8	10	2	0	0	0	0	0	0	0	0	
621	43	4	12	8	10	2	0	0	0	0	0	0	0	0	
622	43	12	4	8	10	2	0	0	0	0	0	0	0	0	
623	42	6	0	8	10	2	0	0	0	0	0	0	0	0	
624	43	0	6	8	10	2	0	0	0	0	0	0	0	0	
625	42	6	12	8	10	2	0	0	0	0	0	0	0	0	
626	43	12	6	8	10	2	0	0	0	0	0	0	0	0	
627	43	8	0	8	10	2	0	0	0	0	0	0	0	0	
628	42	0	8	8	10	2	0	0	0	0	0	0	0	0	
629	43	8	12	8	10	2	0	0	0	0	0	0	0	0	
630	43	12	8	8	10	2	0	0	0	0	0	0	0	0	
631	43	10	0	8	10	2	0	0	0	0	0	0	0	0	
632	43	0	10	8	10	2	0	0	0	0	0	0	0	0	
633	43	10	12	8	10	2	0	0	0	0	0	0	0	0	
634	43	12	10	8	10	2	0	0	0	0	0	0	0	0	
635	43	0	0	8	10	2	0	0	0	0	0	0	0	0	
636	32	8	8	-999	-999	2	0	0	0	0	0	0	0	0	
659	659	640	640	644	644	648	648	652	652	656	656	660	660	
659	659	640	640	644	644	648	648	652	652	656	656	660	660	
653	653	665	665	NULL	NULL	353	353	NULL	NULL	NULL	NULL	655	655	
653	653	665	665	NULL	NULL	353	353	NULL	NULL	NULL	NULL	655	655	
649	649	664	664	NULL	NULL	130	130	NULL	NULL	NULL	NULL	651	651	
649	649	664	664	NULL	NULL	130	130	NULL	NULL	NULL	NULL	651	651	
645	645	360	360	NULL	NULL	128	128	NULL	NULL	NULL	NULL	647	647	
645	645	360	360	NULL	NULL	128	128	NULL	NULL	NULL	NULL	647	647	
641	641	352	352	NULL	NULL	523	523	NULL	NULL	NULL	NULL	643	643	
641	641	352	352	NULL	NULL	523	523	NULL	NULL	NULL	NULL	643	643	
637	637	661	661	528	528	355	355	526	526	662	662	639	639	
637	637	661	661	528	528	355	355	526	526	662	662	639	639	
657	657	638	638	642	642	646	646	650	650	654	654	658	658	
657	657	638	638	642	642	646	646	650	650	654	654	658	658	
637	43	0	10	8	8	2	0	0	0	0	0	0	0	0	
638	43	2	12	8	8	2	0	0	0	0	0	0	0	0	
639	43	12	10	8	8	2	0	0	0	0	0	0	0	0	
640	43	2	0	8	8	2	0	0	0	0	0	0	0	0	
641	43	0	8	8	8	2	0	0	0	0	0	0	0	0	
642	43	4	12	8	8	2	0	0	0	0	0	0	0	0	
643	43	12	8	8	8	2	0	0	0	0	0	0	0	0	
644	43	4	0	8	8	2	0	0	0	0	0	0	0	0	
645	43	0	6	8	8	2	0	0	0	0	0	0	0	0	
646	42	6	12	8	8	2	0	0	0	0	0	0	0	0	
647	43	12	6	8	8	2	0	0	0	0	0	0	0	0	
648	43	6	0	8	8	2	0	0	0	0	0	0	0	0	
649	43	0	4	8	8	2	0	0	0	0	0	0	0	0	
650	43	8	12	8	8	2	0	0	0	0	0	0	0	0	
651	43	12	4	8	8	2	0	0	0	0	0	0	0	0	
652	43	8	0	8	8	2	0	0	0	0	0	0	0	0	
653	43	0	2	8	8	2	0	0	0	0	0	0	0	0	
654	43	10	12	8	8	2	0	0	0	0	0	0	0	0	
655	43	12	2	8	8	2	0	0	0	0	0	0	0	0	
656	43	10	0	8	8	2	0	0	0	0	0	0	0	0	
657	43	0	12	8	8	2	0	0	0	0	0	0	0	0	
658	43	12	12	8	8	2	0	0	0	0	0	0	0	0	
659	43	0	0	8	8	2	0	0	0	0	0	0	0	0	
660	43	12	0	8	8	2	0	0	0	0	0	0	0	0	
661	35	2	10	8	8	2	0	0	0	0	0	0	0	0	
662	21	10	10	8	8	2	0	0	0	0	0	0	0	0	
663	79	2	4	6	8	3	0	0	0	0	0	0	0	0	
664	37	2	4	8	8	2	0	0	0	0	0	0	0	0	
665	21	2	2	8	8	2	0	0	0	0	0	0	0	0	
666	37	6	2	9	22	4	0	0	0	0	0	0	0	0	
667	43	12	2	9	20	2	0	0	0	0	0	0	0	0	
668	43	4	0	9	20	2	0	0	0	0	0	0	0	0	
669	43	0	4	9	20	2	0	0	0	0	0	0	0	0	
670	43	2	12	9	20	2	0	0	0	0	0	0	0	0	
671	43	6	0	9	20	2	0	0	0	0	0	0	0	0	
672	43	0	6	9	20	2	0	0	0	0	0	0	0	0	
673	43	0	2	9	20	2	0	0	0	0	0	0	0	0	
674	78	2	10	-999	-999	2	0	0	0	0	0	0	0	0	
675	37	10	4	9	22	2	0	0	0	0	0	0	0	0	
676	37	8	4	9	22	2	0	0	0	0	0	0	0	0	
677	43	12	2	9	22	2	0	0	0	0	0	0	0	0	
678	37	10	4	13	22	2	0	0	0	0	0	0	0	0	
679	60	10	6	9	22	2	0	0	0	0	0	0	0	0	
680	43	8	0	9	20	2	0	0	0	0	0	0	0	0	
681	43	2	0	9	20	2	0	0	0	0	0	0	0	0	
682	43	0	8	9	20	2	0	0	0	0	0	0	0	0	
683	62	2	6	9	22	2	0	0	0	0	0	0	0	0	
684	43	12	0	9	22	2	0	0	0	0	0	0	0	0	
685	35	2	8	9	22	2	0	0	0	0	0	0	0	0	
686	43	12	10	9	20	2	0	0	0	0	0	0	0	0	
687	37	4	4	9	22	2	0	0	0	0	0	0	0	0	
688	37	10	8	13	22	2	0	0	0	0	0	0	0	0	
689	43	4	12	9	20	2	0	0	0	0	0	0	0	0	
690	30	8	8	13	22	2	0	0	0	0	0	0	0	0	
691	43	0	12	9	20	2	0	0	0	0	0	0	0	0	
692	43	12	8	9	22	2	0	0	0	0	0	0	0	0	
693	78	10	6	4	8	2	0	0	0	0	0	0	0	0	
694	43	4	0	9	22	2	0	0	0	0	0	0	0	0	
695	43	10	12	9	22	2	0	0	0	0	0	0	0	0	
696	27	10	10	9	22	2	0	0	0	0	0	0	0	0	
697	43	12	4	9	20	2	0	0	0	0	0	0	0	0	
698	43	0	2	9	22	2	0	0	0	0	0	0	0	0	
699	29	2	10	9	22	2	0	0	0	0	0	0	0	0	
700	78	6	10	4	12	2	0	0	0	0	0	0	0	0	
701	78	6	2	4	8	2	0	0	0	0	0	0	0	0	
702	43	0	0	9	22	2	0	0	0	0	0	0	0	0	
703	35	6	8	9	22	2	0	0	0	0	0	0	0	0	
704	43	12	0	9	20	2	0	0	0	0	0	0	0	0	
705	78	8	4	6	10	2	0	0	0	0	0	0	0	0	
706	43	8	12	9	20	2	0	0	0	0	0	0	0	0	
707	35	10	8	9	22	2	0	0	0	0	0	0	0	0	
708	43	0	0	9	20	2	0	0	0	0	0	0	0	0	
709	78	8	8	6	10	2	0	0	0	0	0	0	0	0	
710	43	10	12	9	20	2	0	0	0	0	0	0	0	0	
711	43	0	10	9	20	2	0	0	0	0	0	0	0	0	
712	43	10	0	9	20	2	0	0	0	0	0	0	0	0	
713	43	12	8	9	20	2	0	0	0	0	0	0	0	0	
714	37	10	6	13	22	2	0	0	0	0	0	0	0	0	
715	32	9	22	-999	-999	2	0	0	0	0	0	0	0	0	
702	702	717	717	694	694	721	721	727	727	734	734	684	684	
702	702	717	717	694	694	721	721	727	727	734	734	684	684	
698	698	NULL	NULL	NULL	NULL	666	666	NULL	NULL	NULL	NULL	677	677	
698	698	NULL	NULL	NULL	NULL	666	666	NULL	NULL	NULL	NULL	677	677	
722	722	98	98	687	687	129	129	676	676	675	675	724	724	
722	722	98	98	687	687	129	129	676	676	675	675	724	724	
731	731	683	683	NULL	NULL	728	728	NULL	NULL	679	679	720	720	
731	731	683	683	NULL	NULL	728	728	NULL	NULL	679	679	720	720	
718	718	685	685	NULL	NULL	703	703	NULL	NULL	707	707	692	692	
718	718	685	685	NULL	NULL	703	703	NULL	NULL	707	707	692	692	
716	716	699	699	NULL	NULL	732	732	NULL	NULL	696	696	733	733	
716	716	699	699	NULL	NULL	732	732	NULL	NULL	696	696	733	733	
730	730	735	735	719	719	729	729	723	723	695	695	726	726	
730	730	735	735	719	719	729	729	723	723	695	695	726	726	
716	43	0	10	9	22	2	0	0	0	0	0	0	0	0	
717	43	2	0	9	22	2	0	0	0	0	0	0	0	0	
718	43	0	8	9	22	2	0	0	0	0	0	0	0	0	
719	43	4	12	9	22	2	0	0	0	0	0	0	0	0	
720	43	12	6	9	22	2	0	0	0	0	0	0	0	0	
721	42	6	0	9	22	2	0	0	0	0	0	0	0	0	
722	43	0	4	9	22	2	0	0	0	0	0	0	0	0	
723	43	8	12	9	22	2	0	0	0	0	0	0	0	0	
724	43	12	4	9	22	2	0	0	0	0	0	0	0	0	
725	32	9	20	-999	-999	2	0	0	0	0	0	0	0	0	
708	708	681	681	668	668	671	671	680	680	712	712	704	704	
708	708	681	681	668	668	671	671	680	680	712	712	704	704	
673	673	NULL	NULL	NULL	NULL	NULL	NULL	NULL	NULL	NULL	NULL	667	667	
673	673	NULL	NULL	NULL	NULL	NULL	NULL	NULL	NULL	NULL	NULL	667	667	
669	669	NULL	NULL	NULL	NULL	NULL	NULL	NULL	NULL	NULL	NULL	697	697	
669	669	NULL	NULL	NULL	NULL	NULL	NULL	NULL	NULL	NULL	NULL	697	697	
672	672	NULL	NULL	NULL	NULL	400	400	NULL	NULL	NULL	NULL	46	46	
672	672	NULL	NULL	NULL	NULL	400	400	NULL	NULL	NULL	NULL	46	46	
682	682	NULL	NULL	NULL	NULL	197	197	NULL	NULL	NULL	NULL	713	713	
682	682	NULL	NULL	NULL	NULL	197	197	NULL	NULL	NULL	NULL	713	713	
711	711	NULL	NULL	NULL	NULL	229	229	NULL	NULL	NULL	NULL	686	686	
711	711	NULL	NULL	NULL	NULL	229	229	NULL	NULL	NULL	NULL	686	686	
691	691	670	670	689	689	235	235	706	706	710	710	191	191	
691	691	670	670	689	689	235	235	706	706	710	710	191	191	
726	43	12	12	9	22	2	0	0	0	0	0	0	0	0	
727	43	8	0	9	22	2	0	0	0	0	0	0	0	0	
728	61	6	6	9	22	2	0	0	0	0	0	0	0	0	
729	43	6	12	9	22	2	0	0	0	0	0	0	0	0	
730	43	0	12	9	22	2	0	0	0	0	0	0	0	0	
731	43	0	6	9	22	2	0	0	0	0	0	0	0	0	
732	28	6	10	9	22	2	0	0	0	0	0	0	0	0	
733	43	12	10	9	22	2	0	0	0	0	0	0	0	0	
734	43	10	0	9	22	2	0	0	0	0	0	0	0	0	
735	43	2	12	9	22	2	0	0	0	0	0	0	0	0	
736	61	6	4	15	22	2	0	0	0	0	0	0	0	0	
737	62	8	4	15	22	2	0	0	0	0	0	0	0	0	
738	62	10	4	15	22	2	0	0	0	0	0	0	0	0	
739	32	17	22	-999	-999	2	0	0	0	0	0	0	0	0	
760	760	740	740	744	744	748	748	752	752	756	756	762	762	
760	760	740	740	744	744	748	748	752	752	756	756	762	762	
741	741	764	764	765	765	766	766	767	767	768	768	743	743	
741	741	764	764	765	765	766	766	767	767	768	768	743	743	
745	745	769	769	770	770	771	771	772	772	773	773	747	747	
745	745	769	769	770	770	771	771	772	772	773	773	747	747	
749	749	774	774	775	775	776	776	777	777	778	778	751	751	
749	749	774	774	775	775	776	776	777	777	778	778	751	751	
753	753	779	779	780	780	781	781	782	782	783	783	755	755	
753	753	779	779	780	780	781	781	782	782	783	783	755	755	
757	757	NULL	NULL	NULL	NULL	NULL	NULL	NULL	NULL	NULL	NULL	759	759	
757	757	NULL	NULL	NULL	NULL	NULL	NULL	NULL	NULL	NULL	NULL	759	759	
761	761	742	742	746	746	750	750	754	754	758	758	763	763	
761	761	742	742	746	746	750	750	754	754	758	758	763	763	
740	43	2	0	17	22	2	0	0	0	0	0	0	0	0	
741	43	0	2	17	22	2	0	0	0	0	0	0	0	0	
742	43	2	12	17	22	2	0	0	0	0	0	0	0	0	
743	43	12	2	17	22	2	0	0	0	0	0	0	0	0	
744	43	4	0	17	22	2	0	0	0	0	0	0	0	0	
745	43	0	4	17	22	2	0	0	0	0	0	0	0	0	
746	43	4	12	17	22	2	0	0	0	0	0	0	0	0	
747	43	12	4	17	22	2	0	0	0	0	0	0	0	0	
748	43	6	0	17	22	2	0	0	0	0	0	0	0	0	
749	43	0	6	17	22	2	0	0	0	0	0	0	0	0	
750	43	6	12	17	22	2	0	0	0	0	0	0	0	0	
751	43	12	6	17	22	2	0	0	0	0	0	0	0	0	
752	43	8	0	17	22	2	0	0	0	0	0	0	0	0	
753	42	0	8	17	22	0	0	0	0	0	0	0	0	0	
754	43	8	12	17	22	2	0	0	0	0	0	0	0	0	
755	42	12	8	17	22	0	0	0	0	0	0	0	0	0	
756	43	10	0	17	22	2	0	0	0	0	0	0	0	0	
757	43	0	10	17	22	2	0	0	0	0	0	0	0	0	
758	43	10	12	17	22	2	0	0	0	0	0	0	0	0	
759	43	12	10	17	22	2	0	0	0	0	0	0	0	0	
760	43	0	0	17	22	2	0	0	0	0	0	0	0	0	
761	43	0	12	17	22	2	0	0	0	0	0	0	0	0	
762	43	12	0	17	22	2	0	0	0	0	0	0	0	0	
763	43	12	12	17	22	2	0	0	0	0	0	0	0	0	
764	17	2	2	17	22	3	0	0	0	0	0	0	0	0	
765	19	4	2	17	22	3	0	0	0	0	0	0	0	0	
766	17	6	2	17	22	3	0	0	0	0	0	0	0	0	
767	18	8	2	17	22	3	0	0	0	0	0	0	0	0	
768	17	10	2	17	22	3	0	0	0	0	0	0	0	0	
769	60	2	4	17	22	2	0	0	0	0	0	0	0	0	
770	62	4	4	17	22	2	0	0	0	0	0	0	0	0	
771	60	6	4	17	22	2	0	0	0	0	0	0	0	0	
772	61	8	4	17	22	2	0	0	0	0	0	0	0	0	
773	60	10	4	17	22	2	0	0	0	0	0	0	0	0	
774	74	2	6	17	22	1	0	0	0	0	0	0	0	0	
775	74	4	6	17	22	1	0	0	0	0	0	0	0	0	
776	74	6	6	17	22	1	0	0	0	0	0	0	0	0	
777	74	8	6	17	22	1	0	0	0	0	0	0	0	0	
778	74	10	6	17	22	1	0	0	0	0	0	0	0	0	
779	39	2	8	17	22	0	0	0	0	0	0	0	0	0	
780	39	4	8	17	22	0	0	0	0	0	0	0	0	0	
781	39	6	8	17	22	0	0	0	0	0	0	0	0	0	
782	39	8	8	17	22	0	0	0	0	0	0	0	0	0	
783	39	10	8	17	22	0	0	0	0	0	0	0	0	0	
784	32	19	22	-999	-999	2	0	0	0	0	0	0	0	0	
805	805	785	785	789	789	793	793	797	797	801	801	807	807	
805	805	785	785	789	789	793	793	797	797	801	801	807	807	
786	786	809	809	810	810	811	811	812	812	813	813	788	788	
786	786	809	809	810	810	811	811	812	812	813	813	788	788	
790	790	814	814	815	815	816	816	817	817	818	818	792	792	
790	790	814	814	815	815	816	816	817	817	818	818	792	792	
794	794	819	819	820	820	821	821	822	822	823	823	796	796	
794	794	819	819	820	820	821	821	822	822	823	823	796	796	
798	798	824	824	825	825	826	826	281	281	280	280	800	800	
798	798	824	824	825	825	826	826	281	281	280	280	800	800	
802	802	NULL	NULL	NULL	NULL	NULL	NULL	NULL	NULL	NULL	NULL	804	804	
802	802	NULL	NULL	NULL	NULL	NULL	NULL	NULL	NULL	NULL	NULL	804	804	
806	806	787	787	791	791	795	795	799	799	803	803	808	808	
806	806	787	787	791	791	795	795	799	799	803	803	808	808	
785	43	2	0	19	22	2	0	0	0	0	0	0	0	0	
786	43	0	2	19	22	2	0	0	0	0	0	0	0	0	
787	43	2	12	19	22	2	0	0	0	0	0	0	0	0	
788	43	12	2	19	22	2	0	0	0	0	0	0	0	0	
789	43	4	0	19	22	2	0	0	0	0	0	0	0	0	
790	43	0	4	19	22	2	0	0	0	0	0	0	0	0	
791	43	4	12	19	22	2	0	0	0	0	0	0	0	0	
792	43	12	4	19	22	2	0	0	0	0	0	0	0	0	
793	43	6	0	19	22	2	0	0	0	0	0	0	0	0	
794	43	0	6	19	22	2	0	0	0	0	0	0	0	0	
795	43	6	12	19	22	2	0	0	0	0	0	0	0	0	
796	43	12	6	19	22	2	0	0	0	0	0	0	0	0	
797	43	8	0	19	22	2	0	0	0	0	0	0	0	0	
798	42	0	8	19	22	0	0	0	0	0	0	0	0	0	
799	43	8	12	19	22	2	0	0	0	0	0	0	0	0	
800	42	12	8	19	22	0	0	0	0	0	0	0	0	0	
801	43	10	0	19	22	2	0	0	0	0	0	0	0	0	
802	43	0	10	19	22	2	0	0	0	0	0	0	0	0	
803	43	10	12	19	22	2	0	0	0	0	0	0	0	0	
804	43	12	10	19	22	2	0	0	0	0	0	0	0	0	
805	43	0	0	19	22	2	0	0	0	0	0	0	0	0	
806	43	0	12	19	22	2	0	0	0	0	0	0	0	0	
807	43	12	0	19	22	2	0	0	0	0	0	0	0	0	
808	43	12	12	19	22	2	0	0	0	0	0	0	0	0	
809	19	2	2	19	22	3	0	0	0	0	0	0	0	0	
810	18	4	2	19	22	3	0	0	0	0	0	0	0	0	
811	19	6	2	19	22	3	0	0	0	0	0	0	0	0	
812	17	8	2	19	22	3	0	0	0	0	0	0	0	0	
813	18	10	2	19	22	3	0	0	0	0	0	0	0	0	
814	62	2	4	19	22	2	0	0	0	0	0	0	0	0	
815	61	4	4	19	22	2	0	0	0	0	0	0	0	0	
816	62	6	4	19	22	2	0	0	0	0	0	0	0	0	
817	60	8	4	19	22	2	0	0	0	0	0	0	0	0	
818	61	10	4	19	22	2	0	0	0	0	0	0	0	0	
819	74	2	6	19	22	1	0	0	0	0	0	0	0	0	
820	74	4	6	19	22	1	0	0	0	0	0	0	0	0	
821	74	6	6	19	22	1	0	0	0	0	0	0	0	0	
822	74	8	6	19	22	1	0	0	0	0	0	0	0	0	
823	74	10	6	19	22	1	0	0	0	0	0	0	0	0	
824	39	2	8	19	22	0	0	0	0	0	0	0	0	0	
825	39	4	8	19	22	0	0	0	0	0	0	0	0	0	
826	39	6	8	19	22	0	0	0	0	0	0	0	0	0	
827	32	19	18	-999	-999	2	0	0	0	0	0	0	0	0	
848	848	828	828	832	832	836	836	840	840	844	844	850	850	
848	848	828	828	832	832	836	836	840	840	844	844	850	850	
829	829	852	852	853	853	854	854	855	855	856	856	831	831	
829	829	852	852	853	853	854	854	855	855	856	856	831	831	
833	833	857	857	858	858	859	859	860	860	861	861	835	835	
833	833	857	857	858	858	859	859	860	860	861	861	835	835	
837	837	862	862	863	863	864	864	865	865	866	866	839	839	
837	837	862	862	863	863	864	864	865	865	866	866	839	839	
841	841	867	867	868	868	869	869	870	870	871	871	843	843	
841	841	867	867	868	868	869	869	870	870	871	871	843	843	
845	845	NULL	NULL	NULL	NULL	NULL	NULL	NULL	NULL	NULL	NULL	847	847	
845	845	NULL	NULL	NULL	NULL	NULL	NULL	NULL	NULL	NULL	NULL	847	847	
849	849	830	830	834	834	838	838	842	842	846	846	851	851	
849	849	830	830	834	834	838	838	842	842	846	846	851	851	
828	43	2	0	19	18	2	0	0	0	0	0	0	0	0	
829	43	0	2	19	18	2	0	0	0	0	0	0	0	0	
830	43	2	12	19	18	2	0	0	0	0	0	0	0	0	
831	43	12	2	19	18	2	0	0	0	0	0	0	0	0	
832	43	4	0	19	18	2	0	0	0	0	0	0	0	0	
833	43	0	4	19	18	2	0	0	0	0	0	0	0	0	
834	43	4	12	19	18	2	0	0	0	0	0	0	0	0	
835	43	12	4	19	18	2	0	0	0	0	0	0	0	0	
836	43	6	0	19	18	2	0	0	0	0	0	0	0	0	
837	43	0	6	19	18	2	0	0	0	0	0	0	0	0	
838	43	6	12	19	18	2	0	0	0	0	0	0	0	0	
839	43	12	6	19	18	2	0	0	0	0	0	0	0	0	
840	43	8	0	19	18	2	0	0	0	0	0	0	0	0	
841	42	0	8	19	18	0	0	0	0	0	0	0	0	0	
842	43	8	12	19	18	2	0	0	0	0	0	0	0	0	
843	42	12	8	19	18	0	0	0	0	0	0	0	0	0	
844	43	10	0	19	18	2	0	0	0	0	0	0	0	0	
845	43	0	10	19	18	2	0	0	0	0	0	0	0	0	
846	43	10	12	19	18	2	0	0	0	0	0	0	0	0	
847	43	12	10	19	18	2	0	0	0	0	0	0	0	0	
848	43	0	0	19	18	2	0	0	0	0	0	0	0	0	
849	43	0	12	19	18	2	0	0	0	0	0	0	0	0	
850	43	12	0	19	18	2	0	0	0	0	0	0	0	0	
851	43	12	12	19	18	2	0	0	0	0	0	0	0	0	
852	17	2	2	19	18	3	0	0	0	0	0	0	0	0	
853	18	4	2	19	18	3	0	0	0	0	0	0	0	0	
854	18	6	2	19	18	3	0	0	0	0	0	0	0	0	
855	19	8	2	19	18	3	0	0	0	0	0	0	0	0	
856	17	10	2	19	18	3	0	0	0	0	0	0	0	0	
857	60	2	4	19	18	2	0	0	0	0	0	0	0	0	
858	61	4	4	19	18	2	0	0	0	0	0	0	0	0	
859	61	6	4	19	18	2	0	0	0	0	0	0	0	0	
860	62	8	4	19	18	2	0	0	0	0	0	0	0	0	
861	60	10	4	19	18	2	0	0	0	0	0	0	0	0	
862	74	2	6	19	18	1	0	0	0	0	0	0	0	0	
863	74	4	6	19	18	1	0	0	0	0	0	0	0	0	
864	74	6	6	19	18	1	0	0	0	0	0	0	0	0	
865	74	8	6	19	18	1	0	0	0	0	0	0	0	0	
866	74	10	6	19	18	1	0	0	0	0	0	0	0	0	
867	39	2	8	19	18	0	0	0	0	0	0	0	0	0	
868	39	4	8	19	18	0	0	0	0	0	0	0	0	0	
869	39	6	8	19	18	0	0	0	0	0	0	0	0	0	
870	39	8	8	19	18	0	0	0	0	0	0	0	0	0	
871	39	10	8	19	18	0	0	0	0	0	0	0	0	0	
872	32	17	18	-999	-999	2	0	0	0	0	0	0	0	0	
893	893	873	873	877	877	881	881	885	885	889	889	895	895	
893	893	873	873	877	877	881	881	885	885	889	889	895	895	
874	874	897	897	898	898	899	899	900	900	901	901	876	876	
874	874	897	897	898	898	899	899	900	900	901	901	876	876	
878	878	902	902	903	903	904	904	905	905	906	906	880	880	
878	878	902	902	903	903	904	904	905	905	906	906	880	880	
882	882	907	907	908	908	909	909	910	910	911	911	884	884	
882	882	907	907	908	908	909	909	910	910	911	911	884	884	
886	886	912	912	913	913	914	914	915	915	916	916	888	888	
886	886	912	912	913	913	914	914	915	915	916	916	888	888	
890	890	NULL	NULL	NULL	NULL	NULL	NULL	NULL	NULL	NULL	NULL	892	892	
890	890	NULL	NULL	NULL	NULL	NULL	NULL	NULL	NULL	NULL	NULL	892	892	
894	894	875	875	879	879	883	883	887	887	891	891	896	896	
894	894	875	875	879	879	883	883	887	887	891	891	896	896	
873	43	2	0	17	18	2	0	0	0	0	0	0	0	0	
874	43	0	2	17	18	2	0	0	0	0	0	0	0	0	
875	43	2	12	17	18	2	0	0	0	0	0	0	0	0	
876	43	12	2	17	18	2	0	0	0	0	0	0	0	0	
877	43	4	0	17	18	2	0	0	0	0	0	0	0	0	
878	43	0	4	17	18	2	0	0	0	0	0	0	0	0	
879	43	4	12	17	18	2	0	0	0	0	0	0	0	0	
880	43	12	4	17	18	2	0	0	0	0	0	0	0	0	
881	43	6	0	17	18	2	0	0	0	0	0	0	0	0	
882	43	0	6	17	18	2	0	0	0	0	0	0	0	0	
883	43	6	12	17	18	2	0	0	0	0	0	0	0	0	
884	43	12	6	17	18	2	0	0	0	0	0	0	0	0	
885	43	8	0	17	18	2	0	0	0	0	0	0	0	0	
886	42	0	8	17	18	0	0	0	0	0	0	0	0	0	
887	43	8	12	17	18	2	0	0	0	0	0	0	0	0	
888	42	12	8	17	18	0	0	0	0	0	0	0	0	0	
889	43	10	0	17	18	2	0	0	0	0	0	0	0	0	
890	43	0	10	17	18	2	0	0	0	0	0	0	0	0	
891	43	10	12	17	18	2	0	0	0	0	0	0	0	0	
892	43	12	10	17	18	2	0	0	0	0	0	0	0	0	
893	43	0	0	17	18	2	0	0	0	0	0	0	0	0	
894	43	0	12	17	18	2	0	0	0	0	0	0	0	0	
895	43	12	0	17	18	2	0	0	0	0	0	0	0	0	
896	43	12	12	17	18	2	0	0	0	0	0	0	0	0	
897	19	2	2	17	18	3	0	0	0	0	0	0	0	0	
898	18	4	2	17	18	3	0	0	0	0	0	0	0	0	
899	19	6	2	17	18	3	0	0	0	0	0	0	0	0	
900	17	8	2	17	18	3	0	0	0	0	0	0	0	0	
901	19	10	2	17	18	3	0	0	0	0	0	0	0	0	
902	62	2	4	17	18	2	0	0	0	0	0	0	0	0	
903	61	4	4	17	18	2	0	0	0	0	0	0	0	0	
904	62	6	4	17	18	2	0	0	0	0	0	0	0	0	
905	60	8	4	17	18	2	0	0	0	0	0	0	0	0	
906	62	10	4	17	18	2	0	0	0	0	0	0	0	0	
907	74	2	6	17	18	1	0	0	0	0	0	0	0	0	
908	74	4	6	17	18	1	0	0	0	0	0	0	0	0	
909	74	6	6	17	18	1	0	0	0	0	0	0	0	0	
910	74	8	6	17	18	1	0	0	0	0	0	0	0	0	
911	74	10	6	17	18	1	0	0	0	0	0	0	0	0	
912	39	2	8	17	18	0	0	0	0	0	0	0	0	0	
913	39	4	8	17	18	0	0	0	0	0	0	0	0	0	
914	39	6	8	17	18	0	0	0	0	0	0	0	0	0	
915	39	8	8	17	18	0	0	0	0	0	0	0	0	0	
916	39	10	8	17	18	0	0	0	0	0	0	0	0	0	
917	32	15	18	-999	-999	2	0	0	0	0	0	0	0	0	
938	938	918	918	922	922	926	926	930	930	934	934	940	940	
938	938	918	918	922	922	926	926	930	930	934	934	940	940	
919	919	942	942	943	943	944	944	945	945	946	946	921	921	
919	919	942	942	943	943	944	944	945	945	946	946	921	921	
923	923	947	947	948	948	949	949	950	950	951	951	925	925	
923	923	947	947	948	948	949	949	950	950	951	951	925	925	
927	927	952	952	953	953	954	954	955	955	956	956	929	929	
927	927	952	952	953	953	954	954	955	955	956	956	929	929	
931	931	957	957	958	958	959	959	960	960	961	961	933	933	
931	931	957	957	958	958	959	959	960	960	961	961	933	933	
935	935	NULL	NULL	NULL	NULL	NULL	NULL	NULL	NULL	NULL	NULL	937	937	
935	935	NULL	NULL	NULL	NULL	NULL	NULL	NULL	NULL	NULL	NULL	937	937	
939	939	920	920	924	924	928	928	932	932	936	936	941	941	
939	939	920	920	924	924	928	928	932	932	936	936	941	941	
918	43	2	0	15	18	2	0	0	0	0	0	0	0	0	
919	43	0	2	15	18	2	0	0	0	0	0	0	0	0	
920	43	2	12	15	18	2	0	0	0	0	0	0	0	0	
921	43	12	2	15	18	2	0	0	0	0	0	0	0	0	
922	43	4	0	15	18	2	0	0	0	0	0	0	0	0	
923	43	0	4	15	18	2	0	0	0	0	0	0	0	0	
924	43	4	12	15	18	2	0	0	0	0	0	0	0	0	
925	43	12	4	15	18	2	0	0	0	0	0	0	0	0	
926	43	6	0	15	18	2	0	0	0	0	0	0	0	0	
927	43	0	6	15	18	2	0	0	0	0	0	0	0	0	
928	43	6	12	15	18	2	0	0	0	0	0	0	0	0	
929	43	12	6	15	18	2	0	0	0	0	0	0	0	0	
930	43	8	0	15	18	2	0	0	0	0	0	0	0	0	
931	42	0	8	15	18	0	0	0	0	0	0	0	0	0	
932	43	8	12	15	18	2	0	0	0	0	0	0	0	0	
933	42	12	8	15	18	0	0	0	0	0	0	0	0	0	
934	43	10	0	15	18	2	0	0	0	0	0	0	0	0	
935	43	0	10	15	18	2	0	0	0	0	0	0	0	0	
936	43	10	12	15	18	2	0	0	0	0	0	0	0	0	
937	43	12	10	15	18	2	0	0	0	0	0	0	0	0	
938	43	0	0	15	18	2	0	0	0	0	0	0	0	0	
939	43	0	12	15	18	2	0	0	0	0	0	0	0	0	
940	43	12	0	15	18	2	0	0	0	0	0	0	0	0	
941	43	12	12	15	18	2	0	0	0	0	0	0	0	0	
942	17	2	2	15	18	3	0	0	0	0	0	0	0	0	
943	19	4	2	15	18	3	0	0	0	0	0	0	0	0	
944	17	6	2	15	18	3	0	0	0	0	0	0	0	0	
945	19	8	2	15	18	3	0	0	0	0	0	0	0	0	
946	17	10	2	15	18	3	0	0	0	0	0	0	0	0	
947	60	2	4	15	18	2	0	0	0	0	0	0	0	0	
948	62	4	4	15	18	2	0	0	0	0	0	0	0	0	
949	60	6	4	15	18	2	0	0	0	0	0	0	0	0	
950	62	8	4	15	18	2	0	0	0	0	0	0	0	0	
951	60	10	4	15	18	2	0	0	0	0	0	0	0	0	
952	74	2	6	15	18	1	0	0	0	0	0	0	0	0	
953	74	4	6	15	18	1	0	0	0	0	0	0	0	0	
954	74	6	6	15	18	1	0	0	0	0	0	0	0	0	
955	74	8	6	15	18	1	0	0	0	0	0	0	0	0	
956	74	10	6	15	18	1	0	0	0	0	0	0	0	0	
957	39	2	8	15	18	0	0	0	0	0	0	0	0	0	
958	39	4	8	15	18	0	0	0	0	0	0	0	0	0	
959	39	6	8	15	18	0	0	0	0	0	0	0	0	0	
960	39	8	8	15	18	0	0	0	0	0	0	0	0	0	
961	39	10	8	15	18	0	0	0	0	0	0	0	0	0	
962	32	13	18	-999	-999	2	0	0	0	0	0	0	0	0	
983	983	963	963	967	967	971	971	975	975	979	979	985	985	
983	983	963	963	967	967	971	971	975	975	979	979	985	985	
964	964	987	987	988	988	989	989	990	990	991	991	966	966	
964	964	987	987	988	988	989	989	990	990	991	991	966	966	
968	968	992	992	993	993	994	994	995	995	996	996	970	970	
968	968	992	992	993	993	994	994	995	995	996	996	970	970	
972	972	997	997	998	998	999	999	1000	1000	1001	1001	974	974	
972	972	997	997	998	998	999	999	1000	1000	1001	1001	974	974	
976	976	1002	1002	1003	1003	1004	1004	1005	1005	1006	1006	978	978	
976	976	1002	1002	1003	1003	1004	1004	1005	1005	1006	1006	978	978	
980	980	NULL	NULL	NULL	NULL	NULL	NULL	NULL	NULL	NULL	NULL	982	982	
980	980	NULL	NULL	NULL	NULL	NULL	NULL	NULL	NULL	NULL	NULL	982	982	
984	984	965	965	969	969	973	973	977	977	981	981	986	986	
984	984	965	965	969	969	973	973	977	977	981	981	986	986	
963	43	2	0	13	18	2	0	0	0	0	0	0	0	0	
964	43	0	2	13	18	2	0	0	0	0	0	0	0	0	
965	43	2	12	13	18	2	0	0	0	0	0	0	0	0	
966	43	12	2	13	18	2	0	0	0	0	0	0	0	0	
967	43	4	0	13	18	2	0	0	0	0	0	0	0	0	
968	43	0	4	13	18	2	0	0	0	0	0	0	0	0	
969	43	4	12	13	18	2	0	0	0	0	0	0	0	0	
970	43	12	4	13	18	2	0	0	0	0	0	0	0	0	
971	43	6	0	13	18	2	0	0	0	0	0	0	0	0	
972	43	0	6	13	18	2	0	0	0	0	0	0	0	0	
973	43	6	12	13	18	2	0	0	0	0	0	0	0	0	
974	43	12	6	13	18	2	0	0	0	0	0	0	0	0	
975	43	8	0	13	18	2	0	0	0	0	0	0	0	0	
976	42	0	8	13	18	0	0	0	0	0	0	0	0	0	
977	43	8	12	13	18	2	0	0	0	0	0	0	0	0	
978	42	12	8	13	18	0	0	0	0	0	0	0	0	0	
979	43	10	0	13	18	2	0	0	0	0	0	0	0	0	
980	43	0	10	13	18	2	0	0	0	0	0	0	0	0	
981	43	10	12	13	18	2	0	0	0	0	0	0	0	0	
982	43	12	10	13	18	2	0	0	0	0	0	0	0	0	
983	43	0	0	13	18	2	0	0	0	0	0	0	0	0	
984	43	0	12	13	18	2	0	0	0	0	0	0	0	0	
985	43	12	0	13	18	2	0	0	0	0	0	0	0	0	
986	43	12	12	13	18	2	0	0	0	0	0	0	0	0	
987	19	2	2	13	18	3	0	0	0	0	0	0	0	0	
988	17	4	2	13	18	3	0	0	0	0	0	0	0	0	
989	19	6	2	13	18	3	0	0	0	0	0	0	0	0	
990	17	8	2	13	18	3	0	0	0	0	0	0	0	0	
991	19	10	2	13	18	3	0	0	0	0	0	0	0	0	
992	62	2	4	13	18	2	0	0	0	0	0	0	0	0	
993	60	4	4	13	18	2	0	0	0	0	0	0	0	0	
994	62	6	4	13	18	2	0	0	0	0	0	0	0	0	
995	60	8	4	13	18	2	0	0	0	0	0	0	0	0	
996	62	10	4	13	18	2	0	0	0	0	0	0	0	0	
997	74	2	6	13	18	1	0	0	0	0	0	0	0	0	
998	74	4	6	13	18	1	0	0	0	0	0	0	0	0	
999	74	6	6	13	18	1	0	0	0	0	0	0	0	0	
1000	74	8	6	13	18	1	0	0	0	0	0	0	0	0	
1001	74	10	6	13	18	1	0	0	0	0	0	0	0	0	
1002	39	2	8	13	18	0	0	0	0	0	0	0	0	0	
1003	39	4	8	13	18	0	0	0	0	0	0	0	0	0	
1004	39	6	8	13	18	0	0	0	0	0	0	0	0	0	
1005	39	8	8	13	18	0	0	0	0	0	0	0	0	0	
1006	39	10	8	13	18	0	0	0	0	0	0	0	0	0	
1007	32	11	18	-999	-999	2	0	0	0	0	0	0	0	0	
1028	1028	1008	1008	1012	1012	1016	1016	1020	1020	1024	1024	1030	1030	
1028	1028	1008	1008	1012	1012	1016	1016	1020	1020	1024	1024	1030	1030	
1009	1009	1032	1032	1033	1033	1034	1034	1035	1035	1036	1036	1011	1011	
1009	1009	1032	1032	1033	1033	1034	1034	1035	1035	1036	1036	1011	1011	
1013	1013	1037	1037	1038	1038	1039	1039	1040	1040	1041	1041	1015	1015	
1013	1013	1037	1037	1038	1038	1039	1039	1040	1040	1041	1041	1015	1015	
1017	1017	1042	1042	1043	1043	1044	1044	1045	1045	1046	1046	1019	1019	
1017	1017	1042	1042	1043	1043	1044	1044	1045	1045	1046	1046	1019	1019	
1021	1021	1047	1047	1048	1048	1049	1049	1050	1050	1051	1051	1023	1023	
1021	1021	1047	1047	1048	1048	1049	1049	1050	1050	1051	1051	1023	1023	
1025	1025	NULL	NULL	NULL	NULL	NULL	NULL	NULL	NULL	NULL	NULL	1027	1027	
1025	1025	NULL	NULL	NULL	NULL	NULL	NULL	NULL	NULL	NULL	NULL	1027	1027	
1029	1029	1010	1010	1014	1014	1018	1018	1022	1022	1026	1026	1031	1031	
1029	1029	1010	1010	1014	1014	1018	1018	1022	1022	1026	1026	1031	1031	
1008	43	2	0	11	18	2	0	0	0	0	0	0	0	0	
1009	43	0	2	11	18	2	0	0	0	0	0	0	0	0	
1010	43	2	12	11	18	2	0	0	0	0	0	0	0	0	
1011	43	12	2	11	18	2	0	0	0	0	0	0	0	0	
1012	43	4	0	11	18	2	0	0	0	0	0	0	0	0	
1013	43	0	4	11	18	2	0	0	0	0	0	0	0	0	
1014	43	4	12	11	18	2	0	0	0	0	0	0	0	0	
1015	43	12	4	11	18	2	0	0	0	0	0	0	0	0	
1016	43	6	0	11	18	2	0	0	0	0	0	0	0	0	
1017	43	0	6	11	18	2	0	0	0	0	0	0	0	0	
1018	43	6	12	11	18	2	0	0	0	0	0	0	0	0	
1019	43	12	6	11	18	2	0	0	0	0	0	0	0	0	
1020	43	8	0	11	18	2	0	0	0	0	0	0	0	0	
1021	43	0	8	11	18	2	0	0	0	0	0	0	0	0	
1022	43	8	12	11	18	2	0	0	0	0	0	0	0	0	
1023	42	12	8	11	18	0	0	0	0	0	0	0	0	0	
1024	43	10	0	11	18	2	0	0	0	0	0	0	0	0	
1025	43	0	10	11	18	2	0	0	0	0	0	0	0	0	
1026	43	10	12	11	18	2	0	0	0	0	0	0	0	0	
1027	43	12	10	11	18	2	0	0	0	0	0	0	0	0	
1028	43	0	0	11	18	2	0	0	0	0	0	0	0	0	
1029	43	0	12	11	18	2	0	0	0	0	0	0	0	0	
1030	43	12	0	11	18	2	0	0	0	0	0	0	0	0	
1031	43	12	12	11	18	2	0	0	0	0	0	0	0	0	
1032	17	2	2	11	18	3	0	0	0	0	0	0	0	0	
1033	19	4	2	11	18	3	0	0	0	0	0	0	0	0	
1034	17	6	2	11	18	3	0	0	0	0	0	0	0	0	
1035	19	8	2	11	18	3	0	0	0	0	0	0	0	0	
1036	17	10	2	11	18	3	0	0	0	0	0	0	0	0	
1037	60	2	4	11	18	2	0	0	0	0	0	0	0	0	
1038	62	4	4	11	18	2	0	0	0	0	0	0	0	0	
1039	60	6	4	11	18	2	0	0	0	0	0	0	0	0	
1040	62	8	4	11	18	2	0	0	0	0	0	0	0	0	
1041	60	10	4	11	18	2	0	0	0	0	0	0	0	0	
1042	74	2	6	11	18	1	0	0	0	0	0	0	0	0	
1043	74	4	6	11	18	1	0	0	0	0	0	0	0	0	
1044	74	6	6	11	18	1	0	0	0	0	0	0	0	0	
1045	74	8	6	11	18	1	0	0	0	0	0	0	0	0	
1046	74	10	6	11	18	1	0	0	0	0	0	0	0	0	
1047	39	2	8	11	18	0	0	0	0	0	0	0	0	0	
1048	39	4	8	11	18	0	0	0	0	0	0	0	0	0	
1049	39	6	8	11	18	0	0	0	0	0	0	0	0	0	
1050	39	8	8	11	18	0	0	0	0	0	0	0	0	0	
1051	39	10	8	11	18	0	0	0	0	0	0	0	0	0	
1052	43	0	12	21	22	2	0	0	0	0	0	0	0	0	
1053	39	6	10	21	18	2	0	0	0	0	0	0	0	0	
1054	43	4	12	21	18	2	0	0	0	0	0	0	0	0	
1055	43	0	4	21	18	2	0	0	0	0	0	0	0	0	
1056	43	0	2	21	18	2	0	0	0	0	0	0	0	0	
1057	39	4	9	21	18	2	0	0	0	0	0	0	0	0	
1058	43	6	0	21	18	2	0	0	0	0	0	0	0	0	
1059	43	10	0	21	18	2	0	0	0	0	0	0	0	0	
1060	43	2	12	21	18	2	0	0	0	0	0	0	0	0	
1061	39	2	8	21	18	2	0	0	0	0	0	0	0	0	
1062	42	6	12	21	18	2	0	0	0	0	0	0	0	0	
1063	43	12	0	21	18	2	0	0	0	0	0	0	0	0	
1064	43	12	2	21	18	2	0	0	0	0	0	0	0	0	
1065	39	21	20	-999	-999	2	0	0	0	0	0	0	0	0	
1066	43	8	0	21	18	2	0	0	0	0	0	0	0	0	
1067	32	21	18	-999	-999	2	0	0	0	0	0	0	0	0	
1084	1084	1069	1069	1068	1068	1058	1058	1066	1066	1059	1059	1063	1063	
1084	1084	1069	1069	1068	1068	1058	1058	1066	1066	1059	1059	1063	1063	
1056	1056	NULL	NULL	NULL	NULL	NULL	NULL	NULL	NULL	NULL	NULL	1064	1064	
1056	1056	NULL	NULL	NULL	NULL	NULL	NULL	NULL	NULL	NULL	NULL	1064	1064	
1055	1055	NULL	NULL	NULL	NULL	NULL	NULL	NULL	NULL	NULL	NULL	1081	1081	
1055	1055	NULL	NULL	NULL	NULL	NULL	NULL	NULL	NULL	NULL	NULL	1081	1081	
1086	1086	NULL	NULL	NULL	NULL	NULL	NULL	NULL	NULL	NULL	NULL	1077	1077	
1086	1086	NULL	NULL	NULL	NULL	NULL	NULL	NULL	NULL	NULL	NULL	1077	1077	
1083	1083	1061	1061	NULL	NULL	NULL	NULL	NULL	NULL	NULL	NULL	1074	1074	
1083	1083	1061	1061	1057	1057	NULL	NULL	NULL	NULL	NULL	NULL	1074	1074	
1075	1075	NULL	NULL	1057	1057	1053	1053	NULL	NULL	NULL	NULL	1078	1078	
1075	1075	NULL	NULL	NULL	NULL	1053	1053	NULL	NULL	NULL	NULL	1078	1078	
1072	1072	1060	1060	1054	1054	1062	1062	1070	1070	1085	1085	1080	1080	
1072	1072	1060	1060	1054	1054	1062	1062	1070	1070	1085	1085	1080	1080	
1068	43	4	0	21	18	2	0	0	0	0	0	0	0	0	
1069	43	2	0	21	18	2	0	0	0	0	0	0	0	0	
1070	43	8	12	21	18	2	0	0	0	0	0	0	0	0	
1071	43	12	12	21	22	2	0	0	0	0	0	0	0	0	
1072	43	0	12	21	18	2	0	0	0	0	0	0	0	0	
1073	39	2	8	21	22	2	0	0	0	0	0	0	0	0	
1074	43	12	8	21	18	2	0	0	0	0	0	0	0	0	
1075	43	0	10	21	18	2	0	0	0	0	0	0	0	0	
1076	43	12	0	21	22	2	0	0	0	0	0	0	0	0	
1077	43	12	6	21	18	2	0	0	0	0	0	0	0	0	
1078	43	12	10	21	18	2	0	0	0	0	0	0	0	0	
1079	39	3	6	21	22	2	0	0	0	0	0	0	0	0	
1080	43	12	12	21	18	2	0	0	0	0	0	0	0	0	
1081	43	12	4	21	18	2	0	0	0	0	0	0	0	0	
1082	39	5	2	21	22	2	0	0	0	0	0	0	0	0	
1083	42	0	8	21	18	2	0	0	0	0	0	0	0	0	
1084	43	0	0	21	18	2	0	0	0	0	0	0	0	0	
1085	43	10	12	21	18	2	0	0	0	0	0	0	0	0	
1086	43	0	6	21	18	2	0	0	0	0	0	0	0	0	
1087	39	4	4	21	22	2	0	0	0	0	0	0	0	0	
1088	32	21	22	-999	-999	2	0	0	0	0	0	0	0	0	
1109	1109	1089	1089	1093	1093	1097	1097	1101	1101	1105	1105	1076	1076	
1109	1109	1089	1089	1093	1093	1097	1097	1101	1101	1105	1105	1076	1076	
1090	1090	NULL	NULL	NULL	1082	1082	NULL	NULL	NULL	NULL	NULL	1092	1092	
1090	1090	NULL	NULL	NULL	1082	1082	NULL	NULL	NULL	NULL	NULL	1092	1092	
1094	1094	NULL	NULL	1087	1087	NULL	NULL	NULL	NULL	NULL	NULL	1096	1096	
1094	1094	NULL	NULL	1087	1087	NULL	NULL	NULL	NULL	NULL	NULL	1096	1096	
1098	1098	NULL	1079	1079	NULL	NULL	NULL	NULL	NULL	NULL	NULL	1100	1100	
1098	1098	NULL	1079	1079	NULL	NULL	NULL	NULL	NULL	NULL	NULL	1100	1100	
1102	1102	1073	1073	NULL	NULL	NULL	NULL	NULL	NULL	NULL	NULL	1104	1104	
1102	1102	1073	1073	NULL	NULL	NULL	NULL	NULL	NULL	NULL	NULL	1104	1104	
1106	1106	NULL	NULL	NULL	NULL	NULL	NULL	NULL	NULL	NULL	NULL	1108	1108	
1106	1106	NULL	NULL	NULL	NULL	NULL	NULL	NULL	NULL	NULL	NULL	1108	1108	
1052	1052	1091	1091	1095	1095	1099	1099	1103	1103	1107	1107	1071	1071	
1052	1052	1091	1091	1095	1095	1099	1099	1103	1103	1107	1107	1071	1071	
1089	43	2	0	21	22	2	0	0	0	0	0	0	0	0	
1090	43	0	2	21	22	2	0	0	0	0	0	0	0	0	
1091	43	2	12	21	22	2	0	0	0	0	0	0	0	0	
1092	43	12	2	21	22	2	0	0	0	0	0	0	0	0	
1093	43	4	0	21	22	2	0	0	0	0	0	0	0	0	
1094	43	0	4	21	22	2	0	0	0	0	0	0	0	0	
1095	43	4	12	21	22	2	0	0	0	0	0	0	0	0	
1096	43	12	4	21	22	2	0	0	0	0	0	0	0	0	
1097	42	6	0	21	22	2	0	0	0	0	0	0	0	0	
1098	43	0	6	21	22	2	0	0	0	0	0	0	0	0	
1099	43	6	12	21	22	2	0	0	0	0	0	0	0	0	
1100	43	12	6	21	22	2	0	0	0	0	0	0	0	0	
1101	43	8	0	21	22	2	0	0	0	0	0	0	0	0	
1102	42	0	8	21	22	2	0	0	0	0	0	0	0	0	
1103	43	8	12	21	22	2	0	0	0	0	0	0	0	0	
1104	43	12	8	21	22	2	0	0	0	0	0	0	0	0	
1105	43	10	0	21	22	2	0	0	0	0	0	0	0	0	
1106	43	0	10	21	22	2	0	0	0	0	0	0	0	0	
1107	43	10	12	21	22	2	0	0	0	0	0	0	0	0	
1108	43	12	10	21	22	2	0	0	0	0	0	0	0	0	
1109	43	0	0	21	22	2	0	0	0	0	0	0	0	0	
1110	40	0	0	-999	-999	2	0	0	0	0	0	0	0	0	
1111	40	2	0	-999	-999	2	0	0	0	0	0	0	0	0	
1112	40	4	0	-999	-999	2	0	0	0	0	0	0	0	0	
1113	40	6	0	-999	-999	2	0	0	0	0	0	0	0	0	
1114	40	8	0	-999	-999	2	0	0	0	0	0	0	0	0	
1115	40	10	0	-999	-999	2	0	0	0	0	0	0	0	0	
1116	40	12	0	-999	-999	2	0	0	0	0	0	0	0	0	
1117	79	8	2	4	14	3	0	0	0	0	0	0	0	0	
1118	79	6	4	4	14	2	0	0	0	0	0	0	0	0	
1119	89	22	6	-999	-999	2	0	0	0	0	0	0	0	0	
1110	1110	1111	1111	1112	1112	1113	1113	1114	1114	1115	1115	1116	1116	388	388	387	387	389	389	237	237	64	64	
1110	1110	1111	1111	1112	1112	1113	1113	1114	1114	1115	1115	1116	1116	388	388	387	387	389	389	237	237	64	64	
11	11	0	0	1	1	2	2	3	3	4	4	5	5	6	6	7	7	8	8	9	9	62	62	
11	11	0	0	1	1	2	2	3	3	4	4	5	5	6	6	7	7	8	8	9	9	62	62	
99	99	21	21	20	20	19	19	18	18	17	17	16	16	15	15	14	14	13	13	12	12	52	52	
99	99	21	21	20	20	19	19	18	18	17	17	16	16	15	15	14	14	13	13	12	12	52	52	
232	232	NULL	NULL	361	361	NULL	NULL	NULL	NULL	NULL	NULL	NULL	NULL	NULL	NULL	NULL	NULL	NULL	NULL	NULL	NULL	1119	1119	
232	232	NULL	NULL	361	361	NULL	NULL	NULL	NULL	NULL	NULL	NULL	NULL	NULL	NULL	NULL	NULL	NULL	NULL	NULL	NULL	1119	1119	
233	233	NULL	NULL	134	134	404	404	636	636	NULL	NULL	NULL	NULL	NULL	NULL	NULL	NULL	NULL	NULL	NULL	NULL	165	165	
233	233	NULL	NULL	134	134	404	404	636	636	NULL	NULL	NULL	NULL	NULL	NULL	NULL	NULL	NULL	NULL	NULL	NULL	165	165	
234	234	674	674	100	100	166	166	614	614	NULL	NULL	NULL	NULL	NULL	NULL	NULL	NULL	NULL	NULL	NULL	NULL	NULL	NULL	
234	234	674	674	100	100	166	166	614	614	NULL	NULL	NULL	NULL	NULL	NULL	NULL	NULL	NULL	NULL	NULL	NULL	NULL	NULL	
NULL	NULL	NULL	NULL	200	200	530	530	488	488	NULL	NULL	NULL	NULL	NULL	NULL	NULL	NULL	NULL	NULL	NULL	NULL	NULL	NULL	
NULL	NULL	NULL	NULL	200	200	530	530	488	488	NULL	NULL	NULL	NULL	NULL	NULL	NULL	NULL	NULL	NULL	NULL	NULL	NULL	NULL	
NULL	NULL	NULL	NULL	572	572	NULL	NULL	NULL	NULL	NULL	NULL	NULL	NULL	NULL	NULL	NULL	NULL	NULL	NULL	NULL	NULL	NULL	NULL	
NULL	NULL	NULL	NULL	572	572	NULL	NULL	NULL	NULL	NULL	NULL	NULL	NULL	NULL	NULL	NULL	NULL	NULL	NULL	NULL	NULL	NULL	NULL	
NULL	NULL	NULL	NULL	NULL	NULL	NULL	NULL	NULL	NULL	NULL	NULL	NULL	NULL	NULL	NULL	NULL	NULL	NULL	NULL	NULL	NULL	NULL	NULL	
NULL	NULL	NULL	NULL	NULL	NULL	NULL	NULL	NULL	NULL	NULL	NULL	NULL	NULL	NULL	NULL	NULL	NULL	NULL	NULL	NULL	NULL	NULL	NULL	
NULL	NULL	NULL	NULL	NULL	NULL	NULL	NULL	NULL	NULL	NULL	1007	1007	962	962	917	917	872	872	827	827	1067	1067	NULL	
NULL	NULL	NULL	NULL	NULL	NULL	NULL	NULL	NULL	NULL	NULL	1007	1007	962	962	917	917	872	872	827	827	1067	1067	NULL	
NULL	NULL	NULL	NULL	NULL	NULL	NULL	NULL	NULL	725	725	467	467	466	466	NULL	NULL	NULL	NULL	NULL	NULL	1065	1065	NULL	
NULL	NULL	NULL	NULL	NULL	NULL	NULL	NULL	NULL	725	725	467	467	466	466	NULL	NULL	NULL	NULL	NULL	NULL	1065	1065	NULL	
NULL	NULL	NULL	NULL	NULL	NULL	NULL	NULL	NULL	715	715	448	448	327	327	282	282	739	739	784	784	1088	1088	NULL	
NULL	NULL	NULL	NULL	NULL	NULL	NULL	NULL	NULL	715	715	448	448	327	327	282	282	739	739	784	784	1088	1088	NULL	
