102
0	0	20	22	-999	-999	2	0	2	1	0	0	0	0	0	
1	17	18	22	-999	-999	2	0	0	0	0	0	0	0	0	
2	40	16	18	-999	-999	2	0	0	0	0	0	0	0	0	
3	40	16	20	-999	-999	2	0	0	0	0	0	0	0	0	
4	40	16	22	-999	-999	2	0	0	0	0	0	0	0	0	
5	37	22	18	-999	-999	3	0	0	0	0	0	0	0	0	
6	37	18	16	-999	-999	2	0	0	0	0	0	0	0	0	
7	37	20	16	-999	-999	1	0	0	0	0	0	0	0	0	
8	37	20	18	-999	-999	2	0	0	0	0	0	0	0	0	
9	40	22	22	-999	-999	2	0	0	0	0	0	0	0	0	
10	40	18	20	-999	-999	2	0	0	0	0	0	0	0	0	
11	40	20	20	-999	-999	2	0	0	0	0	0	0	0	0	
12	40	22	20	-999	-999	2	0	0	0	0	0	0	0	0	
13	40	16	16	-999	-999	2	0	0	0	0	0	0	0	0	
14	40	16	14	-999	-999	2	0	0	0	0	0	0	0	0	
15	40	18	14	-999	-999	2	0	0	0	0	0	0	0	0	
16	40	20	14	-999	-999	2	0	0	0	0	0	0	0	0	
17	40	22	14	-999	-999	2	0	0	0	0	0	0	0	0	
18	60	18	18	-999	-999	2	0	0	0	0	0	0	0	0	
19	27	22	16	-999	-999	2	0	0	0	0	0	0	0	0	
20	12	22	0	-999	-999	2	100000	0	0	0	0	0	0	0	
21	40	22	2	-999	-999	2	0	0	0	0	0	0	0	0	
22	37	16	2	-999	-999	2	0	0	0	0	0	0	0	0	
23	56	20	0	-999	-999	2	0	0	0	0	0	0	0	0	
24	0	0	22	-999	-999	2	0	2	1	0	0	0	0	0	
25	55	4	18	-999	-999	2	0	0	0	0	0	0	0	0	
26	40	2	18	-999	-999	2	0	0	0	0	0	0	0	0	
27	40	0	18	-999	-999	2	0	0	0	0	0	0	0	0	
28	40	6	18	-999	-999	2	0	0	0	0	0	0	0	0	
29	50	12	16	-999	-999	2	0	0	0	0	0	0	0	0	
30	40	6	22	-999	-999	2	0	0	0	0	0	0	0	0	
31	40	6	16	-999	-999	2	0	0	0	0	0	0	0	0	
32	40	6	10	-999	-999	2	0	0	0	0	0	0	0	0	
33	40	4	10	-999	-999	2	0	0	0	0	0	0	0	0	
34	40	14	16	-999	-999	2	0	0	0	0	0	0	0	0	
35	40	0	10	-999	-999	2	0	0	0	0	0	0	0	0	
36	40	6	8	-999	-999	2	0	0	0	0	0	0	0	0	
37	40	6	6	-999	-999	2	0	0	0	0	0	0	0	0	
38	40	6	4	-999	-999	2	0	0	0	0	0	0	0	0	
39	55	6	12	-999	-999	2	0	0	0	0	0	0	0	0	
40	40	6	0	-999	-999	2	0	0	0	0	0	0	0	0	
41	40	8	6	-999	-999	2	0	0	0	0	0	0	0	0	
42	50	2	10	-999	-999	2	0	0	0	0	0	0	0	0	
43	40	12	6	-999	-999	2	0	0	0	0	0	0	0	0	
44	40	12	4	-999	-999	2	0	0	0	0	0	0	0	0	
45	40	22	6	-999	-999	2	0	0	0	0	0	0	0	0	
46	40	12	0	-999	-999	2	0	0	0	0	0	0	0	0	
47	40	14	6	-999	-999	2	0	0	0	0	0	0	0	0	
48	40	16	6	-999	-999	2	0	0	0	0	0	0	0	0	
49	50	6	20	-999	-999	2	0	0	0	0	0	0	0	0	
50	40	20	6	-999	-999	2	0	0	0	0	0	0	0	0	
51	55	12	2	-999	-999	2	0	0	0	0	0	0	0	0	
52	36	18	12	-999	-999	2	0	0	0	0	0	0	0	0	
53	40	16	12	-999	-999	2	0	0	0	0	0	0	0	0	
54	40	18	6	-999	-999	2	0	0	0	0	0	0	0	0	
55	40	16	8	-999	-999	2	0	0	0	0	0	0	0	0	
56	40	6	14	-999	-999	2	0	0	0	0	0	0	0	0	
57	55	16	10	-999	-999	2	0	0	0	0	0	0	0	0	
58	40	8	16	-999	-999	2	0	0	0	0	0	0	0	0	
59	40	10	16	-999	-999	2	0	0	0	0	0	0	0	0	
60	55	6	2	-999	-999	2	0	0	0	0	0	0	0	0	
61	37	16	0	-999	-999	2	0	0	0	0	0	0	0	0	
62	37	18	0	-999	-999	2	0	0	0	0	0	0	0	0	
63	37	2	22	-999	-999	2	0	0	0	0	0	0	0	0	
64	37	4	22	-999	-999	2	0	0	0	0	0	0	0	0	
65	37	4	20	-999	-999	2	0	0	0	0	0	0	0	0	
66	37	2	20	-999	-999	2	0	0	0	0	0	0	0	0	
67	36	8	20	-999	-999	2	0	0	0	0	0	0	0	0	
68	37	18	8	-999	-999	2	0	0	0	0	0	0	0	0	
69	37	14	10	-999	-999	2	0	0	0	0	0	0	0	0	
70	37	14	18	-999	-999	2	0	0	0	0	0	0	0	0	
71	37	4	16	-999	-999	2	0	0	0	0	0	0	0	0	
72	37	2	16	-999	-999	2	0	0	0	0	0	0	0	0	
73	37	2	14	-999	-999	2	0	0	0	0	0	0	0	0	
74	36	2	12	-999	-999	2	0	0	0	0	0	0	0	0	
75	37	12	14	-999	-999	2	0	0	0	0	0	0	0	0	
76	37	12	18	-999	-999	2	0	0	0	0	0	0	0	0	
77	37	2	8	-999	-999	2	0	0	0	0	0	0	0	0	
78	37	2	6	-999	-999	2	0	0	0	0	0	0	0	0	
79	37	2	4	-999	-999	2	0	0	0	0	0	0	0	0	
80	37	2	2	-999	-999	2	0	0	0	0	0	0	0	0	
81	37	4	2	-999	-999	2	0	0	0	0	0	0	0	0	
82	37	8	2	-999	-999	2	0	0	0	0	0	0	0	0	
83	37	10	2	-999	-999	2	0	0	0	0	0	0	0	0	
84	37	14	2	-999	-999	2	0	0	0	0	0	0	0	0	
85	40	20	2	-999	-999	2	0	0	0	0	0	0	0	0	
86	40	10	6	-999	-999	2	0	0	0	0	0	0	0	0	
87	61	22	10	-999	-999	2	0	0	0	0	0	0	0	0	
88	37	18	10	-999	-999	2	0	0	0	0	0	0	0	0	
89	37	20	10	-999	-999	2	0	0	0	0	0	0	0	0	
90	37	22	8	-999	-999	2	0	0	0	0	0	0	0	0	
91	37	20	8	-999	-999	2	0	0	0	0	0	0	0	0	
92	37	8	22	-999	-999	2	0	0	0	0	0	0	0	0	
93	37	10	22	-999	-999	2	0	0	0	0	0	0	0	0	
94	37	12	22	-999	-999	2	0	0	0	0	0	0	0	0	
95	37	14	22	-999	-999	2	0	0	0	0	0	0	0	0	
96	37	14	20	-999	-999	2	0	0	0	0	0	0	0	0	
97	37	10	14	-999	-999	2	0	0	0	0	0	0	0	0	
98	37	10	12	-999	-999	2	0	0	0	0	0	0	0	0	
99	37	10	10	-999	-999	2	0	0	0	0	0	0	0	0	
100	37	12	10	-999	-999	2	0	0	0	0	0	0	0	0	
101	37	20	12	-999	-999	2	0	0	0	0	0	0	0	0	
NULL	NULL	NULL	NULL	NULL	NULL	40	40	NULL	NULL	NULL	NULL	46	46	NULL	NULL	61	61	62	62	23	23	20	20	
NULL	NULL	NULL	NULL	NULL	NULL	40	40	NULL	NULL	NULL	NULL	46	46	NULL	NULL	61	61	62	62	23	23	20	20	
NULL	NULL	80	80	81	81	60	60	82	82	83	83	51	51	84	84	22	22	NULL	NULL	85	85	21	21	
NULL	NULL	80	80	81	81	60	60	82	82	83	83	51	51	84	84	22	22	NULL	NULL	85	85	21	21	
NULL	NULL	79	79	NULL	NULL	38	38	NULL	NULL	NULL	NULL	44	44	NULL	NULL	NULL	NULL	NULL	NULL	NULL	NULL	NULL	NULL	
NULL	NULL	79	79	NULL	NULL	38	38	NULL	NULL	NULL	NULL	44	44	NULL	NULL	NULL	NULL	NULL	NULL	NULL	NULL	NULL	NULL	
NULL	NULL	78	78	NULL	NULL	37	37	41	41	86	86	43	43	47	47	48	48	54	54	50	50	45	45	
NULL	NULL	78	78	NULL	NULL	37	37	41	41	86	86	43	43	47	47	48	48	54	54	50	50	45	45	
NULL	NULL	77	77	NULL	NULL	36	36	NULL	NULL	NULL	NULL	NULL	NULL	NULL	NULL	55	55	68	68	91	91	90	90	
NULL	NULL	77	77	NULL	NULL	36	36	NULL	NULL	NULL	NULL	NULL	NULL	NULL	NULL	55	55	68	68	91	91	90	90	
35	35	42	42	33	33	32	32	NULL	NULL	99	99	100	100	69	69	57	57	88	88	89	89	87	87	
35	35	42	42	33	33	32	32	NULL	NULL	99	99	100	100	69	69	57	57	88	88	89	89	87	87	
NULL	NULL	74	74	NULL	NULL	39	39	NULL	NULL	98	98	NULL	NULL	NULL	NULL	53	53	52	52	101	101	NULL	NULL	
NULL	NULL	74	74	NULL	NULL	39	39	NULL	NULL	98	98	NULL	NULL	NULL	NULL	53	53	52	52	101	101	NULL	NULL	
NULL	NULL	73	73	NULL	NULL	56	56	NULL	NULL	97	97	75	75	NULL	NULL	14	14	15	15	16	16	17	17	
NULL	NULL	73	73	NULL	NULL	56	56	NULL	NULL	97	97	75	75	NULL	NULL	14	14	15	15	16	16	17	17	
NULL	NULL	72	72	71	71	31	31	58	58	59	59	29	29	34	34	13	13	6	6	7	7	19	19	
NULL	NULL	72	72	71	71	31	31	58	58	59	59	29	29	34	34	13	13	6	6	7	7	19	19	
27	27	26	26	25	25	28	28	NULL	NULL	NULL	NULL	76	76	70	70	2	2	18	18	8	8	5	5	
27	27	26	26	25	25	28	28	NULL	NULL	NULL	NULL	76	76	70	70	2	2	18	18	8	8	5	5	
NULL	NULL	66	66	65	65	49	49	67	67	NULL	NULL	NULL	NULL	96	96	3	3	10	10	11	11	12	12	
NULL	NULL	66	66	65	65	49	49	67	67	NULL	NULL	NULL	NULL	96	96	3	3	10	10	11	11	12	12	
24	24	63	63	64	64	30	30	92	92	93	93	94	94	95	95	4	4	1	1	0	0	9	9	
24	24	63	63	64	64	30	30	92	92	93	93	94	94	95	95	4	4	1	1	0	0	9	9	
