231
0	32	11	11	-999	-999	2	0	0	0	0	0	0	0	0	
21	21	1	1	5	5	9	9	13	13	17	17	23	23	
21	21	1	1	5	5	9	9	13	13	17	17	23	23	
2	2	25	25	26	26	27	27	28	28	29	29	4	4	
2	2	25	25	26	26	27	27	28	28	29	29	4	4	
6	6	34	34	33	33	32	32	31	31	30	30	8	8	
6	6	34	34	33	33	32	32	31	31	30	30	8	8	
10	10	35	35	40	40	41	41	42	42	43	43	12	12	
10	10	35	35	40	40	41	41	42	42	43	43	12	12	
14	14	36	36	39	39	48	48	47	47	44	44	16	16	
14	14	36	36	39	39	48	48	47	47	44	44	16	16	
18	18	37	37	38	38	49	49	46	46	45	45	20	20	
18	18	37	37	38	38	49	49	46	46	45	45	20	20	
22	22	3	3	7	7	11	11	15	15	19	19	24	24	
22	22	3	3	7	7	11	11	15	15	19	19	24	24	
1	42	2	0	11	11	2	0	0	0	0	0	0	0	0	
2	42	0	2	11	11	2	0	0	0	0	0	0	0	0	
3	42	2	12	11	11	2	0	0	0	0	0	0	0	0	
4	42	12	2	11	11	2	0	0	0	0	0	0	0	0	
5	42	4	0	11	11	2	0	0	0	0	0	0	0	0	
6	42	0	4	11	11	2	0	0	0	0	0	0	0	0	
7	42	4	12	11	11	2	0	0	0	0	0	0	0	0	
8	42	12	4	11	11	2	0	0	0	0	0	0	0	0	
9	42	6	0	11	11	2	0	0	0	0	0	0	0	0	
10	42	0	6	11	11	2	0	0	0	0	0	0	0	0	
11	42	6	12	11	11	2	0	0	0	0	0	0	0	0	
12	42	12	6	11	11	2	0	0	0	0	0	0	0	0	
13	42	8	0	11	11	2	0	0	0	0	0	0	0	0	
14	42	0	8	11	11	2	0	0	0	0	0	0	0	0	
15	42	8	12	11	11	2	0	0	0	0	0	0	0	0	
16	42	12	8	11	11	2	0	0	0	0	0	0	0	0	
17	42	10	0	11	11	2	0	0	0	0	0	0	0	0	
18	42	0	10	11	11	2	0	0	0	0	0	0	0	0	
19	42	10	12	11	11	2	0	0	0	0	0	0	0	0	
20	42	12	10	11	11	2	0	0	0	0	0	0	0	0	
21	43	0	0	11	11	2	0	0	0	0	0	0	0	0	
22	43	0	12	11	11	2	0	0	0	0	0	0	0	0	
23	43	12	0	11	11	2	0	0	0	0	0	0	0	0	
24	43	12	12	11	11	2	0	0	0	0	0	0	0	0	
25	73	2	2	11	11	2	99	1	1	0	0	0	0	0	
26	73	4	2	11	11	2	0	5	1	0	0	0	0	0	
27	73	6	2	11	11	2	0	5	1	0	0	0	0	0	
28	73	8	2	11	11	2	0	5	1	0	0	0	0	0	
29	73	10	2	11	11	2	0	5	1	0	0	0	0	0	
30	73	10	4	11	11	2	0	5	1	0	0	0	0	0	
31	73	8	4	11	11	2	0	5	1	0	0	0	0	0	
32	73	6	4	11	11	2	0	5	1	0	0	0	0	0	
33	73	4	4	11	11	2	0	5	1	0	0	0	0	0	
34	73	2	4	11	11	2	0	5	1	0	0	0	0	0	
35	73	2	6	11	11	2	0	5	1	0	0	0	0	0	
36	73	2	8	11	11	2	0	5	1	0	0	0	0	0	
37	73	2	10	11	11	2	0	5	1	0	0	0	0	0	
38	73	4	10	11	11	2	0	5	1	0	0	0	0	0	
39	73	4	8	11	11	2	0	5	1	0	0	0	0	0	
40	73	4	6	11	11	2	0	5	1	0	0	0	0	0	
41	73	6	6	11	11	2	0	5	1	0	0	0	0	0	
42	73	8	6	11	11	2	0	5	1	0	0	0	0	0	
43	73	10	6	11	11	2	0	5	1	0	0	0	0	0	
44	73	10	8	11	11	2	0	5	1	0	0	0	0	0	
45	73	10	10	11	11	2	0	5	1	0	0	0	0	0	
46	73	8	10	11	11	2	0	5	1	0	0	0	0	0	
47	73	8	8	11	11	2	0	5	1	0	0	0	0	0	
48	73	6	8	11	11	2	0	5	1	0	0	0	0	0	
49	73	6	10	11	11	2	0	5	1	0	0	0	0	0	
50	32	13	11	-999	-999	2	0	0	0	0	0	0	0	0	
71	71	51	51	55	55	59	59	63	63	67	67	73	73	
71	71	51	51	55	55	59	59	63	63	67	67	73	73	
52	52	84	84	75	75	NULL	NULL	NULL	NULL	NULL	NULL	54	54	
52	52	84	84	75	75	NULL	NULL	NULL	NULL	NULL	NULL	54	54	
56	56	85	85	76	76	NULL	NULL	NULL	NULL	NULL	NULL	58	58	
56	56	85	85	76	76	NULL	NULL	NULL	NULL	NULL	NULL	58	58	
60	60	86	86	77	77	NULL	NULL	NULL	NULL	83	83	62	62	
60	60	86	86	77	77	NULL	NULL	82	82	83	83	62	62	
64	64	87	87	78	78	NULL	NULL	82	82	NULL	NULL	66	66	
64	64	87	87	78	78	NULL	NULL	81	81	NULL	NULL	66	66	
68	68	88	88	79	79	80	80	81	81	NULL	NULL	70	70	
68	68	88	88	79	79	80	80	NULL	NULL	NULL	NULL	70	70	
72	72	53	53	57	57	61	61	65	65	69	69	74	74	
72	72	53	53	57	57	61	61	65	65	69	69	74	74	
51	43	2	0	13	11	2	0	0	0	0	0	0	0	0	
52	42	0	2	13	11	2	0	0	0	0	0	0	0	0	
53	43	2	12	13	11	2	0	0	0	0	0	0	0	0	
54	43	12	2	13	11	2	0	0	0	0	0	0	0	0	
55	43	4	0	13	11	2	0	0	0	0	0	0	0	0	
56	42	0	4	13	11	2	0	0	0	0	0	0	0	0	
57	43	4	12	13	11	2	0	0	0	0	0	0	0	0	
58	43	12	4	13	11	2	0	0	0	0	0	0	0	0	
59	43	6	0	13	11	2	0	0	0	0	0	0	0	0	
60	42	0	6	13	11	2	0	0	0	0	0	0	0	0	
61	43	6	12	13	11	2	0	0	0	0	0	0	0	0	
62	42	12	6	13	11	2	0	0	0	0	0	0	0	0	
63	43	8	0	13	11	2	0	0	0	0	0	0	0	0	
64	42	0	8	13	11	2	0	0	0	0	0	0	0	0	
65	43	8	12	13	11	2	0	0	0	0	0	0	0	0	
66	43	12	8	13	11	2	0	0	0	0	0	0	0	0	
67	43	10	0	13	11	2	0	0	0	0	0	0	0	0	
68	42	0	10	13	11	2	0	0	0	0	0	0	0	0	
69	43	10	12	13	11	2	0	0	0	0	0	0	0	0	
70	43	12	10	13	11	2	0	0	0	0	0	0	0	0	
71	43	0	0	13	11	2	0	0	0	0	0	0	0	0	
72	43	0	12	13	11	2	0	0	0	0	0	0	0	0	
73	43	12	0	13	11	2	0	0	0	0	0	0	0	0	
74	43	12	12	13	11	2	0	0	0	0	0	0	0	0	
75	34	4	2	13	11	2	0	0	0	0	0	0	0	0	
76	34	4	4	13	11	2	0	0	0	0	0	0	0	0	
77	34	4	6	13	11	2	0	0	0	0	0	0	0	0	
78	34	4	8	13	11	2	0	0	0	0	0	0	0	0	
79	34	4	10	13	11	2	0	0	0	0	0	0	0	0	
80	37	6	10	13	11	2	0	0	0	0	0	0	0	0	
81	37	8	9	13	11	2	0	0	0	0	0	0	0	0	
82	37	8	7	13	11	2	0	0	0	0	0	0	0	0	
83	37	10	6	13	11	2	0	0	0	0	0	0	0	0	
84	55	2	2	13	11	2	0	0	0	0	0	0	0	0	
85	55	2	4	13	11	2	0	0	0	0	0	0	0	0	
86	55	2	6	13	11	2	0	0	0	0	0	0	0	0	
87	55	2	8	13	11	2	0	0	0	0	0	0	0	0	
88	55	2	10	13	11	2	0	0	0	0	0	0	0	0	
89	32	11	13	-999	-999	2	0	0	0	0	0	0	0	0	
111	111	107	107	103	103	99	99	95	95	91	91	110	110	
111	111	107	107	103	103	99	99	95	95	91	91	110	110	
92	92	125	125	122	122	118	118	116	116	114	114	90	90	
92	92	125	125	122	122	118	118	116	116	114	114	90	90	
96	96	126	126	123	123	119	119	117	117	115	115	94	94	
96	96	126	126	123	123	119	119	117	117	115	115	94	94	
100	100	127	127	NULL	NULL	NULL	NULL	NULL	NULL	NULL	NULL	98	98	
100	100	127	127	NULL	NULL	NULL	NULL	NULL	NULL	NULL	NULL	98	98	
104	104	NULL	124	124	121	121	NULL	NULL	NULL	NULL	NULL	102	102	
104	104	NULL	124	124	121	121	NULL	NULL	NULL	NULL	NULL	102	102	
108	108	NULL	NULL	NULL	NULL	120	120	NULL	NULL	NULL	NULL	106	106	
108	108	NULL	NULL	NULL	NULL	120	120	NULL	NULL	NULL	NULL	106	106	
113	113	109	109	105	105	101	101	97	97	93	93	112	112	
113	113	109	109	105	105	101	101	97	97	93	93	112	112	
90	43	12	2	11	13	2	0	0	0	0	0	0	0	0	
91	42	10	0	11	13	2	0	0	0	0	0	0	0	0	
92	43	0	2	11	13	2	0	0	0	0	0	0	0	0	
93	43	10	12	11	13	2	0	0	0	0	0	0	0	0	
94	43	12	4	11	13	2	0	0	0	0	0	0	0	0	
95	42	8	0	11	13	2	0	0	0	0	0	0	0	0	
96	43	0	4	11	13	2	0	0	0	0	0	0	0	0	
97	43	8	12	11	13	2	0	0	0	0	0	0	0	0	
98	43	12	6	11	13	2	0	0	0	0	0	0	0	0	
99	42	6	0	11	13	2	0	0	0	0	0	0	0	0	
100	43	0	6	11	13	2	0	0	0	0	0	0	0	0	
101	42	6	12	11	13	2	0	0	0	0	0	0	0	0	
102	43	12	8	11	13	2	0	0	0	0	0	0	0	0	
103	42	4	0	11	13	2	0	0	0	0	0	0	0	0	
104	43	0	8	11	13	2	0	0	0	0	0	0	0	0	
105	43	4	12	11	13	2	0	0	0	0	0	0	0	0	
106	43	12	10	11	13	2	0	0	0	0	0	0	0	0	
107	42	2	0	11	13	2	0	0	0	0	0	0	0	0	
108	43	0	10	11	13	2	0	0	0	0	0	0	0	0	
109	43	2	12	11	13	2	0	0	0	0	0	0	0	0	
110	43	12	0	11	13	2	0	0	0	0	0	0	0	0	
111	43	0	0	11	13	2	0	0	0	0	0	0	0	0	
112	43	12	12	11	13	2	0	0	0	0	0	0	0	0	
113	43	0	12	11	13	2	0	0	0	0	0	0	0	0	
114	55	10	2	11	13	2	0	0	0	0	0	0	0	0	
115	34	10	4	11	13	2	0	0	0	0	0	0	0	0	
116	55	8	2	11	13	2	0	0	0	0	0	0	0	0	
117	34	8	4	11	13	2	0	0	0	0	0	0	0	0	
118	55	6	2	11	13	2	0	0	0	0	0	0	0	0	
119	34	6	4	11	13	2	0	0	0	0	0	0	0	0	
120	37	6	10	11	13	2	0	0	0	0	0	0	0	0	
121	37	5	8	11	13	2	0	0	0	0	0	0	0	0	
122	55	4	2	11	13	2	0	0	0	0	0	0	0	0	
123	34	4	4	11	13	2	0	0	0	0	0	0	0	0	
124	37	3	8	11	13	2	0	0	0	0	0	0	0	0	
125	55	2	2	11	13	2	0	0	0	0	0	0	0	0	
126	34	2	4	11	13	2	0	0	0	0	0	0	0	0	
127	37	2	6	11	13	2	0	0	0	0	0	0	0	0	
128	32	11	9	-999	-999	2	0	0	0	0	0	0	0	0	
151	151	132	132	136	136	140	140	144	144	148	148	152	152	
151	151	132	132	136	136	140	140	144	144	148	148	152	152	
145	145	NULL	NULL	NULL	NULL	159	159	NULL	NULL	NULL	NULL	147	147	
145	145	NULL	NULL	NULL	NULL	159	159	NULL	NULL	NULL	NULL	147	147	
141	141	NULL	NULL	NULL	NULL	NULL	160	160	163	163	NULL	143	143	
141	141	NULL	NULL	NULL	NULL	NULL	160	160	163	163	NULL	143	143	
137	137	NULL	NULL	NULL	NULL	NULL	NULL	NULL	NULL	166	166	139	139	
137	137	NULL	NULL	NULL	NULL	NULL	NULL	NULL	NULL	166	166	139	139	
133	133	154	154	156	156	158	158	162	162	165	165	135	135	
133	133	154	154	156	156	158	158	162	162	165	165	135	135	
129	129	153	153	155	155	157	157	161	161	164	164	131	131	
129	129	153	153	155	155	157	157	161	161	164	164	131	131	
149	149	130	130	134	134	138	138	142	142	146	146	150	150	
149	149	130	130	134	134	138	138	142	142	146	146	150	150	
129	43	0	10	11	9	2	0	0	0	0	0	0	0	0	
130	42	2	12	11	9	2	0	0	0	0	0	0	0	0	
131	43	12	10	11	9	2	0	0	0	0	0	0	0	0	
132	43	2	0	11	9	2	0	0	0	0	0	0	0	0	
133	43	0	8	11	9	2	0	0	0	0	0	0	0	0	
134	42	4	12	11	9	2	0	0	0	0	0	0	0	0	
135	43	12	8	11	9	2	0	0	0	0	0	0	0	0	
136	43	4	0	11	9	2	0	0	0	0	0	0	0	0	
137	43	0	6	11	9	2	0	0	0	0	0	0	0	0	
138	42	6	12	11	9	2	0	0	0	0	0	0	0	0	
139	43	12	6	11	9	2	0	0	0	0	0	0	0	0	
140	42	6	0	11	9	2	0	0	0	0	0	0	0	0	
141	43	0	4	11	9	2	0	0	0	0	0	0	0	0	
142	42	8	12	11	9	2	0	0	0	0	0	0	0	0	
143	43	12	4	11	9	2	0	0	0	0	0	0	0	0	
144	43	8	0	11	9	2	0	0	0	0	0	0	0	0	
145	43	0	2	11	9	2	0	0	0	0	0	0	0	0	
146	42	10	12	11	9	2	0	0	0	0	0	0	0	0	
147	43	12	2	11	9	2	0	0	0	0	0	0	0	0	
148	43	10	0	11	9	2	0	0	0	0	0	0	0	0	
149	43	0	12	11	9	2	0	0	0	0	0	0	0	0	
150	43	12	12	11	9	2	0	0	0	0	0	0	0	0	
151	43	0	0	11	9	2	0	0	0	0	0	0	0	0	
152	43	12	0	11	9	2	0	0	0	0	0	0	0	0	
153	55	2	10	11	9	2	0	0	0	0	0	0	0	0	
154	34	2	8	11	9	2	0	0	0	0	0	0	0	0	
155	55	4	10	11	9	2	0	0	0	0	0	0	0	0	
156	34	4	8	11	9	2	0	0	0	0	0	0	0	0	
157	55	6	10	11	9	2	0	0	0	0	0	0	0	0	
158	34	6	8	11	9	2	0	0	0	0	0	0	0	0	
159	37	6	2	11	9	2	0	0	0	0	0	0	0	0	
160	37	7	4	11	9	2	0	0	0	0	0	0	0	0	
161	55	8	10	11	9	2	0	0	0	0	0	0	0	0	
162	34	8	8	11	9	2	0	0	0	0	0	0	0	0	
163	37	9	4	11	9	2	0	0	0	0	0	0	0	0	
164	55	10	10	11	9	2	0	0	0	0	0	0	0	0	
165	34	10	8	11	9	2	0	0	0	0	0	0	0	0	
166	37	10	6	11	9	2	0	0	0	0	0	0	0	0	
167	32	9	11	-999	-999	2	0	0	0	0	0	0	0	0	
191	191	186	186	182	182	178	178	174	174	170	170	189	189	
191	191	186	186	182	182	178	178	174	174	170	170	189	189	
187	187	NULL	NULL	NULL	NULL	205	205	204	204	203	203	185	185	
187	187	NULL	NULL	202	202	205	205	204	204	203	203	185	185	
183	183	NULL	NULL	202	202	NULL	NULL	201	201	200	200	181	181	
183	183	NULL	NULL	199	199	NULL	NULL	201	201	200	200	181	181	
179	179	198	198	199	199	NULL	NULL	197	197	196	196	177	177	
179	179	198	198	NULL	NULL	NULL	NULL	197	197	196	196	177	177	
175	175	NULL	NULL	NULL	NULL	NULL	NULL	195	195	194	194	173	173	
175	175	NULL	NULL	NULL	NULL	NULL	NULL	195	195	194	194	173	173	
171	171	NULL	NULL	NULL	NULL	NULL	NULL	193	193	192	192	169	169	
171	171	NULL	NULL	NULL	NULL	NULL	NULL	193	193	192	192	169	169	
190	190	184	184	180	180	176	176	172	172	168	168	188	188	
190	190	184	184	180	180	176	176	172	172	168	168	188	188	
168	43	10	12	9	11	2	0	0	0	0	0	0	0	0	
169	42	12	10	9	11	2	0	0	0	0	0	0	0	0	
170	43	10	0	9	11	2	0	0	0	0	0	0	0	0	
171	43	0	10	9	11	2	0	0	0	0	0	0	0	0	
172	43	8	12	9	11	2	0	0	0	0	0	0	0	0	
173	42	12	8	9	11	2	0	0	0	0	0	0	0	0	
174	43	8	0	9	11	2	0	0	0	0	0	0	0	0	
175	43	0	8	9	11	2	0	0	0	0	0	0	0	0	
176	43	6	12	9	11	2	0	0	0	0	0	0	0	0	
177	42	12	6	9	11	2	0	0	0	0	0	0	0	0	
178	43	6	0	9	11	2	0	0	0	0	0	0	0	0	
179	42	0	6	9	11	2	0	0	0	0	0	0	0	0	
180	43	4	12	9	11	2	0	0	0	0	0	0	0	0	
181	42	12	4	9	11	2	0	0	0	0	0	0	0	0	
182	43	4	0	9	11	2	0	0	0	0	0	0	0	0	
183	43	0	4	9	11	2	0	0	0	0	0	0	0	0	
184	43	2	12	9	11	2	0	0	0	0	0	0	0	0	
185	42	12	2	9	11	2	0	0	0	0	0	0	0	0	
186	43	2	0	9	11	2	0	0	0	0	0	0	0	0	
187	43	0	2	9	11	2	0	0	0	0	0	0	0	0	
188	43	12	12	9	11	2	0	0	0	0	0	0	0	0	
189	43	12	0	9	11	2	0	0	0	0	0	0	0	0	
190	43	0	12	9	11	2	0	0	0	0	0	0	0	0	
191	43	0	0	9	11	2	0	0	0	0	0	0	0	0	
192	55	10	10	9	11	2	0	0	0	0	0	0	0	0	
193	34	8	10	9	11	2	0	0	0	0	0	0	0	0	
194	55	10	8	9	11	2	0	0	0	0	0	0	0	0	
195	34	8	8	9	11	2	0	0	0	0	0	0	0	0	
196	55	10	6	9	11	2	0	0	0	0	0	0	0	0	
197	34	8	6	9	11	2	0	0	0	0	0	0	0	0	
198	37	2	6	9	11	2	0	0	0	0	0	0	0	0	
199	37	4	5	9	11	2	0	0	0	0	0	0	0	0	
200	55	10	4	9	11	2	0	0	0	0	0	0	0	0	
201	34	8	4	9	11	2	0	0	0	0	0	0	0	0	
202	37	4	3	9	11	2	0	0	0	0	0	0	0	0	
203	55	10	2	9	11	2	0	0	0	0	0	0	0	0	
204	34	8	2	9	11	2	0	0	0	0	0	0	0	0	
205	37	6	2	9	11	2	0	0	0	0	0	0	0	0	
206	4	22	11	-999	-999	2	0	2	1000	0	0	0	0	0	
207	4	11	0	-999	-999	2	0	2	1000	0	0	0	0	0	
208	4	0	11	-999	-999	2	0	2	1000	0	0	0	0	0	
209	4	11	22	-999	-999	2	0	2	1000	0	0	0	0	0	
210	37	20	11	-999	-999	2	0	0	0	0	0	0	0	0	
211	37	11	15	-999	-999	2	0	0	0	0	0	0	0	0	
212	37	15	11	-999	-999	2	0	0	0	0	0	0	0	0	
213	37	17	10	-999	-999	2	0	0	0	0	0	0	0	0	
214	37	11	2	-999	-999	2	0	0	0	0	0	0	0	0	
215	37	12	17	-999	-999	2	0	0	0	0	0	0	0	0	
216	37	18	12	-999	-999	2	0	0	0	0	0	0	0	0	
217	37	10	18	-999	-999	2	0	0	0	0	0	0	0	0	
218	37	2	11	-999	-999	2	0	0	0	0	0	0	0	0	
219	37	11	20	-999	-999	2	0	0	0	0	0	0	0	0	
220	37	7	11	-999	-999	2	0	0	0	0	0	0	0	0	
221	37	11	7	-999	-999	2	0	0	0	0	0	0	0	0	
222	37	12	4	-999	-999	2	0	0	0	0	0	0	0	0	
223	37	10	5	-999	-999	2	0	0	0	0	0	0	0	0	
224	37	4	10	-999	-999	2	0	0	0	0	0	0	0	0	
225	37	5	12	-999	-999	2	0	0	0	0	0	0	0	0	
226	0	21	1	-999	-999	2	0	2	1000	0	0	0	0	0	
227	6	19	1	-999	-999	2	0	0	0	0	0	0	0	0	
228	6	19	3	-999	-999	2	0	0	0	0	0	0	0	0	
229	6	19	5	-999	-999	2	0	0	0	0	0	0	0	0	
230	60	17	5	-999	-999	2	0	0	0	0	0	0	0	0	
NULL	NULL	NULL	NULL	NULL	NULL	NULL	NULL	NULL	NULL	NULL	207	207	NULL	NULL	NULL	NULL	NULL	NULL	NULL	NULL	NULL	NULL	NULL	
NULL	NULL	NULL	NULL	NULL	NULL	NULL	NULL	NULL	NULL	NULL	207	207	NULL	NULL	NULL	NULL	NULL	NULL	227	227	226	226	NULL	
NULL	NULL	NULL	NULL	NULL	NULL	NULL	NULL	NULL	NULL	NULL	214	214	NULL	NULL	NULL	NULL	NULL	NULL	227	227	226	226	NULL	
NULL	NULL	NULL	NULL	NULL	NULL	NULL	NULL	NULL	NULL	NULL	214	214	NULL	NULL	NULL	NULL	NULL	NULL	228	228	NULL	NULL	NULL	
NULL	NULL	NULL	NULL	NULL	NULL	NULL	NULL	NULL	NULL	NULL	NULL	222	222	NULL	NULL	NULL	NULL	NULL	228	228	NULL	NULL	NULL	
NULL	NULL	NULL	NULL	NULL	NULL	NULL	NULL	NULL	NULL	223	223	222	222	NULL	NULL	NULL	230	230	229	229	NULL	NULL	NULL	
NULL	NULL	NULL	NULL	NULL	NULL	NULL	NULL	NULL	NULL	223	223	NULL	NULL	NULL	NULL	NULL	230	230	229	229	NULL	NULL	NULL	
NULL	NULL	NULL	NULL	NULL	NULL	NULL	NULL	NULL	NULL	NULL	221	221	NULL	NULL	NULL	NULL	NULL	NULL	NULL	NULL	NULL	NULL	NULL	
NULL	NULL	NULL	NULL	NULL	NULL	NULL	NULL	NULL	NULL	NULL	221	221	NULL	NULL	NULL	NULL	NULL	NULL	NULL	NULL	NULL	NULL	NULL	
NULL	NULL	NULL	NULL	NULL	NULL	NULL	NULL	NULL	NULL	NULL	128	128	NULL	NULL	NULL	NULL	NULL	NULL	NULL	NULL	NULL	NULL	NULL	
NULL	NULL	NULL	NULL	224	224	NULL	NULL	NULL	NULL	NULL	128	128	NULL	NULL	NULL	NULL	213	213	NULL	NULL	NULL	NULL	NULL	
208	208	218	218	224	224	NULL	220	220	167	167	0	0	50	50	212	212	213	213	NULL	210	210	206	206	
208	208	218	218	NULL	225	225	220	220	167	167	0	0	50	50	212	212	NULL	216	216	210	210	206	206	
NULL	NULL	NULL	NULL	NULL	225	225	NULL	NULL	NULL	NULL	89	89	NULL	NULL	NULL	NULL	NULL	216	216	NULL	NULL	NULL	NULL	
NULL	NULL	NULL	NULL	NULL	NULL	NULL	NULL	NULL	NULL	NULL	89	89	NULL	NULL	NULL	NULL	NULL	NULL	NULL	NULL	NULL	NULL	NULL	
NULL	NULL	NULL	NULL	NULL	NULL	NULL	NULL	NULL	NULL	NULL	211	211	NULL	NULL	NULL	NULL	NULL	NULL	NULL	NULL	NULL	NULL	NULL	
NULL	NULL	NULL	NULL	NULL	NULL	NULL	NULL	NULL	NULL	NULL	211	211	NULL	NULL	NULL	NULL	NULL	NULL	NULL	NULL	NULL	NULL	NULL	
NULL	NULL	NULL	NULL	NULL	NULL	NULL	NULL	NULL	NULL	NULL	NULL	215	215	NULL	NULL	NULL	NULL	NULL	NULL	NULL	NULL	NULL	NULL	
NULL	NULL	NULL	NULL	NULL	NULL	NULL	NULL	NULL	NULL	217	217	215	215	NULL	NULL	NULL	NULL	NULL	NULL	NULL	NULL	NULL	NULL	
NULL	NULL	NULL	NULL	NULL	NULL	NULL	NULL	NULL	NULL	217	217	NULL	NULL	NULL	NULL	NULL	NULL	NULL	NULL	NULL	NULL	NULL	NULL	
NULL	NULL	NULL	NULL	NULL	NULL	NULL	NULL	NULL	NULL	NULL	219	219	NULL	NULL	NULL	NULL	NULL	NULL	NULL	NULL	NULL	NULL	NULL	
NULL	NULL	NULL	NULL	NULL	NULL	NULL	NULL	NULL	NULL	NULL	219	219	NULL	NULL	NULL	NULL	NULL	NULL	NULL	NULL	NULL	NULL	NULL	
NULL	NULL	NULL	NULL	NULL	NULL	NULL	NULL	NULL	NULL	NULL	209	209	NULL	NULL	NULL	NULL	NULL	NULL	NULL	NULL	NULL	NULL	NULL	
NULL	NULL	NULL	NULL	NULL	NULL	NULL	NULL	NULL	NULL	NULL	209	209	NULL	NULL	NULL	NULL	NULL	NULL	NULL	NULL	NULL	NULL	NULL	
