109
0	2	0	11	-999	-999	2	0	2	1	0	0	0	0	0	1	
1	1	0	9	-999	-999	2	0	2	1	0	0	0	0	0	1	
2	0	0	7	-999	-999	2	0	2	1	0	0	0	0	0	1	
3	3	0	13	-999	-999	2	0	2	1	0	0	0	0	0	1	
4	4	0	15	-999	-999	2	0	2	1	0	0	0	0	0	1	
5	74	2	7	-999	-999	2	0	0	0	0	0	0	0	0	1	
6	74	2	9	-999	-999	2	0	0	0	0	0	0	0	0	1	
7	74	2	11	-999	-999	2	0	0	0	0	0	0	0	0	1	
8	74	2	13	-999	-999	2	0	0	0	0	0	0	0	0	1	
9	74	2	15	-999	-999	2	0	0	0	0	0	0	0	0	1	
10	62	12	22	-999	-999	2	0	0	0	0	0	0	0	0	1	
11	40	14	17	-999	-999	2	0	0	0	0	0	0	0	0	1	
12	40	20	5	-999	-999	2	0	0	0	0	0	0	0	0	1	
13	40	0	5	-999	-999	2	0	0	0	0	0	0	0	0	1	
14	40	18	5	-999	-999	2	0	0	0	0	0	0	0	0	1	
15	40	16	17	-999	-999	2	0	0	0	0	0	0	0	0	1	
16	40	16	5	-999	-999	2	0	0	0	0	0	0	0	0	1	
17	22	14	7	-999	-999	2	0	0	0	0	0	0	0	0	1	
18	40	14	5	-999	-999	2	0	0	0	0	0	0	0	0	1	
19	40	18	17	-999	-999	2	0	0	0	0	0	0	0	0	1	
20	40	12	5	-999	-999	2	0	0	0	0	0	0	0	0	1	
21	6	2	22	-999	-999	2	0	0	0	0	0	0	0	0	1	
22	40	6	5	-999	-999	2	0	0	0	0	0	0	0	0	1	
23	40	20	17	-999	-999	2	0	0	0	0	0	0	0	0	1	
24	40	4	5	-999	-999	2	0	0	0	0	0	0	0	0	1	
25	34	16	9	-999	-999	2	0	0	0	0	0	0	0	0	1	
26	40	2	5	-999	-999	2	0	0	0	0	0	0	0	0	1	
27	40	22	17	-999	-999	2	0	0	0	0	0	0	0	0	1	
28	34	8	9	-999	-999	2	0	0	0	0	0	0	0	0	1	
29	57	18	9	-999	-999	2	0	0	0	0	0	0	0	0	1	
30	34	8	11	-999	-999	2	0	0	0	0	0	0	0	0	1	
31	40	12	17	-999	-999	2	0	0	0	0	0	0	0	0	1	
32	6	4	22	-999	-999	2	0	0	0	0	0	0	0	0	1	
33	40	22	5	-999	-999	2	0	0	0	0	0	0	0	0	1	
34	34	16	15	-999	-999	2	0	0	0	0	0	0	0	0	1	
35	40	0	20	-999	-999	2	0	0	0	0	0	0	0	0	1	
36	57	18	15	-999	-999	2	0	0	0	0	0	0	0	0	1	
37	23	14	15	-999	-999	2	0	0	0	0	0	0	0	0	1	
38	40	10	20	-999	-999	2	0	0	0	0	0	0	0	0	1	
39	34	16	13	-999	-999	2	0	0	0	0	0	0	0	0	1	
40	25	14	13	-999	-999	2	0	0	0	0	0	0	0	0	1	
41	6	16	22	-999	-999	2	0	0	0	0	0	0	0	0	1	
42	40	10	22	-999	-999	2	0	0	0	0	0	0	0	0	1	
43	40	8	5	-999	-999	2	0	0	0	0	0	0	0	0	1	
44	57	18	7	-999	-999	2	0	0	0	0	0	0	0	0	1	
45	40	18	20	-999	-999	2	0	0	0	0	0	0	0	0	1	
46	40	8	20	-999	-999	2	0	0	0	0	0	0	0	0	1	
47	23	6	9	-999	-999	2	0	0	0	0	0	0	0	0	1	
48	40	10	5	-999	-999	2	0	0	0	0	0	0	0	0	1	
49	24	6	7	-999	-999	2	0	0	0	0	0	0	0	0	1	
50	40	6	20	-999	-999	2	0	0	0	0	0	0	0	0	1	
51	40	22	20	-999	-999	2	0	0	0	0	0	0	0	0	1	
52	55	10	13	-999	-999	2	0	0	0	0	0	0	0	0	1	
53	40	20	20	-999	-999	2	0	0	0	0	0	0	0	0	1	
54	40	4	20	-999	-999	2	0	0	0	0	0	0	0	0	1	
55	40	14	20	-999	-999	2	0	0	0	0	0	0	0	0	1	
56	55	10	9	-999	-999	2	0	0	0	0	0	0	0	0	1	
57	40	12	20	-999	-999	2	0	0	0	0	0	0	0	0	1	
58	34	16	11	-999	-999	2	0	0	0	0	0	0	0	0	1	
59	40	2	20	-999	-999	2	0	0	0	0	0	0	0	0	1	
60	40	10	17	-999	-999	2	0	0	0	0	0	0	0	0	1	
61	40	16	20	-999	-999	2	0	0	0	0	0	0	0	0	1	
62	26	6	13	-999	-999	2	0	0	0	0	0	0	0	0	1	
63	57	18	11	-999	-999	2	0	0	0	0	0	0	0	0	1	
64	62	14	22	-999	-999	2	0	0	0	0	0	0	0	0	1	
65	0	22	22	-999	-999	2	0	2	8	0	0	0	0	0	1	
66	34	8	7	-999	-999	2	0	0	0	0	0	0	0	0	1	
67	40	0	17	-999	-999	2	0	0	0	0	0	0	0	0	1	
68	26	14	11	-999	-999	2	0	0	0	0	0	0	0	0	1	
69	34	8	15	-999	-999	2	0	0	0	0	0	0	0	0	1	
70	16	22	7	-999	-999	2	100000	0	0	0	0	0	0	0	1	
71	40	2	17	-999	-999	2	0	0	0	0	0	0	0	0	1	
72	34	8	13	-999	-999	2	0	0	0	0	0	0	0	0	1	
73	6	20	22	-999	-999	2	0	0	0	0	0	0	0	0	1	
74	55	10	7	-999	-999	2	0	0	0	0	0	0	0	0	1	
75	40	4	17	-999	-999	2	0	0	0	0	0	0	0	0	1	
76	55	10	11	-999	-999	2	0	0	0	0	0	0	0	0	1	
77	0	0	22	-999	-999	2	0	2	4	0	0	0	0	0	1	
78	60	8	22	-999	-999	2	0	0	0	0	0	0	0	0	1	
79	40	6	17	-999	-999	2	0	0	0	0	0	0	0	0	1	
80	25	6	15	-999	-999	2	0	0	0	0	0	0	0	0	1	
81	57	18	13	-999	-999	2	0	0	0	0	0	0	0	0	1	
82	55	10	15	-999	-999	2	0	0	0	0	0	0	0	0	1	
83	6	18	22	-999	-999	2	0	0	0	0	0	0	0	0	1	
84	40	8	17	-999	-999	2	0	0	0	0	0	0	0	0	1	
85	22	6	11	-999	-999	2	0	0	0	0	0	0	0	0	1	
86	15	22	9	-999	-999	2	100000	0	0	0	0	0	0	0	1	
87	12	22	15	-999	-999	2	100000	0	0	0	0	0	0	0	1	
88	34	16	7	-999	-999	2	0	0	0	0	0	0	0	0	1	
89	13	22	13	-999	-999	2	100000	0	0	0	0	0	0	0	1	
90	60	6	22	-999	-999	2	0	0	0	0	0	0	0	0	1	
91	14	22	11	-999	-999	2	100000	0	0	0	0	0	0	0	1	
92	24	14	9	-999	-999	2	0	0	0	0	0	0	0	0	1	
93	40	6	0	-999	-999	2	0	0	0	0	0	0	0	0	1	
94	40	6	2	-999	-999	2	0	0	0	0	0	0	0	0	1	
95	40	9	2	-999	-999	2	0	0	0	0	0	0	0	0	1	
96	40	21	0	-999	-999	2	0	0	0	0	0	0	0	0	1	
97	40	12	0	-999	-999	2	0	0	0	0	0	0	0	0	1	
98	40	15	2	-999	-999	2	0	0	0	0	0	0	0	0	1	
99	40	0	2	-999	-999	2	0	0	0	0	0	0	0	0	1	
100	40	12	2	-999	-999	2	0	0	0	0	0	0	0	0	1	
101	40	3	2	-999	-999	2	0	0	0	0	0	0	0	0	1	
102	40	18	2	-999	-999	2	0	0	0	0	0	0	0	0	1	
103	40	0	0	-999	-999	2	0	0	0	0	0	0	0	0	1	
104	40	9	0	-999	-999	2	0	0	0	0	0	0	0	0	1	
105	40	18	0	-999	-999	2	0	0	0	0	0	0	0	0	1	
106	40	21	2	-999	-999	2	0	0	0	0	0	0	0	0	1	
107	40	3	0	-999	-999	2	0	0	0	0	0	0	0	0	1	
108	40	15	0	-999	-999	2	0	0	0	0	0	0	0	0	1	
103	103	NULL	107	107	NULL	93	93	NULL	104	104	NULL	97	97	NULL	108	108	NULL	105	105	NULL	96	96	NULL	
103	103	NULL	107	107	NULL	93	93	NULL	104	104	NULL	97	97	NULL	108	108	NULL	105	105	NULL	96	96	NULL	
99	99	NULL	101	101	NULL	94	94	NULL	95	95	NULL	100	100	NULL	98	98	NULL	102	102	NULL	106	106	NULL	
99	99	NULL	101	101	NULL	94	94	NULL	95	95	NULL	100	100	NULL	98	98	NULL	102	102	NULL	106	106	NULL	
NULL	NULL	NULL	NULL	NULL	NULL	NULL	NULL	NULL	NULL	NULL	NULL	NULL	NULL	NULL	NULL	NULL	NULL	NULL	NULL	NULL	NULL	NULL	NULL	
13	13	26	26	24	24	22	22	43	43	48	48	20	20	18	18	16	16	14	14	12	12	33	33	
13	13	26	26	24	24	22	22	43	43	48	48	20	20	18	18	16	16	14	14	12	12	33	33	
2	2	5	5	NULL	NULL	49	49	66	66	74	74	NULL	NULL	17	17	88	88	44	44	NULL	NULL	70	70	
2	2	5	5	NULL	NULL	49	49	66	66	74	74	NULL	NULL	17	17	88	88	44	44	NULL	NULL	70	70	
1	1	6	6	NULL	NULL	47	47	28	28	56	56	NULL	NULL	92	92	25	25	29	29	NULL	NULL	86	86	
1	1	6	6	NULL	NULL	47	47	28	28	56	56	NULL	NULL	92	92	25	25	29	29	NULL	NULL	86	86	
0	0	7	7	NULL	NULL	85	85	30	30	76	76	NULL	NULL	68	68	58	58	63	63	NULL	NULL	91	91	
0	0	7	7	NULL	NULL	85	85	30	30	76	76	NULL	NULL	68	68	58	58	63	63	NULL	NULL	91	91	
3	3	8	8	NULL	NULL	62	62	72	72	52	52	NULL	NULL	40	40	39	39	81	81	NULL	NULL	89	89	
3	3	8	8	NULL	NULL	62	62	72	72	52	52	NULL	NULL	40	40	39	39	81	81	NULL	NULL	89	89	
4	4	9	9	NULL	NULL	80	80	69	69	82	82	NULL	NULL	37	37	34	34	36	36	NULL	NULL	87	87	
4	4	9	9	NULL	NULL	80	80	69	69	82	82	NULL	NULL	37	37	34	34	36	36	NULL	NULL	87	87	
67	67	71	71	75	75	79	79	84	84	60	60	31	31	11	11	15	15	19	19	23	23	27	27	
67	67	71	71	75	75	79	79	84	84	60	60	31	31	11	11	15	15	19	19	23	23	27	27	
NULL	NULL	NULL	NULL	NULL	NULL	NULL	NULL	NULL	NULL	NULL	NULL	NULL	NULL	NULL	NULL	NULL	NULL	NULL	NULL	NULL	NULL	NULL	NULL	
35	35	59	59	54	54	50	50	46	46	38	38	57	57	55	55	61	61	45	45	53	53	51	51	
35	35	59	59	54	54	50	50	46	46	38	38	57	57	55	55	61	61	45	45	53	53	51	51	
77	77	21	21	32	32	90	90	78	78	42	42	10	10	64	64	41	41	83	83	73	73	65	65	
77	77	21	21	32	32	90	90	78	78	42	42	10	10	64	64	41	41	83	83	73	73	65	65	
