88
0	0	1	21	-999	-999	2	0	2	16	0	0	0	0	0	
1	0	1	18	-999	-999	2	0	2	8	0	0	0	0	0	
2	37	3	18	-999	-999	2	0	0	0	0	0	0	0	0	
3	37	3	21	-999	-999	2	0	0	0	0	0	0	0	0	
4	37	7	21	-999	-999	2	0	0	0	0	0	0	0	0	
5	37	7	18	-999	-999	2	0	0	0	0	0	0	0	0	
6	37	11	21	-999	-999	2	0	0	0	0	0	0	0	0	
7	37	11	18	-999	-999	2	0	0	0	0	0	0	0	0	
8	37	15	21	-999	-999	2	0	0	0	0	0	0	0	0	
9	6	5	18	-999	-999	2	0	0	0	0	0	0	0	0	
10	6	5	21	-999	-999	2	0	0	0	0	0	0	0	0	
11	6	9	21	-999	-999	2	0	0	0	0	0	0	0	0	
12	6	9	18	-999	-999	2	0	0	0	0	0	0	0	0	
13	6	13	18	-999	-999	2	0	0	0	0	0	0	0	0	
14	6	13	21	-999	-999	2	0	0	0	0	0	0	0	0	
15	6	17	21	-999	-999	2	0	0	0	0	0	0	0	0	
16	37	15	18	-999	-999	2	0	0	0	0	0	0	0	0	
17	37	17	18	-999	-999	2	0	0	0	0	0	0	0	0	
18	37	19	18	-999	-999	2	0	0	0	0	0	0	0	0	
19	59	20	8	-999	-999	2	0	0	0	0	0	0	0	0	
20	60	21	18	-999	-999	2	0	0	0	0	0	0	0	0	
21	64	21	21	-999	-999	2	0	0	0	0	0	0	0	0	
22	40	0	16	-999	-999	2	0	0	0	0	0	0	0	0	
23	40	2	16	-999	-999	2	0	0	0	0	0	0	0	0	
24	40	4	16	-999	-999	2	0	0	0	0	0	0	0	0	
25	40	6	16	-999	-999	2	0	0	0	0	0	0	0	0	
26	40	8	16	-999	-999	2	0	0	0	0	0	0	0	0	
27	40	10	16	-999	-999	2	0	0	0	0	0	0	0	0	
28	40	12	16	-999	-999	2	0	0	0	0	0	0	0	0	
29	40	14	16	-999	-999	2	0	0	0	0	0	0	0	0	
30	40	16	16	-999	-999	2	0	0	0	0	0	0	0	0	
31	40	18	16	-999	-999	2	0	0	0	0	0	0	0	0	
32	40	20	16	-999	-999	2	0	0	0	0	0	0	0	0	
33	40	22	16	-999	-999	2	0	0	0	0	0	0	0	0	
34	60	19	21	-999	-999	2	0	0	0	0	0	0	0	0	
35	0	0	8	-999	-999	2	0	2	3	0	0	0	0	0	
36	12	22	8	-999	-999	2	100000	0	0	0	0	0	0	0	
37	40	9	4	-999	-999	2	0	0	0	0	0	0	0	0	
38	40	9	14	-999	-999	2	0	0	0	0	0	0	0	0	
39	55	9	8	-999	-999	2	0	0	0	0	0	0	0	0	
40	40	9	2	-999	-999	2	0	0	0	0	0	0	0	0	
41	40	9	6	-999	-999	2	0	0	0	0	0	0	0	0	
42	40	9	0	-999	-999	2	0	0	0	0	0	0	0	0	
43	40	20	6	-999	-999	2	0	0	0	0	0	0	0	0	
44	40	22	4	-999	-999	2	0	0	0	0	0	0	0	0	
45	40	20	10	-999	-999	2	0	0	0	0	0	0	0	0	
46	40	22	12	-999	-999	2	0	0	0	0	0	0	0	0	
47	12	22	6	-999	-999	2	100000	0	0	0	0	0	0	0	
48	12	22	10	-999	-999	2	100000	0	0	0	0	0	0	0	
49	40	9	10	-999	-999	2	0	0	0	0	0	0	0	0	
50	40	9	12	-999	-999	2	0	0	0	0	0	0	0	0	
51	37	2	8	-999	-999	2	0	0	0	0	0	0	0	0	
52	37	2	10	-999	-999	2	0	0	0	0	0	0	0	0	
53	37	2	12	-999	-999	2	0	0	0	0	0	0	0	0	
54	37	2	14	-999	-999	2	0	0	0	0	0	0	0	0	
55	37	4	14	-999	-999	2	0	0	0	0	0	0	0	0	
56	37	6	14	-999	-999	2	0	0	0	0	0	0	0	0	
57	37	7	12	-999	-999	2	0	0	0	0	0	0	0	0	
58	37	7	10	-999	-999	2	0	0	0	0	0	0	0	0	
59	37	7	8	-999	-999	2	0	0	0	0	0	0	0	0	
60	37	7	6	-999	-999	0	0	0	0	0	0	0	0	0	
61	37	7	4	-999	-999	2	0	0	0	0	0	0	0	0	
62	37	7	2	-999	-999	2	0	0	0	0	0	0	0	0	
63	37	6	0	-999	-999	2	0	0	0	0	0	0	0	0	
64	37	4	0	-999	-999	2	0	0	0	0	0	0	0	0	
65	37	2	0	-999	-999	2	0	0	0	0	0	0	0	0	
66	37	2	2	-999	-999	2	0	0	0	0	0	0	0	0	
67	37	2	4	-999	-999	2	0	0	0	0	0	0	0	0	
68	37	2	6	-999	-999	0	0	0	0	0	0	0	0	0	
69	37	11	8	-999	-999	0	0	0	0	0	0	0	0	0	
70	37	13	8	-999	-999	2	0	0	0	0	0	0	0	0	
71	37	13	10	-999	-999	0	0	0	0	0	0	0	0	0	
72	37	13	12	-999	-999	2	0	0	0	0	0	0	0	0	
73	37	13	0	-999	-999	2	0	0	0	0	0	0	0	0	
74	37	15	0	-999	-999	2	0	0	0	0	0	0	0	0	
75	37	17	0	-999	-999	2	0	0	0	0	0	0	0	0	
76	37	18	2	-999	-999	2	0	0	0	0	0	0	0	0	
77	37	18	4	-999	-999	2	0	0	0	0	0	0	0	0	
78	37	18	6	-999	-999	2	0	0	0	0	0	0	0	0	
79	37	18	8	-999	-999	2	0	0	0	0	0	0	0	0	
80	37	18	10	-999	-999	0	0	0	0	0	0	0	0	0	
81	37	18	12	-999	-999	2	0	0	0	0	0	0	0	0	
82	37	13	2	-999	-999	2	0	0	0	0	0	0	0	0	
83	37	13	4	-999	-999	2	0	0	0	0	0	0	0	0	
84	37	13	6	-999	-999	2	0	0	0	0	0	0	0	0	
85	37	13	14	-999	-999	2	0	0	0	0	0	0	0	0	
86	37	15	14	-999	-999	2	0	0	0	0	0	0	0	0	
87	37	17	14	-999	-999	2	0	0	0	0	0	0	0	0	
NULL	NULL	65	65	64	64	63	63	NULL	42	42	NULL	NULL	73	73	74	74	75	75	NULL	NULL	NULL	NULL	NULL	
NULL	NULL	65	65	64	64	63	63	NULL	42	42	NULL	NULL	73	73	74	74	75	75	NULL	NULL	NULL	NULL	NULL	
NULL	NULL	66	66	NULL	NULL	NULL	62	62	40	40	NULL	NULL	82	82	NULL	NULL	NULL	76	76	NULL	NULL	NULL	NULL	
NULL	NULL	66	66	NULL	NULL	NULL	62	62	40	40	NULL	NULL	82	82	NULL	NULL	NULL	76	76	NULL	NULL	NULL	NULL	
NULL	NULL	67	67	NULL	NULL	NULL	61	61	37	37	NULL	NULL	83	83	NULL	NULL	NULL	77	77	NULL	NULL	44	44	
NULL	NULL	67	67	NULL	NULL	NULL	61	61	37	37	NULL	NULL	83	83	NULL	NULL	NULL	77	77	NULL	NULL	44	44	
NULL	NULL	68	68	NULL	NULL	NULL	60	60	41	41	NULL	NULL	84	84	NULL	NULL	NULL	78	78	43	43	47	47	
NULL	NULL	68	68	NULL	NULL	NULL	60	60	41	41	NULL	NULL	84	84	NULL	NULL	NULL	78	78	43	43	47	47	
35	35	51	51	NULL	NULL	NULL	59	59	39	39	69	69	70	70	NULL	NULL	NULL	79	79	19	19	36	36	
35	35	51	51	NULL	NULL	NULL	59	59	39	39	69	69	70	70	NULL	NULL	NULL	79	79	19	19	36	36	
NULL	NULL	52	52	NULL	NULL	NULL	58	58	49	49	NULL	NULL	71	71	NULL	NULL	NULL	80	80	45	45	48	48	
NULL	NULL	52	52	NULL	NULL	NULL	58	58	49	49	NULL	NULL	71	71	NULL	NULL	NULL	80	80	45	45	48	48	
NULL	NULL	53	53	NULL	NULL	NULL	57	57	50	50	NULL	NULL	72	72	NULL	NULL	NULL	81	81	NULL	NULL	46	46	
NULL	NULL	53	53	NULL	NULL	NULL	57	57	50	50	NULL	NULL	72	72	NULL	NULL	NULL	81	81	NULL	NULL	46	46	
NULL	NULL	54	54	55	55	56	56	NULL	38	38	NULL	NULL	85	85	86	86	87	87	NULL	NULL	NULL	NULL	NULL	
NULL	NULL	54	54	55	55	56	56	NULL	38	38	NULL	NULL	85	85	86	86	87	87	NULL	NULL	NULL	NULL	NULL	
22	22	23	23	24	24	25	25	26	26	27	27	28	28	29	29	30	30	31	31	32	32	33	33	
22	22	23	23	24	24	25	25	26	26	27	27	28	28	29	29	30	30	31	31	32	32	33	33	
NULL	1	1	2	2	9	9	5	5	12	12	7	7	13	13	16	16	17	17	18	18	20	20	NULL	
NULL	1	1	2	2	9	9	5	5	12	12	7	7	13	13	16	16	17	17	18	18	20	20	NULL	
NULL	NULL	NULL	NULL	NULL	NULL	NULL	NULL	NULL	NULL	NULL	NULL	NULL	NULL	NULL	NULL	NULL	NULL	NULL	NULL	NULL	NULL	NULL	NULL	
NULL	0	0	3	3	10	10	4	4	11	11	6	6	14	14	8	8	15	15	34	34	21	21	NULL	
NULL	0	0	3	3	10	10	4	4	11	11	6	6	14	14	8	8	15	15	34	34	21	21	NULL	
NULL	NULL	NULL	NULL	NULL	NULL	NULL	NULL	NULL	NULL	NULL	NULL	NULL	NULL	NULL	NULL	NULL	NULL	NULL	NULL	NULL	NULL	NULL	NULL	
