95
0	83	0	20	-999	-999	2	0	0	0	0	0	0	0	0	1	
1	40	2	20	-999	-999	2	0	0	0	0	0	0	0	0	1	
2	40	4	20	-999	-999	2	0	0	0	0	0	0	0	0	1	
3	40	6	20	-999	-999	2	0	0	0	0	0	0	0	0	1	
4	40	8	20	-999	-999	2	0	0	0	0	0	0	0	0	1	
5	40	10	20	-999	-999	2	0	0	0	0	0	0	0	0	1	
6	40	12	20	-999	-999	2	0	0	0	0	0	0	0	0	1	
7	40	14	20	-999	-999	2	0	0	0	0	0	0	0	0	1	
8	40	16	20	-999	-999	2	0	0	0	0	0	0	0	0	1	
9	40	18	20	-999	-999	2	0	0	0	0	0	0	0	0	1	
10	40	20	20	-999	-999	2	0	0	0	0	0	0	0	0	1	
11	40	22	20	-999	-999	2	0	0	0	0	0	0	0	0	1	
12	15	0	22	-999	-999	2	100000	0	0	0	0	0	0	0	1	
13	14	2	22	-999	-999	2	100000	0	0	0	0	0	0	0	1	
14	13	4	22	-999	-999	2	100000	0	0	0	0	0	0	0	1	
15	12	6	22	-999	-999	2	100000	0	0	0	0	0	0	0	1	
16	15	8	22	-999	-999	2	100000	0	0	0	0	0	0	0	1	
17	14	10	22	-999	-999	2	100000	0	0	0	0	0	0	0	1	
18	13	12	22	-999	-999	2	100000	0	0	0	0	0	0	0	1	
19	12	14	22	-999	-999	2	100000	0	0	0	0	0	0	0	1	
20	15	16	22	-999	-999	2	100000	0	0	0	0	0	0	0	1	
21	14	18	22	-999	-999	2	100000	0	0	0	0	0	0	0	1	
22	13	20	22	-999	-999	2	100000	0	0	0	0	0	0	0	1	
23	12	22	22	-999	-999	2	100000	0	0	0	0	0	0	0	1	
24	39	20	2	-999	-999	2	0	0	0	0	0	0	0	0	1	
25	39	20	4	-999	-999	2	0	0	0	0	0	0	0	0	1	
26	40	22	2	-999	-999	2	0	0	0	0	0	0	0	0	1	
27	39	20	6	-999	-999	2	0	0	0	0	0	0	0	0	1	
28	79	20	8	-999	-999	3	0	0	0	0	0	0	0	0	1	
29	40	22	4	-999	-999	2	0	0	0	0	0	0	0	0	1	
30	40	22	6	-999	-999	2	0	0	0	0	0	0	0	0	1	
31	82	2	8	-999	-999	3	0	0	0	0	0	0	0	0	1	
32	81	8	8	-999	-999	3	0	0	0	0	0	0	0	0	1	
33	80	14	8	-999	-999	3	0	0	0	0	0	0	0	0	1	
34	40	4	8	-999	-999	2	0	0	0	0	0	0	0	0	1	
35	40	6	8	-999	-999	2	0	0	0	0	0	0	0	0	1	
36	40	0	8	-999	-999	2	0	0	0	0	0	0	0	0	1	
37	40	18	8	-999	-999	2	0	0	0	0	0	0	0	0	1	
38	40	10	8	-999	-999	2	0	0	0	0	0	0	0	0	1	
39	40	12	8	-999	-999	2	0	0	0	0	0	0	0	0	1	
40	40	22	8	-999	-999	2	0	0	0	0	0	0	0	0	1	
41	40	2	2	-999	-999	2	0	0	0	0	0	0	0	0	1	
42	3	20	0	-999	-999	2	0	2	1000	0	0	0	0	0	1	
43	40	0	2	-999	-999	2	0	0	0	0	0	0	0	0	1	
44	40	16	8	-999	-999	2	0	0	0	0	0	0	0	0	1	
45	93	0	18	-999	-999	3	0	0	0	0	0	0	0	0	1	
46	27	0	16	-999	-999	2	0	0	0	0	0	0	0	0	1	
47	40	6	1	-999	-999	2	0	0	0	0	0	0	0	0	1	
48	40	4	1	-999	-999	2	0	0	0	0	0	0	0	0	1	
49	40	8	1	-999	-999	2	0	0	0	0	0	0	0	0	1	
50	40	10	1	-999	-999	2	0	0	0	0	0	0	0	0	1	
51	92	2	15	-999	-999	2	0	0	0	0	0	0	0	0	1	
52	91	1	13	-999	-999	2	0	0	0	0	0	0	0	0	1	
53	90	0	11	-999	-999	2	0	0	0	0	0	0	0	0	1	
54	89	2	10	-999	-999	2	0	0	0	0	0	0	0	0	1	
55	40	2	0	-999	-999	2	0	0	0	0	0	0	0	0	1	
56	40	0	0	-999	-999	2	0	0	0	0	0	0	0	0	1	
57	40	22	0	-999	-999	2	0	0	0	0	0	0	0	0	1	
58	40	18	4	-999	-999	2	0	0	0	0	0	0	0	0	1	
59	40	16	4	-999	-999	2	0	0	0	0	0	0	0	0	1	
60	40	14	4	-999	-999	2	0	0	0	0	0	0	0	0	1	
61	40	18	2	-999	-999	2	0	0	0	0	0	0	0	0	1	
62	40	18	0	-999	-999	2	0	0	0	0	0	0	0	0	1	
63	40	16	2	-999	-999	2	0	0	0	0	0	0	0	0	1	
64	40	16	0	-999	-999	2	0	0	0	0	0	0	0	0	1	
65	40	14	2	-999	-999	2	0	0	0	0	0	0	0	0	1	
66	40	14	0	-999	-999	2	0	0	0	0	0	0	0	0	1	
67	40	12	2	-999	-999	2	0	0	0	0	0	0	0	0	1	
68	40	12	0	-999	-999	2	0	0	0	0	0	0	0	0	1	
69	40	12	4	-999	-999	2	0	0	0	0	0	0	0	0	1	
70	40	10	4	-999	-999	2	0	0	0	0	0	0	0	0	1	
71	40	8	4	-999	-999	2	0	0	0	0	0	0	0	0	1	
72	40	6	4	-999	-999	2	0	0	0	0	0	0	0	0	1	
73	40	4	4	-999	-999	2	0	0	0	0	0	0	0	0	1	
74	40	2	4	-999	-999	2	0	0	0	0	0	0	0	0	1	
75	40	0	4	-999	-999	2	0	0	0	0	0	0	0	0	1	
76	40	0	6	-999	-999	2	0	0	0	0	0	0	0	0	1	
77	5	20	10	-999	-999	2	0	0	0	0	0	0	0	0	1	
78	5	20	12	-999	-999	2	0	0	0	0	0	0	0	0	1	
79	5	14	10	-999	-999	2	0	0	0	0	0	0	0	0	1	
80	5	8	10	-999	-999	2	0	0	0	0	0	0	0	0	1	
81	6	8	12	-999	-999	2	0	0	0	0	0	0	0	0	1	
82	36	10	11	-999	-999	2	0	0	0	0	0	0	0	0	1	
83	17	8	14	-999	-999	2	0	0	0	0	0	0	0	0	1	
84	17	14	12	-999	-999	2	0	0	0	0	0	0	0	0	1	
85	17	20	14	-999	-999	2	0	0	0	0	0	0	0	0	1	
86	39	18	6	-999	-999	2	0	0	0	0	0	0	0	0	1	
87	39	16	6	-999	-999	2	0	0	0	0	0	0	0	0	1	
88	39	14	6	-999	-999	2	0	0	0	0	0	0	0	0	1	
89	39	12	6	-999	-999	2	0	0	0	0	0	0	0	0	1	
90	39	10	6	-999	-999	2	0	0	0	0	0	0	0	0	1	
91	39	8	6	-999	-999	2	0	0	0	0	0	0	0	0	1	
92	39	6	6	-999	-999	2	0	0	0	0	0	0	0	0	1	
93	39	4	6	-999	-999	2	0	0	0	0	0	0	0	0	1	
94	39	2	6	-999	-999	2	0	0	0	0	0	0	0	0	1	
56	56	55	55	NULL	NULL	NULL	NULL	NULL	NULL	NULL	NULL	68	68	66	66	64	64	62	62	42	42	57	57	
56	56	55	55	48	48	47	47	49	49	50	50	68	68	66	66	64	64	62	62	42	42	57	57	
43	43	41	41	48	48	47	47	49	49	50	50	67	67	65	65	63	63	61	61	24	24	26	26	
43	43	41	41	NULL	NULL	NULL	NULL	NULL	NULL	NULL	NULL	67	67	65	65	63	63	61	61	24	24	26	26	
75	75	74	74	73	73	72	72	71	71	70	70	69	69	60	60	59	59	58	58	25	25	29	29	
75	75	74	74	73	73	72	72	71	71	70	70	69	69	60	60	59	59	58	58	25	25	29	29	
76	76	94	94	93	93	92	92	91	91	90	90	89	89	88	88	87	87	86	86	27	27	30	30	
76	76	94	94	93	93	92	92	91	91	90	90	89	89	88	88	87	87	86	86	27	27	30	30	
36	36	31	31	34	34	35	35	32	32	38	38	39	39	33	33	44	44	37	37	28	28	40	40	
36	36	31	31	34	34	35	35	32	32	38	38	39	39	33	33	44	44	37	37	28	28	40	40	
NULL	NULL	54	54	NULL	NULL	NULL	NULL	80	80	NULL	NULL	NULL	NULL	79	79	NULL	NULL	NULL	NULL	77	77	NULL	NULL	
53	53	54	54	NULL	NULL	NULL	NULL	80	80	82	82	NULL	NULL	79	79	NULL	NULL	NULL	NULL	77	77	NULL	NULL	
53	53	NULL	NULL	NULL	NULL	NULL	NULL	81	81	82	82	NULL	NULL	84	84	NULL	NULL	NULL	NULL	78	78	NULL	NULL	
NULL	52	52	NULL	NULL	NULL	NULL	NULL	81	81	NULL	NULL	NULL	NULL	84	84	NULL	NULL	NULL	NULL	78	78	NULL	NULL	
NULL	52	52	NULL	NULL	NULL	NULL	NULL	83	83	NULL	NULL	NULL	NULL	NULL	NULL	NULL	NULL	NULL	NULL	85	85	NULL	NULL	
NULL	NULL	51	51	NULL	NULL	NULL	NULL	83	83	NULL	NULL	NULL	NULL	NULL	NULL	NULL	NULL	NULL	NULL	85	85	NULL	NULL	
46	46	51	51	NULL	NULL	NULL	NULL	NULL	NULL	NULL	NULL	NULL	NULL	NULL	NULL	NULL	NULL	NULL	NULL	NULL	NULL	NULL	NULL	
46	46	NULL	NULL	NULL	NULL	NULL	NULL	NULL	NULL	NULL	NULL	NULL	NULL	NULL	NULL	NULL	NULL	NULL	NULL	NULL	NULL	NULL	NULL	
45	45	NULL	NULL	NULL	NULL	NULL	NULL	NULL	NULL	NULL	NULL	NULL	NULL	NULL	NULL	NULL	NULL	NULL	NULL	NULL	NULL	NULL	NULL	
45	45	NULL	NULL	NULL	NULL	NULL	NULL	NULL	NULL	NULL	NULL	NULL	NULL	NULL	NULL	NULL	NULL	NULL	NULL	NULL	NULL	NULL	NULL	
0	0	1	1	2	2	3	3	4	4	5	5	6	6	7	7	8	8	9	9	10	10	11	11	
0	0	1	1	2	2	3	3	4	4	5	5	6	6	7	7	8	8	9	9	10	10	11	11	
12	12	13	13	14	14	15	15	16	16	17	17	18	18	19	19	20	20	21	21	22	22	23	23	
12	12	13	13	14	14	15	15	16	16	17	17	18	18	19	19	20	20	21	21	22	22	23	23	
