690
0	0	11	20	-999	-999	2	0	2	1000	0	0	0	0	0	
1	0	2	11	-999	-999	2	0	2	1000	0	0	0	0	0	
2	0	11	2	-999	-999	2	0	2	1000	0	0	0	0	0	
3	0	20	11	-999	-999	2	0	2	1000	0	0	0	0	0	
4	32	11	11	-999	-999	2	0	0	0	0	0	0	0	0	
25	25	5	5	9	9	13	13	17	17	21	21	27	27	
25	25	5	5	9	9	13	13	17	17	21	21	27	27	
6	6	29	29	30	30	31	31	32	32	33	33	8	8	
6	6	29	29	30	30	31	31	32	32	33	33	8	8	
10	10	44	44	45	45	46	46	47	47	34	34	12	12	
10	10	44	44	45	45	46	46	47	47	34	34	12	12	
14	14	43	43	52	52	53	53	48	48	35	35	16	16	
14	14	43	43	52	52	53	53	48	48	35	35	16	16	
18	18	42	42	51	51	50	50	49	49	36	36	20	20	
18	18	42	42	51	51	50	50	49	49	36	36	20	20	
22	22	41	41	40	40	39	39	38	38	37	37	24	24	
22	22	41	41	40	40	39	39	38	38	37	37	24	24	
26	26	7	7	11	11	15	15	19	19	23	23	28	28	
26	26	7	7	11	11	15	15	19	19	23	23	28	28	
5	42	2	0	11	11	2	1	0	0	0	0	0	0	0	
6	42	0	2	11	11	2	11	0	0	0	0	0	0	0	
7	42	2	12	11	11	2	1	0	0	0	0	0	0	0	
8	42	12	2	11	11	2	1	0	0	0	0	0	0	0	
9	42	4	0	11	11	2	1	0	0	0	0	0	0	0	
10	42	0	4	11	11	2	11	0	0	0	0	0	0	0	
11	42	4	12	11	11	2	11	0	0	0	0	0	0	0	
12	42	12	4	11	11	2	1	0	0	0	0	0	0	0	
13	42	6	0	11	11	2	1	0	0	0	0	0	0	0	
14	42	0	6	11	11	2	11	0	0	0	0	0	0	0	
15	42	6	12	11	11	2	1	0	0	0	0	0	0	0	
16	42	12	6	11	11	2	1	0	0	0	0	0	0	0	
17	42	8	0	11	11	2	1	0	0	0	0	0	0	0	
18	42	0	8	11	11	2	1111	0	0	0	0	0	0	0	
19	42	8	12	11	11	2	1	0	0	0	0	0	0	0	
20	42	12	8	11	11	2	1	0	0	0	0	0	0	0	
21	42	10	0	11	11	2	1	0	0	0	0	0	0	0	
22	42	0	10	11	11	2	1	0	0	0	0	0	0	0	
23	42	10	12	11	11	2	1	0	0	0	0	0	0	0	
24	42	12	10	11	11	2	1	0	0	0	0	0	0	0	
25	42	0	0	11	11	2	1	0	0	0	0	0	0	0	
26	43	0	12	11	11	2	0	0	0	0	0	0	0	0	
27	43	12	0	11	11	2	0	0	0	0	0	0	0	0	
28	43	12	12	11	11	2	0	0	0	0	0	0	0	0	
29	73	2	2	11	11	2	100	8	1	0	0	0	0	0	
30	73	4	2	11	11	2	0	5	1	0	0	0	0	0	
31	73	6	2	11	11	2	0	5	1	0	0	0	0	0	
32	73	8	2	11	11	2	0	5	1	0	0	0	0	0	
33	73	10	2	11	11	2	0	5	1	0	0	0	0	0	
34	73	10	4	11	11	2	0	5	1	0	0	0	0	0	
35	73	10	6	11	11	2	0	5	1	0	0	0	0	0	
36	73	10	8	11	11	2	0	5	1	0	0	0	0	0	
37	73	10	10	11	11	2	0	5	1	0	0	0	0	0	
38	73	8	10	11	11	2	0	5	1	0	0	0	0	0	
39	73	6	10	11	11	2	0	5	1	0	0	0	0	0	
40	73	4	10	11	11	2	0	5	1	0	0	0	0	0	
41	73	2	10	11	11	2	0	5	1	0	0	0	0	0	
42	73	2	8	11	11	2	0	5	1	0	0	0	0	0	
43	73	2	6	11	11	2	0	5	1	0	0	0	0	0	
44	73	2	4	11	11	2	0	5	1	0	0	0	0	0	
45	73	4	4	11	11	2	0	5	1	0	0	0	0	0	
46	73	6	4	11	11	2	0	5	1	0	0	0	0	0	
47	73	8	4	11	11	2	0	5	1	0	0	0	0	0	
48	73	8	6	11	11	2	0	5	1	0	0	0	0	0	
49	73	8	8	11	11	2	0	5	1	0	0	0	0	0	
50	73	6	8	11	11	2	0	5	1	0	0	0	0	0	
51	73	4	8	11	11	2	0	5	1	0	0	0	0	0	
52	73	4	6	11	11	2	0	5	1	0	0	0	0	0	
53	73	6	6	11	11	2	0	5	1	0	0	0	0	0	
54	0	20	14	-999	-999	2	0	2	1000	0	0	0	0	0	
55	0	5	2	-999	-999	2	0	2	1000	0	0	0	0	0	
56	0	5	20	-999	-999	2	0	2	1000	0	0	0	0	0	
57	0	2	17	-999	-999	2	0	2	1000	0	0	0	0	0	
58	0	20	17	-999	-999	2	0	2	1000	0	0	0	0	0	
59	0	14	2	-999	-999	2	0	2	1000	0	0	0	0	0	
60	0	2	8	-999	-999	2	0	2	1000	0	0	0	0	0	
61	0	20	8	-999	-999	2	0	2	1000	0	0	0	0	0	
62	0	2	5	-999	-999	2	0	2	1000	0	0	0	0	0	
63	0	14	20	-999	-999	2	0	2	1000	0	0	0	0	0	
64	0	2	14	-999	-999	2	0	2	1000	0	0	0	0	0	
65	0	8	2	-999	-999	2	0	2	1000	0	0	0	0	0	
66	0	17	2	-999	-999	2	0	2	1000	0	0	0	0	0	
67	0	8	20	-999	-999	2	0	2	1000	0	0	0	0	0	
68	0	17	20	-999	-999	2	0	2	1000	0	0	0	0	0	
69	0	20	5	-999	-999	2	0	2	1000	0	0	0	0	0	
70	17	22	5	-999	-999	2	0	0	0	0	0	0	0	0	
71	19	22	11	-999	-999	2	3	0	0	0	0	0	0	0	
72	21	22	17	-999	-999	2	5	0	0	0	0	0	0	0	
73	20	22	14	-999	-999	2	4	0	0	0	0	0	0	0	
74	18	22	8	-999	-999	2	2	0	0	0	0	0	0	0	
75	32	17	11	-999	-999	2	0	0	0	0	0	0	0	0	
96	96	76	76	80	80	84	84	88	88	92	92	98	98	
96	96	76	76	80	80	84	84	88	88	92	92	98	98	
77	77	108	108	107	107	106	106	105	105	100	100	79	79	
77	77	108	108	107	107	106	106	105	105	100	100	79	79	
81	81	109	109	110	110	111	111	112	112	101	101	83	83	
81	81	109	109	110	110	111	111	112	112	101	101	83	83	
85	85	116	116	115	115	114	114	113	113	102	102	87	87	
85	85	116	116	115	115	114	114	113	113	102	102	87	87	
89	89	117	117	118	118	119	119	120	120	103	103	91	91	
89	89	117	117	118	118	119	119	120	120	103	103	91	91	
93	93	124	124	123	123	122	122	121	121	104	104	95	95	
93	93	124	124	123	123	122	122	121	121	104	104	95	95	
97	97	78	78	82	82	86	86	90	90	94	94	99	99	
97	97	78	78	82	82	86	86	90	90	94	94	99	99	
76	43	2	0	17	11	2	0	0	0	0	0	0	0	0	
77	42	0	2	17	11	2	1	0	0	0	0	0	0	0	
78	43	2	12	17	11	2	0	0	0	0	0	0	0	0	
79	43	12	2	17	11	2	0	0	0	0	0	0	0	0	
80	43	4	0	17	11	2	0	0	0	0	0	0	0	0	
81	42	0	4	17	11	2	1	0	0	0	0	0	0	0	
82	43	4	12	17	11	2	0	0	0	0	0	0	0	0	
83	43	12	4	17	11	2	0	0	0	0	0	0	0	0	
84	43	6	0	17	11	2	0	0	0	0	0	0	0	0	
85	42	0	6	17	11	2	1	0	0	0	0	0	0	0	
86	43	6	12	17	11	2	0	0	0	0	0	0	0	0	
87	43	12	6	17	11	2	0	0	0	0	0	0	0	0	
88	43	8	0	17	11	2	0	0	0	0	0	0	0	0	
89	42	0	8	17	11	2	1	0	0	0	0	0	0	0	
90	43	8	12	17	11	2	0	0	0	0	0	0	0	0	
91	43	12	8	17	11	2	0	0	0	0	0	0	0	0	
92	43	10	0	17	11	2	0	0	0	0	0	0	0	0	
93	42	0	10	17	11	2	1	0	0	0	0	0	0	0	
94	43	10	12	17	11	2	0	0	0	0	0	0	0	0	
95	43	12	10	17	11	2	0	0	0	0	0	0	0	0	
96	43	0	0	17	11	2	0	0	0	0	0	0	0	0	
97	43	0	12	17	11	2	0	0	0	0	0	0	0	0	
98	43	12	0	17	11	2	0	0	0	0	0	0	0	0	
99	43	12	12	17	11	2	0	0	0	0	0	0	0	0	
100	27	10	2	17	11	2	0	0	0	0	0	0	0	0	
101	28	10	4	17	11	2	2	0	0	0	0	0	0	0	
102	29	10	6	17	11	2	3	0	0	0	0	0	0	0	
103	30	10	8	17	11	2	4	0	0	0	0	0	0	0	
104	31	10	10	17	11	2	5	0	0	0	0	0	0	0	
105	39	8	2	17	11	2	1	0	0	0	0	0	0	0	
106	39	6	2	17	11	2	1	0	0	0	0	0	0	0	
107	39	4	2	17	11	2	1	0	0	0	0	0	0	0	
108	39	2	2	17	11	2	11	0	0	0	0	0	0	0	
109	39	2	4	17	11	2	1	0	0	0	0	0	0	0	
110	39	4	4	17	11	2	1	0	0	0	0	0	0	0	
111	39	6	4	17	11	2	1	0	0	0	0	0	0	0	
112	39	8	4	17	11	2	1	0	0	0	0	0	0	0	
113	39	8	6	17	11	2	1	0	0	0	0	0	0	0	
114	39	6	6	17	11	2	1	0	0	0	0	0	0	0	
115	39	4	6	17	11	2	1	0	0	0	0	0	0	0	
116	39	2	6	17	11	2	1	0	0	0	0	0	0	0	
117	39	2	8	17	11	2	1	0	0	0	0	0	0	0	
118	39	4	8	17	11	2	1	0	0	0	0	0	0	0	
119	39	6	8	17	11	2	1	0	0	0	0	0	0	0	
120	39	8	8	17	11	2	1	0	0	0	0	0	0	0	
121	39	8	10	17	11	2	1	0	0	0	0	0	0	0	
122	39	6	10	17	11	2	1	0	0	0	0	0	0	0	
123	39	4	10	17	11	2	1	0	0	0	0	0	0	0	
124	39	2	10	17	11	2	1	0	0	0	0	0	0	0	
125	32	15	11	-999	-999	2	0	0	0	0	0	0	0	0	
146	146	126	126	130	130	134	134	138	138	142	142	148	148	
146	146	126	126	130	130	134	134	138	138	142	142	148	148	
127	127	150	150	151	151	152	152	153	153	154	154	129	129	
127	127	150	150	151	151	152	152	153	153	154	154	129	129	
131	131	159	159	166	166	167	167	174	174	155	155	133	133	
131	131	159	159	166	166	167	167	174	174	155	155	133	133	
135	135	160	160	165	165	168	168	173	173	156	156	137	137	
135	135	160	160	165	165	168	168	173	173	156	156	137	137	
139	139	161	161	164	164	169	169	172	172	157	157	141	141	
139	139	161	161	164	164	169	169	172	172	157	157	141	141	
143	143	162	162	163	163	170	170	171	171	158	158	145	145	
143	143	162	162	163	163	170	170	171	171	158	158	145	145	
147	147	128	128	132	132	136	136	140	140	144	144	149	149	
147	147	128	128	132	132	136	136	140	140	144	144	149	149	
126	43	2	0	15	11	2	0	0	0	0	0	0	0	0	
127	42	0	2	15	11	2	1	0	0	0	0	0	0	0	
128	43	2	12	15	11	2	0	0	0	0	0	0	0	0	
129	42	12	2	15	11	2	1	0	0	0	0	0	0	0	
130	43	4	0	15	11	2	0	0	0	0	0	0	0	0	
131	42	0	4	15	11	2	1	0	0	0	0	0	0	0	
132	43	4	12	15	11	2	0	0	0	0	0	0	0	0	
133	42	12	4	15	11	2	1	0	0	0	0	0	0	0	
134	43	6	0	15	11	2	0	0	0	0	0	0	0	0	
135	42	0	6	15	11	2	1	0	0	0	0	0	0	0	
136	43	6	12	15	11	2	0	0	0	0	0	0	0	0	
137	42	12	6	15	11	2	1	0	0	0	0	0	0	0	
138	43	8	0	15	11	2	0	0	0	0	0	0	0	0	
139	42	0	8	15	11	2	1	0	0	0	0	0	0	0	
140	43	8	12	15	11	2	0	0	0	0	0	0	0	0	
141	42	12	8	15	11	2	1	0	0	0	0	0	0	0	
142	43	10	0	15	11	2	0	0	0	0	0	0	0	0	
143	42	0	10	15	11	2	1	0	0	0	0	0	0	0	
144	43	10	12	15	11	2	0	0	0	0	0	0	0	0	
145	42	12	10	15	11	2	1	0	0	0	0	0	0	0	
146	43	0	0	15	11	2	0	0	0	0	0	0	0	0	
147	43	0	12	15	11	2	0	0	0	0	0	0	0	0	
148	43	12	0	15	11	2	0	0	0	0	0	0	0	0	
149	43	12	12	15	11	2	0	0	0	0	0	0	0	0	
150	39	2	2	15	11	2	1	0	0	0	0	0	0	0	
151	39	4	2	15	11	2	1	0	0	0	0	0	0	0	
152	39	6	2	15	11	2	1	0	0	0	0	0	0	0	
153	39	8	2	15	11	2	1	0	0	0	0	0	0	0	
154	39	10	2	15	11	2	1	0	0	0	0	0	0	0	
155	39	10	4	15	11	2	1	0	0	0	0	0	0	0	
156	39	10	6	15	11	2	1	0	0	0	0	0	0	0	
157	39	10	8	15	11	2	1	0	0	0	0	0	0	0	
158	39	10	10	15	11	2	1	0	0	0	0	0	0	0	
159	39	2	4	15	11	2	1	0	0	0	0	0	0	0	
160	39	2	6	15	11	2	1	0	0	0	0	0	0	0	
161	39	2	8	15	11	2	1	0	0	0	0	0	0	0	
162	39	2	10	15	11	2	1	0	0	0	0	0	0	0	
163	39	4	10	15	11	2	1	0	0	0	0	0	0	0	
164	39	4	8	15	11	2	1	0	0	0	0	0	0	0	
165	39	4	6	15	11	2	1	0	0	0	0	0	0	0	
166	39	4	4	15	11	2	1	0	0	0	0	0	0	0	
167	39	6	4	15	11	2	1	0	0	0	0	0	0	0	
168	39	6	6	15	11	2	1	0	0	0	0	0	0	0	
169	39	6	8	15	11	2	1	0	0	0	0	0	0	0	
170	39	6	10	15	11	2	1	0	0	0	0	0	0	0	
171	39	8	10	15	11	2	1	0	0	0	0	0	0	0	
172	39	8	8	15	11	2	1	0	0	0	0	0	0	0	
173	39	8	6	15	11	2	1	0	0	0	0	0	0	0	
174	39	8	4	15	11	2	1	0	0	0	0	0	0	0	
175	32	13	11	-999	-999	2	0	0	0	0	0	0	0	0	
196	196	176	176	180	180	184	184	188	188	192	192	198	198	
196	196	176	176	180	180	184	184	188	188	192	192	198	198	
177	177	200	200	201	201	202	202	203	203	204	204	179	179	
177	177	200	200	201	201	202	202	203	203	204	204	179	179	
181	181	205	205	206	206	207	207	208	208	209	209	183	183	
181	181	205	205	206	206	207	207	208	208	209	209	183	183	
185	185	210	210	211	211	212	212	213	213	214	214	187	187	
185	185	210	210	211	211	212	212	213	213	214	214	187	187	
189	189	215	215	216	216	217	217	218	218	219	219	191	191	
189	189	215	215	216	216	217	217	218	218	219	219	191	191	
193	193	220	220	221	221	222	222	223	223	224	224	195	195	
193	193	220	220	221	221	222	222	223	223	224	224	195	195	
197	197	178	178	182	182	186	186	190	190	194	194	199	199	
197	197	178	178	182	182	186	186	190	190	194	194	199	199	
176	43	2	0	13	11	2	0	0	0	0	0	0	0	0	
177	42	0	2	13	11	2	0	0	0	0	0	0	0	0	
178	43	2	12	13	11	2	0	0	0	0	0	0	0	0	
179	42	12	2	13	11	2	0	0	0	0	0	0	0	0	
180	43	4	0	13	11	2	0	0	0	0	0	0	0	0	
181	42	0	4	13	11	2	0	0	0	0	0	0	0	0	
182	43	4	12	13	11	2	0	0	0	0	0	0	0	0	
183	42	12	4	13	11	2	0	0	0	0	0	0	0	0	
184	43	6	0	13	11	2	0	0	0	0	0	0	0	0	
185	42	0	6	13	11	2	0	0	0	0	0	0	0	0	
186	43	6	12	13	11	2	0	0	0	0	0	0	0	0	
187	42	12	6	13	11	2	0	0	0	0	0	0	0	0	
188	43	8	0	13	11	2	0	0	0	0	0	0	0	0	
189	42	0	8	13	11	2	0	0	0	0	0	0	0	0	
190	43	8	12	13	11	2	0	0	0	0	0	0	0	0	
191	42	12	8	13	11	2	0	0	0	0	0	0	0	0	
192	43	10	0	13	11	2	0	0	0	0	0	0	0	0	
193	42	0	10	13	11	2	0	0	0	0	0	0	0	0	
194	43	10	12	13	11	2	0	0	0	0	0	0	0	0	
195	42	12	10	13	11	2	0	0	0	0	0	0	0	0	
196	43	0	0	13	11	2	0	0	0	0	0	0	0	0	
197	43	0	12	13	11	2	0	0	0	0	0	0	0	0	
198	43	12	0	13	11	2	0	0	0	0	0	0	0	0	
199	43	12	12	13	11	2	0	0	0	0	0	0	0	0	
200	39	2	2	13	11	2	0	0	0	0	0	0	0	0	
201	39	4	2	13	11	2	0	0	0	0	0	0	0	0	
202	39	6	2	13	11	2	0	0	0	0	0	0	0	0	
203	39	8	2	13	11	2	0	0	0	0	0	0	0	0	
204	39	10	2	13	11	2	0	0	0	0	0	0	0	0	
205	39	2	4	13	11	2	0	0	0	0	0	0	0	0	
206	39	4	4	13	11	2	0	0	0	0	0	0	0	0	
207	39	6	4	13	11	2	0	0	0	0	0	0	0	0	
208	39	8	4	13	11	2	0	0	0	0	0	0	0	0	
209	39	10	4	13	11	2	0	0	0	0	0	0	0	0	
210	39	2	6	13	11	2	0	0	0	0	0	0	0	0	
211	39	4	6	13	11	2	0	0	0	0	0	0	0	0	
212	39	6	6	13	11	2	0	0	0	0	0	0	0	0	
213	39	8	6	13	11	2	0	0	0	0	0	0	0	0	
214	39	10	6	13	11	2	0	0	0	0	0	0	0	0	
215	39	2	8	13	11	2	0	0	0	0	0	0	0	0	
216	39	4	8	13	11	2	0	0	0	0	0	0	0	0	
217	39	6	8	13	11	2	0	0	0	0	0	0	0	0	
218	39	8	8	13	11	2	0	0	0	0	0	0	0	0	
219	39	10	8	13	11	2	0	0	0	0	0	0	0	0	
220	39	2	10	13	11	2	0	0	0	0	0	0	0	0	
221	39	4	10	13	11	2	0	0	0	0	0	0	0	0	
222	39	6	10	13	11	2	0	0	0	0	0	0	0	0	
223	39	8	10	13	11	2	0	0	0	0	0	0	0	0	
224	39	10	10	13	11	2	0	0	0	0	0	0	0	0	
225	21	17	0	-999	-999	2	0	0	5	0	0	0	0	0	
226	20	14	0	-999	-999	2	0	0	4	0	0	0	0	0	
227	19	11	0	-999	-999	2	0	0	3	0	0	0	0	0	
228	18	8	0	-999	-999	2	0	0	2	0	0	0	0	0	
229	17	5	0	-999	-999	2	0	0	0	0	0	0	0	0	
230	21	0	5	-999	-999	2	0	0	5	0	0	0	0	0	
231	20	0	8	-999	-999	2	0	0	4	0	0	0	0	0	
232	19	0	11	-999	-999	2	0	0	3	0	0	0	0	0	
233	18	0	14	-999	-999	2	0	0	2	0	0	0	0	0	
234	17	0	17	-999	-999	2	0	0	0	0	0	0	0	0	
235	21	5	22	-999	-999	2	0	0	5	0	0	0	0	0	
236	20	8	22	-999	-999	2	0	0	4	0	0	0	0	0	
237	19	11	22	-999	-999	2	0	0	3	0	0	0	0	0	
238	18	14	22	-999	-999	2	0	0	2	0	0	0	0	0	
239	17	17	22	-999	-999	2	0	0	0	0	0	0	0	0	
240	32	11	17	-999	-999	2	0	0	0	0	0	0	0	0	
262	262	258	258	254	254	250	250	246	246	242	242	261	261	
262	262	258	258	254	254	250	250	246	246	242	242	261	261	
243	243	285	285	280	280	275	275	270	270	265	265	241	241	
243	243	285	285	280	280	275	275	270	270	265	265	241	241	
247	247	286	286	281	281	276	276	271	271	266	266	245	245	
247	247	286	286	281	281	276	276	271	271	266	266	245	245	
251	251	287	287	282	282	277	277	272	272	267	267	249	249	
251	251	287	287	282	282	277	277	272	272	267	267	249	249	
255	255	288	288	283	283	278	278	273	273	268	268	253	253	
255	255	288	288	283	283	278	278	273	273	268	268	253	253	
259	259	289	289	284	284	279	279	274	274	269	269	257	257	
259	259	289	289	284	284	279	279	274	274	269	269	257	257	
264	264	260	260	256	256	252	252	248	248	244	244	263	263	
264	264	260	260	256	256	252	252	248	248	244	244	263	263	
241	43	12	2	11	17	2	0	0	0	0	0	0	0	0	
242	42	10	0	11	17	2	0	0	0	0	0	0	0	0	
243	43	0	2	11	17	2	0	0	0	0	0	0	0	0	
244	43	10	12	11	17	2	0	0	0	0	0	0	0	0	
245	43	12	4	11	17	2	0	0	0	0	0	0	0	0	
246	42	8	0	11	17	2	0	0	0	0	0	0	0	0	
247	43	0	4	11	17	2	0	0	0	0	0	0	0	0	
248	43	8	12	11	17	2	0	0	0	0	0	0	0	0	
249	43	12	6	11	17	2	0	0	0	0	0	0	0	0	
250	42	6	0	11	17	2	0	0	0	0	0	0	0	0	
251	43	0	6	11	17	2	0	0	0	0	0	0	0	0	
252	43	6	12	11	17	2	0	0	0	0	0	0	0	0	
253	43	12	8	11	17	2	0	0	0	0	0	0	0	0	
254	42	4	0	11	17	2	0	0	0	0	0	0	0	0	
255	43	0	8	11	17	2	0	0	0	0	0	0	0	0	
256	43	4	12	11	17	2	0	0	0	0	0	0	0	0	
257	43	12	10	11	17	2	0	0	0	0	0	0	0	0	
258	42	2	0	11	17	2	0	0	0	0	0	0	0	0	
259	43	0	10	11	17	2	0	0	0	0	0	0	0	0	
260	43	2	12	11	17	2	0	0	0	0	0	0	0	0	
261	43	12	0	11	17	2	0	0	0	0	0	0	0	0	
262	43	0	0	11	17	2	0	0	0	0	0	0	0	0	
263	43	12	12	11	17	2	0	0	0	0	0	0	0	0	
264	43	0	12	11	17	2	0	0	0	0	0	0	0	0	
265	39	10	2	11	17	2	0	0	0	0	0	0	0	0	
266	39	10	4	11	17	2	0	0	0	0	0	0	0	0	
267	39	10	6	11	17	2	0	0	0	0	0	0	0	0	
268	39	10	8	11	17	2	0	0	0	0	0	0	0	0	
269	27	10	10	11	17	2	0	0	0	0	0	0	0	0	
270	39	8	2	11	17	2	0	0	0	0	0	0	0	0	
271	39	8	4	11	17	2	0	0	0	0	0	0	0	0	
272	39	8	6	11	17	2	0	0	0	0	0	0	0	0	
273	39	8	8	11	17	2	0	0	0	0	0	0	0	0	
274	28	8	10	11	17	2	0	0	0	0	0	0	0	0	
275	39	6	2	11	17	2	0	0	0	0	0	0	0	0	
276	39	6	4	11	17	2	0	0	0	0	0	0	0	0	
277	39	6	6	11	17	2	0	0	0	0	0	0	0	0	
278	39	6	8	11	17	2	0	0	0	0	0	0	0	0	
279	29	6	10	11	17	2	0	0	0	0	0	0	0	0	
280	39	4	2	11	17	2	0	0	0	0	0	0	0	0	
281	39	4	4	11	17	2	0	0	0	0	0	0	0	0	
282	39	4	6	11	17	2	0	0	0	0	0	0	0	0	
283	39	4	8	11	17	2	0	0	0	0	0	0	0	0	
284	30	4	10	11	17	2	0	0	0	0	0	0	0	0	
285	39	2	2	11	17	2	0	0	0	0	0	0	0	0	
286	39	2	4	11	17	2	0	0	0	0	0	0	0	0	
287	39	2	6	11	17	2	0	0	0	0	0	0	0	0	
288	39	2	8	11	17	2	0	0	0	0	0	0	0	0	
289	31	2	10	11	17	2	0	0	0	0	0	0	0	0	
290	32	5	11	-999	-999	2	0	0	0	0	0	0	0	0	
314	314	309	309	305	305	301	301	297	297	293	293	312	312	
314	314	309	309	305	305	301	301	297	297	293	293	312	312	
310	310	339	339	338	338	337	337	336	336	335	335	308	308	
310	310	339	339	338	338	337	337	336	336	335	335	308	308	
306	306	334	334	333	333	332	332	331	331	330	330	304	304	
306	306	334	334	333	333	332	332	331	331	330	330	304	304	
302	302	329	329	328	328	327	327	326	326	325	325	300	300	
302	302	329	329	328	328	327	327	326	326	325	325	300	300	
298	298	324	324	323	323	322	322	321	321	320	320	296	296	
298	298	324	324	323	323	322	322	321	321	320	320	296	296	
294	294	319	319	318	318	317	317	316	316	315	315	292	292	
294	294	319	319	318	318	317	317	316	316	315	315	292	292	
313	313	307	307	303	303	299	299	295	295	291	291	311	311	
313	313	307	307	303	303	299	299	295	295	291	291	311	311	
291	43	10	12	5	11	2	0	0	0	0	0	0	0	0	
292	42	12	10	5	11	2	0	0	0	0	0	0	0	0	
293	43	10	0	5	11	2	0	0	0	0	0	0	0	0	
294	43	0	10	5	11	2	0	0	0	0	0	0	0	0	
295	43	8	12	5	11	2	0	0	0	0	0	0	0	0	
296	42	12	8	5	11	2	0	0	0	0	0	0	0	0	
297	43	8	0	5	11	2	0	0	0	0	0	0	0	0	
298	43	0	8	5	11	2	0	0	0	0	0	0	0	0	
299	43	6	12	5	11	2	0	0	0	0	0	0	0	0	
300	42	12	6	5	11	2	0	0	0	0	0	0	0	0	
301	43	6	0	5	11	2	0	0	0	0	0	0	0	0	
302	43	0	6	5	11	2	0	0	0	0	0	0	0	0	
303	43	4	12	5	11	2	0	0	0	0	0	0	0	0	
304	42	12	4	5	11	2	0	0	0	0	0	0	0	0	
305	43	4	0	5	11	2	0	0	0	0	0	0	0	0	
306	43	0	4	5	11	2	0	0	0	0	0	0	0	0	
307	43	2	12	5	11	2	0	0	0	0	0	0	0	0	
308	42	12	2	5	11	2	0	0	0	0	0	0	0	0	
309	43	2	0	5	11	2	0	0	0	0	0	0	0	0	
310	43	0	2	5	11	2	0	0	0	0	0	0	0	0	
311	43	12	12	5	11	2	0	0	0	0	0	0	0	0	
312	43	12	0	5	11	2	0	0	0	0	0	0	0	0	
313	43	0	12	5	11	2	0	0	0	0	0	0	0	0	
314	43	0	0	5	11	2	0	0	0	0	0	0	0	0	
315	39	10	10	5	11	2	0	0	0	0	0	0	0	0	
316	39	8	10	5	11	2	0	0	0	0	0	0	0	0	
317	39	6	10	5	11	2	0	0	0	0	0	0	0	0	
318	39	4	10	5	11	2	0	0	0	0	0	0	0	0	
319	27	2	10	5	11	2	0	0	0	0	0	0	0	0	
320	39	10	8	5	11	2	0	0	0	0	0	0	0	0	
321	39	8	8	5	11	2	0	0	0	0	0	0	0	0	
322	39	6	8	5	11	2	0	0	0	0	0	0	0	0	
323	39	4	8	5	11	2	0	0	0	0	0	0	0	0	
324	28	2	8	5	11	2	0	0	0	0	0	0	0	0	
325	39	10	6	5	11	2	0	0	0	0	0	0	0	0	
326	39	8	6	5	11	2	0	0	0	0	0	0	0	0	
327	39	6	6	5	11	2	0	0	0	0	0	0	0	0	
328	39	4	6	5	11	2	0	0	0	0	0	0	0	0	
329	29	2	6	5	11	2	0	0	0	0	0	0	0	0	
330	39	10	4	5	11	2	0	0	0	0	0	0	0	0	
331	39	8	4	5	11	2	0	0	0	0	0	0	0	0	
332	39	6	4	5	11	2	0	0	0	0	0	0	0	0	
333	39	4	4	5	11	2	0	0	0	0	0	0	0	0	
334	30	2	4	5	11	2	0	0	0	0	0	0	0	0	
335	39	10	2	5	11	2	0	0	0	0	0	0	0	0	
336	39	8	2	5	11	2	0	0	0	0	0	0	0	0	
337	39	6	2	5	11	2	0	0	0	0	0	0	0	0	
338	39	4	2	5	11	2	0	0	0	0	0	0	0	0	
339	31	2	2	5	11	2	0	0	0	0	0	0	0	0	
340	32	11	5	-999	-999	2	0	0	0	0	0	0	0	0	
363	363	344	344	348	348	352	352	356	356	360	360	364	364	
363	363	344	344	348	348	352	352	356	356	360	360	364	364	
357	357	369	369	374	374	379	379	384	384	389	389	359	359	
357	357	369	369	374	374	379	379	384	384	389	389	359	359	
353	353	368	368	373	373	378	378	383	383	388	388	355	355	
353	353	368	368	373	373	378	378	383	383	388	388	355	355	
349	349	367	367	372	372	377	377	382	382	387	387	351	351	
349	349	367	367	372	372	377	377	382	382	387	387	351	351	
345	345	366	366	371	371	376	376	381	381	386	386	347	347	
345	345	366	366	371	371	376	376	381	381	386	386	347	347	
341	341	365	365	370	370	375	375	380	380	385	385	343	343	
341	341	365	365	370	370	375	375	380	380	385	385	343	343	
361	361	342	342	346	346	350	350	354	354	358	358	362	362	
361	361	342	342	346	346	350	350	354	354	358	358	362	362	
341	43	0	10	11	5	2	0	0	0	0	0	0	0	0	
342	42	2	12	11	5	2	0	0	0	0	0	0	0	0	
343	43	12	10	11	5	2	0	0	0	0	0	0	0	0	
344	43	2	0	11	5	2	0	0	0	0	0	0	0	0	
345	43	0	8	11	5	2	0	0	0	0	0	0	0	0	
346	42	4	12	11	5	2	0	0	0	0	0	0	0	0	
347	43	12	8	11	5	2	0	0	0	0	0	0	0	0	
348	43	4	0	11	5	2	0	0	0	0	0	0	0	0	
349	43	0	6	11	5	2	0	0	0	0	0	0	0	0	
350	42	6	12	11	5	2	0	0	0	0	0	0	0	0	
351	43	12	6	11	5	2	0	0	0	0	0	0	0	0	
352	43	6	0	11	5	2	0	0	0	0	0	0	0	0	
353	43	0	4	11	5	2	0	0	0	0	0	0	0	0	
354	42	8	12	11	5	2	0	0	0	0	0	0	0	0	
355	43	12	4	11	5	2	0	0	0	0	0	0	0	0	
356	43	8	0	11	5	2	0	0	0	0	0	0	0	0	
357	43	0	2	11	5	2	0	0	0	0	0	0	0	0	
358	42	10	12	11	5	2	0	0	0	0	0	0	0	0	
359	43	12	2	11	5	2	0	0	0	0	0	0	0	0	
360	43	10	0	11	5	2	0	0	0	0	0	0	0	0	
361	43	0	12	11	5	2	0	0	0	0	0	0	0	0	
362	43	12	12	11	5	2	0	0	0	0	0	0	0	0	
363	43	0	0	11	5	2	0	0	0	0	0	0	0	0	
364	43	12	0	11	5	2	0	0	0	0	0	0	0	0	
365	39	2	10	11	5	2	0	0	0	0	0	0	0	0	
366	39	2	8	11	5	2	0	0	0	0	0	0	0	0	
367	39	2	6	11	5	2	0	0	0	0	0	0	0	0	
368	39	2	4	11	5	2	0	0	0	0	0	0	0	0	
369	27	2	2	11	5	2	0	0	0	0	0	0	0	0	
370	39	4	10	11	5	2	0	0	0	0	0	0	0	0	
371	39	4	8	11	5	2	0	0	0	0	0	0	0	0	
372	39	4	6	11	5	2	0	0	0	0	0	0	0	0	
373	39	4	4	11	5	2	0	0	0	0	0	0	0	0	
374	28	4	2	11	5	2	0	0	0	0	0	0	0	0	
375	39	6	10	11	5	2	0	0	0	0	0	0	0	0	
376	39	6	8	11	5	2	0	0	0	0	0	0	0	0	
377	39	6	6	11	5	2	0	0	0	0	0	0	0	0	
378	39	6	4	11	5	2	0	0	0	0	0	0	0	0	
379	29	6	2	11	5	2	0	0	0	0	0	0	0	0	
380	39	8	10	11	5	2	0	0	0	0	0	0	0	0	
381	39	8	8	11	5	2	0	0	0	0	0	0	0	0	
382	39	8	6	11	5	2	0	0	0	0	0	0	0	0	
383	39	8	4	11	5	2	0	0	0	0	0	0	0	0	
384	30	8	2	11	5	2	0	0	0	0	0	0	0	0	
385	39	10	10	11	5	2	0	0	0	0	0	0	0	0	
386	39	10	8	11	5	2	0	0	0	0	0	0	0	0	
387	39	10	6	11	5	2	0	0	0	0	0	0	0	0	
388	39	10	4	11	5	2	0	0	0	0	0	0	0	0	
389	31	10	2	11	5	2	0	0	0	0	0	0	0	0	
390	32	7	11	-999	-999	2	0	0	0	0	0	0	0	0	
411	411	391	391	395	395	399	399	403	403	407	407	413	413	
411	411	391	391	395	395	399	399	403	403	407	407	413	413	
392	392	415	415	416	416	417	417	418	418	419	419	394	394	
392	392	415	415	416	416	417	417	418	418	419	419	394	394	
396	396	420	420	421	421	422	422	423	423	424	424	398	398	
396	396	420	420	421	421	422	422	423	423	424	424	398	398	
400	400	425	425	426	426	427	427	428	428	429	429	402	402	
400	400	425	425	426	426	427	427	428	428	429	429	402	402	
404	404	430	430	431	431	432	432	433	433	434	434	406	406	
404	404	430	430	431	431	432	432	433	433	434	434	406	406	
408	408	435	435	436	436	437	437	438	438	439	439	410	410	
408	408	435	435	436	436	437	437	438	438	439	439	410	410	
412	412	393	393	397	397	401	401	405	405	409	409	414	414	
412	412	393	393	397	397	401	401	405	405	409	409	414	414	
391	43	2	0	7	11	2	0	0	0	0	0	0	0	0	
392	42	0	2	7	11	2	0	0	0	0	0	0	0	0	
393	43	2	12	7	11	2	0	0	0	0	0	0	0	0	
394	42	12	2	7	11	2	0	0	0	0	0	0	0	0	
395	43	4	0	7	11	2	0	0	0	0	0	0	0	0	
396	42	0	4	7	11	2	0	0	0	0	0	0	0	0	
397	43	4	12	7	11	2	0	0	0	0	0	0	0	0	
398	42	12	4	7	11	2	0	0	0	0	0	0	0	0	
399	43	6	0	7	11	2	0	0	0	0	0	0	0	0	
400	42	0	6	7	11	2	0	0	0	0	0	0	0	0	
401	43	6	12	7	11	2	0	0	0	0	0	0	0	0	
402	42	12	6	7	11	2	0	0	0	0	0	0	0	0	
403	43	8	0	7	11	2	0	0	0	0	0	0	0	0	
404	42	0	8	7	11	2	0	0	0	0	0	0	0	0	
405	43	8	12	7	11	2	0	0	0	0	0	0	0	0	
406	42	12	8	7	11	2	0	0	0	0	0	0	0	0	
407	43	10	0	7	11	2	0	0	0	0	0	0	0	0	
408	42	0	10	7	11	2	0	0	0	0	0	0	0	0	
409	43	10	12	7	11	2	0	0	0	0	0	0	0	0	
410	42	12	10	7	11	2	0	0	0	0	0	0	0	0	
411	43	0	0	7	11	2	0	0	0	0	0	0	0	0	
412	43	0	12	7	11	2	0	0	0	0	0	0	0	0	
413	43	12	0	7	11	2	0	0	0	0	0	0	0	0	
414	43	12	12	7	11	2	0	0	0	0	0	0	0	0	
415	39	2	2	7	11	2	0	0	0	0	0	0	0	0	
416	39	4	2	7	11	2	0	0	0	0	0	0	0	0	
417	39	6	2	7	11	2	0	0	0	0	0	0	0	0	
418	39	8	2	7	11	2	0	0	0	0	0	0	0	0	
419	39	10	2	7	11	2	0	0	0	0	0	0	0	0	
420	39	2	4	7	11	2	0	0	0	0	0	0	0	0	
421	39	4	4	7	11	2	0	0	0	0	0	0	0	0	
422	39	6	4	7	11	2	0	0	0	0	0	0	0	0	
423	39	8	4	7	11	2	0	0	0	0	0	0	0	0	
424	39	10	4	7	11	2	0	0	0	0	0	0	0	0	
425	39	2	6	7	11	2	0	0	0	0	0	0	0	0	
426	39	4	6	7	11	2	0	0	0	0	0	0	0	0	
427	39	6	6	7	11	2	0	0	0	0	0	0	0	0	
428	39	8	6	7	11	2	0	0	0	0	0	0	0	0	
429	39	10	6	7	11	2	0	0	0	0	0	0	0	0	
430	39	2	8	7	11	2	0	0	0	0	0	0	0	0	
431	39	4	8	7	11	2	0	0	0	0	0	0	0	0	
432	39	6	8	7	11	2	0	0	0	0	0	0	0	0	
433	39	8	8	7	11	2	0	0	0	0	0	0	0	0	
434	39	10	8	7	11	2	0	0	0	0	0	0	0	0	
435	39	2	10	7	11	2	0	0	0	0	0	0	0	0	
436	39	4	10	7	11	2	0	0	0	0	0	0	0	0	
437	39	6	10	7	11	2	0	0	0	0	0	0	0	0	
438	39	8	10	7	11	2	0	0	0	0	0	0	0	0	
439	39	10	10	7	11	2	0	0	0	0	0	0	0	0	
440	32	9	11	-999	-999	2	0	0	0	0	0	0	0	0	
461	461	441	441	445	445	449	449	453	453	457	457	463	463	
461	461	441	441	445	445	449	449	453	453	457	457	463	463	
442	442	465	465	466	466	467	467	468	468	469	469	444	444	
442	442	465	465	466	466	467	467	468	468	469	469	444	444	
446	446	470	470	471	471	472	472	473	473	474	474	448	448	
446	446	470	470	471	471	472	472	473	473	474	474	448	448	
450	450	475	475	476	476	477	477	478	478	479	479	452	452	
450	450	475	475	476	476	477	477	478	478	479	479	452	452	
454	454	480	480	481	481	482	482	483	483	484	484	456	456	
454	454	480	480	481	481	482	482	483	483	484	484	456	456	
458	458	485	485	486	486	487	487	488	488	489	489	460	460	
458	458	485	485	486	486	487	487	488	488	489	489	460	460	
462	462	443	443	447	447	451	451	455	455	459	459	464	464	
462	462	443	443	447	447	451	451	455	455	459	459	464	464	
441	43	2	0	9	11	2	0	0	0	0	0	0	0	0	
442	42	0	2	9	11	2	0	0	0	0	0	0	0	0	
443	43	2	12	9	11	2	0	0	0	0	0	0	0	0	
444	42	12	2	9	11	2	0	0	0	0	0	0	0	0	
445	43	4	0	9	11	2	0	0	0	0	0	0	0	0	
446	42	0	4	9	11	2	0	0	0	0	0	0	0	0	
447	43	4	12	9	11	2	0	0	0	0	0	0	0	0	
448	42	12	4	9	11	2	0	0	0	0	0	0	0	0	
449	43	6	0	9	11	2	0	0	0	0	0	0	0	0	
450	42	0	6	9	11	2	0	0	0	0	0	0	0	0	
451	43	6	12	9	11	2	0	0	0	0	0	0	0	0	
452	42	12	6	9	11	2	0	0	0	0	0	0	0	0	
453	43	8	0	9	11	2	0	0	0	0	0	0	0	0	
454	42	0	8	9	11	2	0	0	0	0	0	0	0	0	
455	43	8	12	9	11	2	0	0	0	0	0	0	0	0	
456	42	12	8	9	11	2	0	0	0	0	0	0	0	0	
457	43	10	0	9	11	2	0	0	0	0	0	0	0	0	
458	42	0	10	9	11	2	0	0	0	0	0	0	0	0	
459	43	10	12	9	11	2	0	0	0	0	0	0	0	0	
460	42	12	10	9	11	2	0	0	0	0	0	0	0	0	
461	43	0	0	9	11	2	0	0	0	0	0	0	0	0	
462	43	0	12	9	11	2	0	0	0	0	0	0	0	0	
463	43	12	0	9	11	2	0	0	0	0	0	0	0	0	
464	43	12	12	9	11	2	0	0	0	0	0	0	0	0	
465	39	2	2	9	11	2	0	0	0	0	0	0	0	0	
466	39	4	2	9	11	2	0	0	0	0	0	0	0	0	
467	39	6	2	9	11	2	0	0	0	0	0	0	0	0	
468	39	8	2	9	11	2	0	0	0	0	0	0	0	0	
469	39	10	2	9	11	2	0	0	0	0	0	0	0	0	
470	39	2	4	9	11	2	0	0	0	0	0	0	0	0	
471	39	4	4	9	11	2	0	0	0	0	0	0	0	0	
472	39	6	4	9	11	2	0	0	0	0	0	0	0	0	
473	39	8	4	9	11	2	0	0	0	0	0	0	0	0	
474	39	10	4	9	11	2	0	0	0	0	0	0	0	0	
475	39	2	6	9	11	2	0	0	0	0	0	0	0	0	
476	39	4	6	9	11	2	0	0	0	0	0	0	0	0	
477	39	6	6	9	11	2	0	0	0	0	0	0	0	0	
478	39	8	6	9	11	2	0	0	0	0	0	0	0	0	
479	39	10	6	9	11	2	0	0	0	0	0	0	0	0	
480	39	2	8	9	11	2	0	0	0	0	0	0	0	0	
481	39	4	8	9	11	2	0	0	0	0	0	0	0	0	
482	39	6	8	9	11	2	0	0	0	0	0	0	0	0	
483	39	8	8	9	11	2	0	0	0	0	0	0	0	0	
484	39	10	8	9	11	2	0	0	0	0	0	0	0	0	
485	39	2	10	9	11	2	0	0	0	0	0	0	0	0	
486	39	4	10	9	11	2	0	0	0	0	0	0	0	0	
487	39	6	10	9	11	2	0	0	0	0	0	0	0	0	
488	39	8	10	9	11	2	0	0	0	0	0	0	0	0	
489	39	10	10	9	11	2	0	0	0	0	0	0	0	0	
490	32	11	7	-999	-999	2	0	0	0	0	0	0	0	0	
512	512	508	508	504	504	500	500	496	496	492	492	511	511	
512	512	508	508	504	504	500	500	496	496	492	492	511	511	
493	493	535	535	530	530	525	525	520	520	515	515	491	491	
493	493	535	535	530	530	525	525	520	520	515	515	491	491	
497	497	536	536	531	531	526	526	521	521	516	516	495	495	
497	497	536	536	531	531	526	526	521	521	516	516	495	495	
501	501	537	537	532	532	527	527	522	522	517	517	499	499	
501	501	537	537	532	532	527	527	522	522	517	517	499	499	
505	505	538	538	533	533	528	528	523	523	518	518	503	503	
505	505	538	538	533	533	528	528	523	523	518	518	503	503	
509	509	539	539	534	534	529	529	524	524	519	519	507	507	
509	509	539	539	534	534	529	529	524	524	519	519	507	507	
514	514	510	510	506	506	502	502	498	498	494	494	513	513	
514	514	510	510	506	506	502	502	498	498	494	494	513	513	
491	43	12	2	11	7	2	0	0	0	0	0	0	0	0	
492	42	10	0	11	7	2	0	0	0	0	0	0	0	0	
493	43	0	2	11	7	2	0	0	0	0	0	0	0	0	
494	42	10	12	11	7	2	0	0	0	0	0	0	0	0	
495	43	12	4	11	7	2	0	0	0	0	0	0	0	0	
496	42	8	0	11	7	2	0	0	0	0	0	0	0	0	
497	43	0	4	11	7	2	0	0	0	0	0	0	0	0	
498	42	8	12	11	7	2	0	0	0	0	0	0	0	0	
499	43	12	6	11	7	2	0	0	0	0	0	0	0	0	
500	42	6	0	11	7	2	0	0	0	0	0	0	0	0	
501	43	0	6	11	7	2	0	0	0	0	0	0	0	0	
502	42	6	12	11	7	2	0	0	0	0	0	0	0	0	
503	43	12	8	11	7	2	0	0	0	0	0	0	0	0	
504	42	4	0	11	7	2	0	0	0	0	0	0	0	0	
505	43	0	8	11	7	2	0	0	0	0	0	0	0	0	
506	42	4	12	11	7	2	0	0	0	0	0	0	0	0	
507	43	12	10	11	7	2	0	0	0	0	0	0	0	0	
508	42	2	0	11	7	2	0	0	0	0	0	0	0	0	
509	43	0	10	11	7	2	0	0	0	0	0	0	0	0	
510	42	2	12	11	7	2	0	0	0	0	0	0	0	0	
511	43	12	0	11	7	2	0	0	0	0	0	0	0	0	
512	43	0	0	11	7	2	0	0	0	0	0	0	0	0	
513	43	12	12	11	7	2	0	0	0	0	0	0	0	0	
514	43	0	12	11	7	2	0	0	0	0	0	0	0	0	
515	39	10	2	11	7	2	0	0	0	0	0	0	0	0	
516	39	10	4	11	7	2	0	0	0	0	0	0	0	0	
517	39	10	6	11	7	2	0	0	0	0	0	0	0	0	
518	39	10	8	11	7	2	0	0	0	0	0	0	0	0	
519	39	10	10	11	7	2	0	0	0	0	0	0	0	0	
520	39	8	2	11	7	2	0	0	0	0	0	0	0	0	
521	39	8	4	11	7	2	0	0	0	0	0	0	0	0	
522	39	8	6	11	7	2	0	0	0	0	0	0	0	0	
523	39	8	8	11	7	2	0	0	0	0	0	0	0	0	
524	39	8	10	11	7	2	0	0	0	0	0	0	0	0	
525	39	6	2	11	7	2	0	0	0	0	0	0	0	0	
526	39	6	4	11	7	2	0	0	0	0	0	0	0	0	
527	39	6	6	11	7	2	0	0	0	0	0	0	0	0	
528	39	6	8	11	7	2	0	0	0	0	0	0	0	0	
529	39	6	10	11	7	2	0	0	0	0	0	0	0	0	
530	39	4	2	11	7	2	0	0	0	0	0	0	0	0	
531	39	4	4	11	7	2	0	0	0	0	0	0	0	0	
532	39	4	6	11	7	2	0	0	0	0	0	0	0	0	
533	39	4	8	11	7	2	0	0	0	0	0	0	0	0	
534	39	4	10	11	7	2	0	0	0	0	0	0	0	0	
535	39	2	2	11	7	2	0	0	0	0	0	0	0	0	
536	39	2	4	11	7	2	0	0	0	0	0	0	0	0	
537	39	2	6	11	7	2	0	0	0	0	0	0	0	0	
538	39	2	8	11	7	2	0	0	0	0	0	0	0	0	
539	39	2	10	11	7	2	0	0	0	0	0	0	0	0	
540	32	11	9	-999	-999	2	0	0	0	0	0	0	0	0	
561	561	541	541	545	545	549	549	553	553	557	557	563	563	
561	561	541	541	545	545	549	549	553	553	557	557	563	563	
542	542	565	565	566	566	567	567	568	568	569	569	544	544	
542	542	565	565	566	566	567	567	568	568	569	569	544	544	
546	546	570	570	571	571	572	572	573	573	574	574	548	548	
546	546	570	570	571	571	572	572	573	573	574	574	548	548	
550	550	575	575	576	576	577	577	578	578	579	579	552	552	
550	550	575	575	576	576	577	577	578	578	579	579	552	552	
554	554	580	580	581	581	582	582	583	583	584	584	556	556	
554	554	580	580	581	581	582	582	583	583	584	584	556	556	
558	558	585	585	586	586	587	587	588	588	589	589	560	560	
558	558	585	585	586	586	587	587	588	588	589	589	560	560	
562	562	543	543	547	547	551	551	555	555	559	559	564	564	
562	562	543	543	547	547	551	551	555	555	559	559	564	564	
541	42	2	0	11	9	2	0	0	0	0	0	0	0	0	
542	43	0	2	11	9	2	0	0	0	0	0	0	0	0	
543	42	2	12	11	9	2	0	0	0	0	0	0	0	0	
544	43	12	2	11	9	2	0	0	0	0	0	0	0	0	
545	42	4	0	11	9	2	0	0	0	0	0	0	0	0	
546	43	0	4	11	9	2	0	0	0	0	0	0	0	0	
547	42	4	12	11	9	2	0	0	0	0	0	0	0	0	
548	43	12	4	11	9	2	0	0	0	0	0	0	0	0	
549	42	6	0	11	9	2	0	0	0	0	0	0	0	0	
550	43	0	6	11	9	2	0	0	0	0	0	0	0	0	
551	42	6	12	11	9	2	0	0	0	0	0	0	0	0	
552	43	12	6	11	9	2	0	0	0	0	0	0	0	0	
553	42	8	0	11	9	2	0	0	0	0	0	0	0	0	
554	43	0	8	11	9	2	0	0	0	0	0	0	0	0	
555	42	8	12	11	9	2	0	0	0	0	0	0	0	0	
556	43	12	8	11	9	2	0	0	0	0	0	0	0	0	
557	42	10	0	11	9	2	0	0	0	0	0	0	0	0	
558	43	0	10	11	9	2	0	0	0	0	0	0	0	0	
559	42	10	12	11	9	2	0	0	0	0	0	0	0	0	
560	43	12	10	11	9	2	0	0	0	0	0	0	0	0	
561	43	0	0	11	9	2	0	0	0	0	0	0	0	0	
562	43	0	12	11	9	2	0	0	0	0	0	0	0	0	
563	43	12	0	11	9	2	0	0	0	0	0	0	0	0	
564	43	12	12	11	9	2	0	0	0	0	0	0	0	0	
565	39	2	2	11	9	2	0	0	0	0	0	0	0	0	
566	39	4	2	11	9	2	0	0	0	0	0	0	0	0	
567	39	6	2	11	9	2	0	0	0	0	0	0	0	0	
568	39	8	2	11	9	2	0	0	0	0	0	0	0	0	
569	39	10	2	11	9	2	0	0	0	0	0	0	0	0	
570	39	2	4	11	9	2	0	0	0	0	0	0	0	0	
571	39	4	4	11	9	2	0	0	0	0	0	0	0	0	
572	39	6	4	11	9	2	0	0	0	0	0	0	0	0	
573	39	8	4	11	9	2	0	0	0	0	0	0	0	0	
574	39	10	4	11	9	2	0	0	0	0	0	0	0	0	
575	39	2	6	11	9	2	0	0	0	0	0	0	0	0	
576	39	4	6	11	9	2	0	0	0	0	0	0	0	0	
577	39	6	6	11	9	2	0	0	0	0	0	0	0	0	
578	39	8	6	11	9	2	0	0	0	0	0	0	0	0	
579	39	10	6	11	9	2	0	0	0	0	0	0	0	0	
580	39	2	8	11	9	2	0	0	0	0	0	0	0	0	
581	39	4	8	11	9	2	0	0	0	0	0	0	0	0	
582	39	6	8	11	9	2	0	0	0	0	0	0	0	0	
583	39	8	8	11	9	2	0	0	0	0	0	0	0	0	
584	39	10	8	11	9	2	0	0	0	0	0	0	0	0	
585	39	2	10	11	9	2	0	0	0	0	0	0	0	0	
586	39	4	10	11	9	2	0	0	0	0	0	0	0	0	
587	39	6	10	11	9	2	0	0	0	0	0	0	0	0	
588	39	8	10	11	9	2	0	0	0	0	0	0	0	0	
589	39	10	10	11	9	2	0	0	0	0	0	0	0	0	
590	32	11	13	-999	-999	2	0	0	0	0	0	0	0	0	
611	611	591	591	595	595	599	599	603	603	607	607	613	613	
611	611	591	591	595	595	599	599	603	603	607	607	613	613	
592	592	615	615	616	616	617	617	618	618	619	619	594	594	
592	592	615	615	616	616	617	617	618	618	619	619	594	594	
596	596	620	620	621	621	622	622	623	623	624	624	598	598	
596	596	620	620	621	621	622	622	623	623	624	624	598	598	
600	600	625	625	626	626	627	627	628	628	629	629	602	602	
600	600	625	625	626	626	627	627	628	628	629	629	602	602	
604	604	630	630	631	631	632	632	633	633	634	634	606	606	
604	604	630	630	631	631	632	632	633	633	634	634	606	606	
608	608	635	635	636	636	637	637	638	638	639	639	610	610	
608	608	635	635	636	636	637	637	638	638	639	639	610	610	
612	612	593	593	597	597	601	601	605	605	609	609	614	614	
612	612	593	593	597	597	601	601	605	605	609	609	614	614	
591	42	2	0	11	13	2	0	0	0	0	0	0	0	0	
592	43	0	2	11	13	2	0	0	0	0	0	0	0	0	
593	42	2	12	11	13	2	0	0	0	0	0	0	0	0	
594	43	12	2	11	13	2	0	0	0	0	0	0	0	0	
595	42	4	0	11	13	2	0	0	0	0	0	0	0	0	
596	43	0	4	11	13	2	0	0	0	0	0	0	0	0	
597	42	4	12	11	13	2	0	0	0	0	0	0	0	0	
598	43	12	4	11	13	2	0	0	0	0	0	0	0	0	
599	42	6	0	11	13	2	0	0	0	0	0	0	0	0	
600	43	0	6	11	13	2	0	0	0	0	0	0	0	0	
601	42	6	12	11	13	2	0	0	0	0	0	0	0	0	
602	43	12	6	11	13	2	0	0	0	0	0	0	0	0	
603	42	8	0	11	13	2	0	0	0	0	0	0	0	0	
604	43	0	8	11	13	2	0	0	0	0	0	0	0	0	
605	42	8	12	11	13	2	0	0	0	0	0	0	0	0	
606	43	12	8	11	13	2	0	0	0	0	0	0	0	0	
607	42	10	0	11	13	2	0	0	0	0	0	0	0	0	
608	43	0	10	11	13	2	0	0	0	0	0	0	0	0	
609	42	10	12	11	13	2	0	0	0	0	0	0	0	0	
610	43	12	10	11	13	2	0	0	0	0	0	0	0	0	
611	43	0	0	11	13	2	0	0	0	0	0	0	0	0	
612	43	0	12	11	13	2	0	0	0	0	0	0	0	0	
613	43	12	0	11	13	2	0	0	0	0	0	0	0	0	
614	43	12	12	11	13	2	0	0	0	0	0	0	0	0	
615	39	2	2	11	13	2	0	0	0	0	0	0	0	0	
616	39	4	2	11	13	2	0	0	0	0	0	0	0	0	
617	39	6	2	11	13	2	0	0	0	0	0	0	0	0	
618	39	8	2	11	13	2	0	0	0	0	0	0	0	0	
619	39	10	2	11	13	2	0	0	0	0	0	0	0	0	
620	39	2	4	11	13	2	0	0	0	0	0	0	0	0	
621	39	4	4	11	13	2	0	0	0	0	0	0	0	0	
622	39	6	4	11	13	2	0	0	0	0	0	0	0	0	
623	39	8	4	11	13	2	0	0	0	0	0	0	0	0	
624	39	10	4	11	13	2	0	0	0	0	0	0	0	0	
625	39	2	6	11	13	2	0	0	0	0	0	0	0	0	
626	39	4	6	11	13	2	0	0	0	0	0	0	0	0	
627	39	6	6	11	13	2	0	0	0	0	0	0	0	0	
628	39	8	6	11	13	2	0	0	0	0	0	0	0	0	
629	39	10	6	11	13	2	0	0	0	0	0	0	0	0	
630	39	2	8	11	13	2	0	0	0	0	0	0	0	0	
631	39	4	8	11	13	2	0	0	0	0	0	0	0	0	
632	39	6	8	11	13	2	0	0	0	0	0	0	0	0	
633	39	8	8	11	13	2	0	0	0	0	0	0	0	0	
634	39	10	8	11	13	2	0	0	0	0	0	0	0	0	
635	39	2	10	11	13	2	0	0	0	0	0	0	0	0	
636	39	4	10	11	13	2	0	0	0	0	0	0	0	0	
637	39	6	10	11	13	2	0	0	0	0	0	0	0	0	
638	39	8	10	11	13	2	0	0	0	0	0	0	0	0	
639	39	10	10	11	13	2	0	0	0	0	0	0	0	0	
640	32	11	15	-999	-999	2	0	0	0	0	0	0	0	0	
661	661	641	641	645	645	649	649	653	653	657	657	663	663	
661	661	641	641	645	645	649	649	653	653	657	657	663	663	
642	642	665	665	666	666	667	667	668	668	669	669	644	644	
642	642	665	665	666	666	667	667	668	668	669	669	644	644	
646	646	670	670	671	671	672	672	673	673	674	674	648	648	
646	646	670	670	671	671	672	672	673	673	674	674	648	648	
650	650	675	675	676	676	677	677	678	678	679	679	652	652	
650	650	675	675	676	676	677	677	678	678	679	679	652	652	
654	654	680	680	681	681	682	682	683	683	684	684	656	656	
654	654	680	680	681	681	682	682	683	683	684	684	656	656	
658	658	685	685	686	686	687	687	688	688	689	689	660	660	
658	658	685	685	686	686	687	687	688	688	689	689	660	660	
662	662	643	643	647	647	651	651	655	655	659	659	664	664	
662	662	643	643	647	647	651	651	655	655	659	659	664	664	
641	42	2	0	11	15	2	0	0	0	0	0	0	0	0	
642	43	0	2	11	15	2	0	0	0	0	0	0	0	0	
643	42	2	12	11	15	2	0	0	0	0	0	0	0	0	
644	43	12	2	11	15	2	0	0	0	0	0	0	0	0	
645	42	4	0	11	15	2	0	0	0	0	0	0	0	0	
646	43	0	4	11	15	2	0	0	0	0	0	0	0	0	
647	42	4	12	11	15	2	0	0	0	0	0	0	0	0	
648	43	12	4	11	15	2	0	0	0	0	0	0	0	0	
649	42	6	0	11	15	2	0	0	0	0	0	0	0	0	
650	43	0	6	11	15	2	0	0	0	0	0	0	0	0	
651	42	6	12	11	15	2	0	0	0	0	0	0	0	0	
652	43	12	6	11	15	2	0	0	0	0	0	0	0	0	
653	42	8	0	11	15	2	0	0	0	0	0	0	0	0	
654	43	0	8	11	15	2	0	0	0	0	0	0	0	0	
655	42	8	12	11	15	2	0	0	0	0	0	0	0	0	
656	43	12	8	11	15	2	0	0	0	0	0	0	0	0	
657	42	10	0	11	15	2	0	0	0	0	0	0	0	0	
658	43	0	10	11	15	2	0	0	0	0	0	0	0	0	
659	42	10	12	11	15	2	0	0	0	0	0	0	0	0	
660	43	12	10	11	15	2	0	0	0	0	0	0	0	0	
661	43	0	0	11	15	2	0	0	0	0	0	0	0	0	
662	43	0	12	11	15	2	0	0	0	0	0	0	0	0	
663	43	12	0	11	15	2	0	0	0	0	0	0	0	0	
664	43	12	12	11	15	2	0	0	0	0	0	0	0	0	
665	39	2	2	11	15	2	0	0	0	0	0	0	0	0	
666	39	4	2	11	15	2	0	0	0	0	0	0	0	0	
667	39	6	2	11	15	2	0	0	0	0	0	0	0	0	
668	39	8	2	11	15	2	0	0	0	0	0	0	0	0	
669	39	10	2	11	15	2	0	0	0	0	0	0	0	0	
670	39	2	4	11	15	2	0	0	0	0	0	0	0	0	
671	39	4	4	11	15	2	0	0	0	0	0	0	0	0	
672	39	6	4	11	15	2	0	0	0	0	0	0	0	0	
673	39	8	4	11	15	2	0	0	0	0	0	0	0	0	
674	39	10	4	11	15	2	0	0	0	0	0	0	0	0	
675	39	2	6	11	15	2	0	0	0	0	0	0	0	0	
676	39	4	6	11	15	2	0	0	0	0	0	0	0	0	
677	39	6	6	11	15	2	0	0	0	0	0	0	0	0	
678	39	8	6	11	15	2	0	0	0	0	0	0	0	0	
679	39	10	6	11	15	2	0	0	0	0	0	0	0	0	
680	39	2	8	11	15	2	0	0	0	0	0	0	0	0	
681	39	4	8	11	15	2	0	0	0	0	0	0	0	0	
682	39	6	8	11	15	2	0	0	0	0	0	0	0	0	
683	39	8	8	11	15	2	0	0	0	0	0	0	0	0	
684	39	10	8	11	15	2	0	0	0	0	0	0	0	0	
685	39	2	10	11	15	2	0	0	0	0	0	0	0	0	
686	39	4	10	11	15	2	0	0	0	0	0	0	0	0	
687	39	6	10	11	15	2	0	0	0	0	0	0	0	0	
688	39	8	10	11	15	2	0	0	0	0	0	0	0	0	
689	39	10	10	11	15	2	0	0	0	0	0	0	0	0	
NULL	NULL	NULL	NULL	NULL	229	229	NULL	228	228	NULL	227	227	NULL	226	226	NULL	225	225	NULL	NULL	NULL	NULL	NULL	
NULL	NULL	NULL	NULL	NULL	229	229	NULL	228	228	NULL	227	227	NULL	226	226	NULL	225	225	NULL	NULL	NULL	NULL	NULL	
NULL	NULL	NULL	NULL	NULL	55	55	NULL	65	65	NULL	2	2	NULL	59	59	NULL	66	66	NULL	NULL	NULL	NULL	NULL	
NULL	NULL	NULL	NULL	NULL	55	55	NULL	65	65	NULL	2	2	NULL	59	59	NULL	66	66	NULL	NULL	NULL	NULL	NULL	
NULL	NULL	NULL	NULL	NULL	NULL	NULL	NULL	NULL	NULL	NULL	NULL	NULL	NULL	NULL	NULL	NULL	NULL	NULL	NULL	NULL	NULL	NULL	NULL	
230	230	62	62	NULL	NULL	NULL	NULL	NULL	NULL	NULL	340	340	NULL	NULL	NULL	NULL	NULL	NULL	NULL	69	69	70	70	
230	230	62	62	NULL	NULL	NULL	NULL	NULL	NULL	NULL	340	340	NULL	NULL	NULL	NULL	NULL	NULL	NULL	69	69	70	70	
NULL	NULL	NULL	NULL	NULL	NULL	NULL	NULL	NULL	NULL	NULL	490	490	NULL	NULL	NULL	NULL	NULL	NULL	NULL	NULL	NULL	NULL	NULL	
231	231	60	60	NULL	NULL	NULL	NULL	NULL	NULL	NULL	490	490	NULL	NULL	NULL	NULL	NULL	NULL	NULL	61	61	74	74	
231	231	60	60	NULL	NULL	NULL	NULL	NULL	NULL	NULL	540	540	NULL	NULL	NULL	NULL	NULL	NULL	NULL	61	61	74	74	
NULL	NULL	NULL	NULL	NULL	NULL	NULL	NULL	NULL	NULL	NULL	540	540	NULL	NULL	NULL	NULL	NULL	NULL	NULL	NULL	NULL	NULL	NULL	
232	232	1	1	NULL	290	290	390	390	440	440	4	4	175	175	125	125	75	75	NULL	3	3	71	71	
232	232	1	1	NULL	290	290	390	390	440	440	4	4	175	175	125	125	75	75	NULL	3	3	71	71	
NULL	NULL	NULL	NULL	NULL	NULL	NULL	NULL	NULL	NULL	NULL	590	590	NULL	NULL	NULL	NULL	NULL	NULL	NULL	NULL	NULL	NULL	NULL	
233	233	64	64	NULL	NULL	NULL	NULL	NULL	NULL	NULL	590	590	NULL	NULL	NULL	NULL	NULL	NULL	NULL	54	54	73	73	
233	233	64	64	NULL	NULL	NULL	NULL	NULL	NULL	NULL	640	640	NULL	NULL	NULL	NULL	NULL	NULL	NULL	54	54	73	73	
NULL	NULL	NULL	NULL	NULL	NULL	NULL	NULL	NULL	NULL	NULL	640	640	NULL	NULL	NULL	NULL	NULL	NULL	NULL	NULL	NULL	NULL	NULL	
234	234	57	57	NULL	NULL	NULL	NULL	NULL	NULL	NULL	240	240	NULL	NULL	NULL	NULL	NULL	NULL	NULL	58	58	72	72	
234	234	57	57	NULL	NULL	NULL	NULL	NULL	NULL	NULL	240	240	NULL	NULL	NULL	NULL	NULL	NULL	NULL	58	58	72	72	
NULL	NULL	NULL	NULL	NULL	NULL	NULL	NULL	NULL	NULL	NULL	NULL	NULL	NULL	NULL	NULL	NULL	NULL	NULL	NULL	NULL	NULL	NULL	NULL	
NULL	NULL	NULL	NULL	NULL	56	56	NULL	67	67	NULL	0	0	NULL	63	63	NULL	68	68	NULL	NULL	NULL	NULL	NULL	
NULL	NULL	NULL	NULL	NULL	56	56	NULL	67	67	NULL	0	0	NULL	63	63	NULL	68	68	NULL	NULL	NULL	NULL	NULL	
NULL	NULL	NULL	NULL	NULL	235	235	NULL	236	236	NULL	237	237	NULL	238	238	NULL	239	239	NULL	NULL	NULL	NULL	NULL	
NULL	NULL	NULL	NULL	NULL	235	235	NULL	236	236	NULL	237	237	NULL	238	238	NULL	239	239	NULL	NULL	NULL	NULL	NULL	
