985
0	32	18	10	-999	-999	2	0	0	0	0	0	0	0	0	1	
149	149	24	24	7	7	43	43	63	63	221	221	10	10	
149	149	24	24	7	7	43	43	63	63	221	221	10	10	
19	19	365	365	322	322	89	89	362	362	280	280	11	11	
19	19	365	365	322	322	89	89	362	362	280	280	11	11	
3	3	363	363	NULL	NULL	NULL	NULL	NULL	NULL	60	60	20	20	
3	3	363	363	NULL	NULL	NULL	NULL	NULL	NULL	60	60	20	20	
95	95	126	126	NULL	NULL	133	133	NULL	NULL	2	2	58	58	
95	95	126	126	NULL	NULL	133	133	NULL	NULL	2	2	58	58	
18	18	NULL	NULL	NULL	NULL	23	23	NULL	NULL	17	17	74	74	
18	18	NULL	NULL	NULL	NULL	23	23	NULL	NULL	17	17	74	74	
14	14	13	13	9	9	5	5	1	1	21	21	157	157	
14	14	13	13	9	9	5	5	1	1	21	21	157	157	
101	101	15	15	22	22	91	91	16	16	12	12	8	8	
101	101	15	15	22	22	91	91	16	16	12	12	8	8	
1	12	8	10	18	10	2	100000	0	0	0	0	0	0	0	1	
2	12	10	6	18	10	2	100000	0	0	0	0	0	0	0	1	
3	43	0	4	18	10	2	0	0	0	0	0	0	0	0	1	
4	39	8	6	16	14	2	0	0	0	0	0	0	0	0	1	
5	13	6	10	18	10	2	100000	0	0	0	0	0	0	0	1	
6	39	6	2	16	14	4	0	0	0	0	0	0	0	0	1	
7	43	4	0	18	10	2	0	0	0	0	0	0	0	0	1	
8	43	12	12	18	10	2	0	0	0	0	0	0	0	0	1	
9	12	4	10	18	10	2	100000	0	0	0	0	0	0	0	1	
10	43	12	0	18	10	2	0	0	0	0	0	0	0	0	1	
11	43	12	2	18	10	2	0	0	0	0	0	0	0	0	1	
12	43	10	12	18	10	2	0	0	0	0	0	0	0	0	1	
13	12	2	10	18	10	2	100000	0	0	0	0	0	0	0	1	
14	43	0	10	18	10	2	0	0	0	0	0	0	0	0	1	
15	43	2	12	18	10	2	0	0	0	0	0	0	0	0	1	
16	43	8	12	18	10	2	0	0	0	0	0	0	0	0	1	
17	13	10	8	18	10	2	100000	0	0	0	0	0	0	0	1	
18	43	0	8	18	10	2	0	0	0	0	0	0	0	0	1	
19	43	0	2	18	10	2	0	0	0	0	0	0	0	0	1	
20	43	12	4	18	10	2	0	0	0	0	0	0	0	0	1	
21	12	10	10	18	10	2	100000	0	0	0	0	0	0	0	1	
22	43	4	12	18	10	2	0	0	0	0	0	0	0	0	1	
23	12	6	8	18	10	2	100000	0	0	0	0	0	0	0	1	
24	43	2	0	18	10	2	0	0	0	0	0	0	0	0	1	
25	32	14	20	-999	-999	2	0	0	0	0	0	0	0	0	1	
318	318	68	68	382	382	370	370	28	28	372	372	152	152	
318	318	68	68	382	382	370	370	28	28	372	372	152	152	
379	379	NULL	NULL	NULL	NULL	206	206	NULL	NULL	NULL	NULL	29	29	
379	379	NULL	NULL	NULL	NULL	206	206	NULL	NULL	NULL	NULL	29	29	
371	371	NULL	NULL	NULL	NULL	168	168	NULL	NULL	NULL	NULL	373	373	
371	371	NULL	NULL	NULL	NULL	168	168	NULL	NULL	NULL	NULL	373	373	
384	384	148	148	201	201	209	209	216	216	123	123	378	378	
384	384	148	148	201	201	209	209	216	216	123	123	378	378	
176	176	NULL	NULL	NULL	NULL	145	145	NULL	NULL	NULL	NULL	361	361	
176	176	NULL	NULL	NULL	NULL	145	145	NULL	NULL	NULL	NULL	361	361	
374	374	NULL	NULL	NULL	NULL	211	211	NULL	NULL	NULL	NULL	323	323	
374	374	NULL	NULL	NULL	NULL	211	211	NULL	NULL	NULL	NULL	323	323	
346	346	381	381	380	380	26	26	387	387	213	213	215	215	
346	346	381	381	380	380	26	26	387	387	213	213	215	215	
26	42	6	12	14	20	2	0	0	0	0	0	0	0	0	1	
27	43	0	10	20	20	2	0	0	0	0	0	0	0	0	1	
28	43	8	0	14	20	2	0	0	0	0	0	0	0	0	1	
29	43	12	2	14	20	2	0	0	0	0	0	0	0	0	1	
30	42	12	10	16	20	2	0	0	0	0	0	0	0	0	1	
31	39	10	6	16	14	2	0	0	0	0	0	0	0	0	1	
32	40	18	14	-999	-999	2	0	0	0	0	0	0	0	0	1	
33	42	0	4	16	20	2	0	0	0	0	0	0	0	0	1	
34	39	2	6	6	20	0	0	0	0	0	0	0	0	0	1	
35	39	6	8	16	20	2	0	0	0	0	0	0	0	0	1	
36	42	6	12	18	20	2	0	0	0	0	0	0	0	0	1	
37	42	2	12	18	20	2	0	0	0	0	0	0	0	0	1	
38	42	0	6	10	20	2	0	0	0	0	0	0	0	0	1	
39	43	12	2	6	20	2	0	0	0	0	0	0	0	0	1	
40	39	6	8	6	20	2	0	0	0	0	0	0	0	0	1	
41	39	8	6	16	20	2	0	0	0	0	0	0	0	0	1	
42	43	0	4	12	20	2	0	0	0	0	0	0	0	0	1	
43	43	6	0	18	10	2	0	0	0	0	0	0	0	0	1	
44	39	6	8	14	14	2	0	0	0	0	0	0	0	0	1	
45	43	0	10	16	14	2	0	0	0	0	0	0	0	0	1	
46	42	10	12	18	20	2	0	0	0	0	0	0	0	0	1	
47	43	2	0	6	20	2	0	0	0	0	0	0	0	0	1	
48	39	4	6	16	14	2	0	0	0	0	0	0	0	0	1	
49	42	2	12	16	20	2	0	0	0	0	0	0	0	0	1	
50	43	12	0	10	20	2	0	0	0	0	0	0	0	0	1	
51	40	16	16	-999	-999	2	0	0	0	0	0	0	0	0	1	
52	42	12	2	16	20	2	0	0	0	0	0	0	0	0	1	
53	43	12	12	18	20	2	0	0	0	0	0	0	0	0	1	
54	42	12	8	16	20	2	0	0	0	0	0	0	0	0	1	
55	40	4	18	-999	-999	2	0	0	0	0	0	0	0	0	1	
56	40	18	6	-999	-999	2	0	0	0	0	0	0	0	0	1	
57	39	6	10	16	20	2	0	0	0	0	0	0	0	0	1	
58	43	12	6	18	10	2	0	0	0	0	0	0	0	0	1	
59	43	8	0	6	20	2	0	0	0	0	0	0	0	0	1	
60	12	10	4	18	10	2	100000	0	0	0	0	0	0	0	1	
61	42	0	6	16	20	2	0	0	0	0	0	0	0	0	1	
62	40	18	16	-999	-999	2	0	0	0	0	0	0	0	0	1	
63	43	8	0	18	10	2	0	0	0	0	0	0	0	0	1	
64	4	8	12	-999	-999	2	0	2	1	0	0	0	0	0	1	
65	40	10	6	-999	-999	2	0	0	0	0	0	0	0	0	1	
66	40	10	16	-999	-999	2	0	0	0	0	0	0	0	0	1	
67	43	4	0	6	20	2	0	0	0	0	0	0	0	0	1	
68	43	2	0	14	20	2	0	0	0	0	0	0	0	0	1	
69	43	8	12	18	20	2	0	0	0	0	0	0	0	0	1	
70	32	16	14	-999	-999	2	0	0	0	0	0	0	0	0	1	
340	340	368	368	345	345	124	124	339	339	81	81	338	338	
340	340	368	368	345	345	124	124	339	339	81	81	338	338	
290	290	NULL	NULL	NULL	NULL	6	6	NULL	NULL	NULL	NULL	277	277	
290	290	NULL	NULL	NULL	NULL	6	6	NULL	NULL	NULL	NULL	277	277	
337	337	NULL	NULL	NULL	NULL	328	328	NULL	NULL	NULL	NULL	99	99	
337	337	NULL	NULL	NULL	NULL	328	328	NULL	NULL	NULL	NULL	99	99	
182	182	117	117	48	48	333	333	4	4	31	31	288	288	
182	182	117	117	48	48	333	333	4	4	31	31	288	288	
319	319	NULL	NULL	NULL	NULL	357	357	NULL	NULL	NULL	NULL	321	321	
319	319	NULL	NULL	NULL	NULL	357	357	NULL	NULL	NULL	NULL	321	321	
45	45	NULL	NULL	NULL	NULL	287	287	NULL	NULL	NULL	NULL	281	281	
45	45	NULL	NULL	NULL	NULL	287	287	NULL	NULL	NULL	NULL	281	281	
202	202	129	129	359	359	275	275	96	96	297	297	272	272	
202	202	129	129	359	359	275	275	96	96	297	297	272	272	
71	42	12	6	18	20	2	0	0	0	0	0	0	0	0	1	
72	6	6	6	16	20	2	0	0	0	0	0	0	0	0	1	
73	43	4	12	16	20	2	0	0	0	0	0	0	0	0	1	
74	43	12	8	18	10	2	0	0	0	0	0	0	0	0	1	
75	43	12	8	18	20	2	0	0	0	0	0	0	0	0	1	
76	39	6	4	16	20	1	0	0	0	0	0	0	0	0	1	
77	39	4	4	4	20	2	0	0	0	0	0	0	0	0	1	
78	42	12	10	18	20	2	0	0	0	0	0	0	0	0	1	
79	43	0	0	18	20	2	0	0	0	0	0	0	0	0	1	
80	39	5	10	4	20	2	0	0	0	0	0	0	0	0	1	
81	43	10	0	16	14	2	0	0	0	0	0	0	0	0	1	
82	39	4	6	18	20	2	0	0	0	0	0	0	0	0	1	
83	39	2	4	18	20	2	0	0	0	0	0	0	0	0	1	
84	42	0	6	18	20	1	0	0	0	0	0	0	0	0	1	
85	40	18	8	-999	-999	2	0	0	0	0	0	0	0	0	1	
86	39	6	8	18	20	2	0	0	0	0	0	0	0	0	1	
87	43	8	12	6	20	2	0	0	0	0	0	0	0	0	1	
88	5	4	6	12	20	1	0	0	0	0	0	0	0	0	1	
89	37	6	2	18	10	2	0	0	0	0	0	0	0	0	1	
90	39	6	10	18	20	2	0	0	0	0	0	0	0	0	1	
91	43	6	12	18	10	2	0	0	0	0	0	0	0	0	1	
92	43	8	0	18	20	2	0	0	0	0	0	0	0	0	1	
93	43	0	2	6	20	2	0	0	0	0	0	0	0	0	1	
94	43	12	0	12	20	2	0	0	0	0	0	0	0	0	1	
95	42	0	6	18	10	2	0	0	0	0	0	0	0	0	1	
96	43	8	12	16	14	2	0	0	0	0	0	0	0	0	1	
97	39	6	2	10	20	2	0	0	0	0	0	0	0	0	1	
98	42	0	10	18	20	2	0	0	0	0	0	0	0	0	1	
99	43	12	4	16	14	2	0	0	0	0	0	0	0	0	1	
100	39	4	6	10	20	4	0	0	0	0	0	0	0	0	1	
101	43	0	12	18	10	2	0	0	0	0	0	0	0	0	1	
102	40	8	6	-999	-999	2	0	0	0	0	0	0	0	0	1	
103	43	12	0	18	20	2	0	0	0	0	0	0	0	0	1	
104	40	12	16	-999	-999	2	0	0	0	0	0	0	0	0	1	
105	43	0	8	10	20	2	0	0	0	0	0	0	0	0	1	
106	43	0	12	12	20	2	0	0	0	0	0	0	0	0	1	
107	43	0	8	18	20	2	0	0	0	0	0	0	0	0	1	
108	43	0	12	18	20	2	0	0	0	0	0	0	0	0	1	
109	43	0	4	18	20	2	0	0	0	0	0	0	0	0	1	
110	43	12	10	12	20	2	0	0	0	0	0	0	0	0	1	
111	34	6	7	12	20	2	0	0	0	0	0	0	0	0	1	
112	43	10	12	12	20	2	0	0	0	0	0	0	0	0	1	
113	43	4	0	18	20	2	0	0	0	0	0	0	0	0	1	
114	37	10	6	12	20	2	0	0	0	0	0	0	0	0	1	
115	37	2	6	12	20	2	0	0	0	0	0	0	0	0	1	
116	39	8	6	18	20	2	0	0	0	0	0	0	0	0	1	
117	39	2	6	16	14	2	0	0	0	0	0	0	0	0	1	
118	42	12	2	18	20	2	0	0	0	0	0	0	0	0	1	
119	39	6	4	18	20	2	0	0	0	0	0	0	0	0	1	
120	32	16	20	-999	-999	2	0	0	0	0	0	0	0	0	1	
274	274	155	155	161	161	131	131	185	185	135	135	190	190	
274	274	155	155	161	161	131	131	185	185	135	135	190	190	
270	270	NULL	NULL	NULL	NULL	197	197	NULL	NULL	NULL	NULL	52	52	
270	270	NULL	NULL	NULL	NULL	197	197	NULL	NULL	NULL	NULL	52	52	
33	33	NULL	NULL	NULL	NULL	76	76	NULL	NULL	NULL	NULL	314	314	
33	33	NULL	NULL	NULL	NULL	76	76	NULL	NULL	NULL	NULL	314	314	
61	61	NULL	NULL	NULL	NULL	72	72	41	41	231	231	220	220	
61	61	NULL	NULL	NULL	NULL	72	72	41	41	231	231	220	220	
305	305	NULL	NULL	NULL	NULL	35	35	NULL	NULL	NULL	NULL	54	54	
305	305	NULL	NULL	NULL	NULL	35	35	NULL	NULL	NULL	NULL	54	54	
208	208	NULL	NULL	NULL	NULL	57	57	NULL	NULL	NULL	NULL	30	30	
208	208	NULL	NULL	NULL	NULL	57	57	NULL	NULL	NULL	NULL	30	30	
310	310	49	49	73	73	296	296	136	136	175	175	158	158	
310	310	49	49	73	73	296	296	136	136	175	175	158	158	
121	32	4	20	-999	-999	2	0	0	0	0	0	0	0	0	1	
245	245	239	239	249	249	262	262	241	241	248	248	265	265	
245	245	239	239	249	249	262	262	241	241	248	248	265	265	
308	308	NULL	NULL	NULL	329	329	NULL	NULL	NULL	NULL	NULL	253	253	
308	308	NULL	NULL	NULL	329	329	NULL	NULL	NULL	NULL	NULL	253	253	
258	258	NULL	NULL	77	77	NULL	NULL	NULL	NULL	NULL	NULL	267	267	
258	258	NULL	NULL	77	77	NULL	NULL	NULL	NULL	NULL	NULL	267	267	
273	273	128	128	127	127	154	154	172	172	188	188	255	255	
273	273	128	128	127	127	154	154	172	172	188	188	255	255	
242	242	NULL	NULL	156	156	NULL	NULL	NULL	NULL	NULL	NULL	259	259	
242	242	NULL	NULL	156	156	NULL	NULL	NULL	NULL	NULL	NULL	259	259	
247	247	NULL	NULL	NULL	80	80	NULL	NULL	NULL	NULL	NULL	254	254	
247	247	NULL	NULL	NULL	80	80	NULL	NULL	NULL	NULL	NULL	254	254	
257	257	198	198	260	260	250	250	263	263	252	252	244	244	
257	257	198	198	260	260	250	250	263	263	252	252	244	244	
122	40	20	10	-999	-999	2	0	0	0	0	0	0	0	0	1	
123	39	10	6	14	20	2	0	0	0	0	0	0	0	0	1	
124	42	6	0	16	14	2	0	0	0	0	0	0	0	0	1	
125	40	6	18	-999	-999	2	0	0	0	0	0	0	0	0	1	
126	37	2	6	18	10	2	0	0	0	0	0	0	0	0	1	
127	39	4	6	4	20	2	0	0	0	0	0	0	0	0	1	
128	39	2	6	4	20	2	0	0	0	0	0	0	0	0	1	
129	43	2	12	16	14	2	0	0	0	0	0	0	0	0	1	
130	43	0	8	12	20	2	0	0	0	0	0	0	0	0	1	
131	43	6	0	16	20	2	0	0	0	0	0	0	0	0	1	
132	40	6	8	-999	-999	2	0	0	0	0	0	0	0	0	1	
133	12	6	6	18	10	2	100000	0	0	0	0	0	0	0	1	
134	32	20	20	-999	-999	2	0	0	0	0	0	0	0	0	1	
246	246	191	191	226	226	307	307	140	140	162	162	268	268	
246	246	191	191	226	226	307	307	140	140	162	162	268	268	
309	309	NULL	NULL	NULL	NULL	264	264	NULL	NULL	NULL	NULL	316	316	
309	309	NULL	NULL	NULL	NULL	264	264	NULL	NULL	NULL	NULL	316	316	
306	306	NULL	NULL	NULL	NULL	240	240	NULL	NULL	NULL	NULL	237	237	
306	306	NULL	NULL	NULL	NULL	240	240	NULL	NULL	NULL	NULL	237	237	
193	193	NULL	NULL	NULL	NULL	266	266	NULL	NULL	NULL	NULL	317	317	
193	193	NULL	NULL	NULL	NULL	266	266	NULL	NULL	NULL	NULL	317	317	
187	187	NULL	NULL	NULL	NULL	NULL	NULL	NULL	NULL	NULL	NULL	165	165	
187	187	NULL	NULL	NULL	NULL	NULL	NULL	NULL	NULL	NULL	NULL	165	165	
27	27	NULL	NULL	NULL	NULL	NULL	NULL	NULL	NULL	NULL	NULL	261	261	
27	27	NULL	NULL	NULL	NULL	NULL	NULL	NULL	NULL	NULL	NULL	261	261	
243	243	312	312	169	169	236	236	313	313	315	315	251	251	
243	243	312	312	169	169	236	236	313	313	315	315	251	251	
135	42	10	0	16	20	2	0	0	0	0	0	0	0	0	1	
136	43	8	12	16	20	2	0	0	0	0	0	0	0	0	1	
137	43	12	4	6	20	2	0	0	0	0	0	0	0	0	1	
138	40	4	22	-999	-999	2	0	0	0	0	0	0	0	0	1	
139	40	2	20	-999	-999	2	0	0	0	0	0	0	0	0	1	
140	43	8	0	20	20	2	0	0	0	0	0	0	0	0	1	
141	40	22	18	-999	-999	2	0	0	0	0	0	0	0	0	1	
142	43	0	8	6	20	2	0	0	0	0	0	0	0	0	1	
143	42	6	0	6	20	2	0	0	0	0	0	0	0	0	1	
144	40	14	22	-999	-999	2	0	0	0	0	0	0	0	0	1	
145	39	6	8	14	20	2	0	0	0	0	0	0	0	0	1	
146	40	12	6	-999	-999	2	0	0	0	0	0	0	0	0	1	
147	40	8	18	-999	-999	2	0	0	0	0	0	0	0	0	1	
148	39	2	6	14	20	2	0	0	0	0	0	0	0	0	1	
149	43	0	0	18	10	2	0	0	0	0	0	0	0	0	1	
150	40	2	22	-999	-999	2	0	0	0	0	0	0	0	0	1	
151	40	18	18	-999	-999	2	0	0	0	0	0	0	0	0	1	
152	43	12	0	14	20	2	0	0	0	0	0	0	0	0	1	
153	40	14	6	-999	-999	2	0	0	0	0	0	0	0	0	1	
154	39	6	6	4	20	2	0	0	0	0	0	0	0	0	1	
155	42	2	0	16	20	2	0	0	0	0	0	0	0	0	1	
156	39	4	8	4	20	2	0	0	0	0	0	0	0	0	1	
157	43	12	10	18	10	2	0	0	0	0	0	0	0	0	1	
158	43	12	12	16	20	2	0	0	0	0	0	0	0	0	1	
159	40	14	16	-999	-999	2	0	0	0	0	0	0	0	0	1	
160	40	20	22	-999	-999	2	0	0	0	0	0	0	0	0	1	
161	43	4	0	16	20	2	0	0	0	0	0	0	0	0	1	
162	43	10	0	20	20	2	0	0	0	0	0	0	0	0	1	
163	40	16	18	-999	-999	2	0	0	0	0	0	0	0	0	1	
164	39	8	6	6	20	3	0	0	0	0	0	0	0	0	1	
165	43	12	8	20	20	2	0	0	0	0	0	0	0	0	1	
166	43	8	0	12	20	2	0	0	0	0	0	0	0	0	1	
167	43	12	12	12	20	2	0	0	0	0	0	0	0	0	1	
168	39	6	4	14	20	2	0	0	0	0	0	0	0	0	1	
169	43	4	12	20	20	2	0	0	0	0	0	0	0	0	1	
170	40	10	22	-999	-999	2	0	0	0	0	0	0	0	0	1	
171	40	22	20	-999	-999	2	0	0	0	0	0	0	0	0	1	
172	39	8	6	4	20	2	0	0	0	0	0	0	0	0	1	
173	32	6	20	-999	-999	2	0	0	0	0	0	0	0	0	1	
343	343	47	47	67	67	143	143	59	59	353	353	326	326	
343	343	47	47	67	67	143	143	59	59	353	353	326	326	
93	93	NULL	NULL	NULL	NULL	367	367	NULL	NULL	NULL	NULL	39	39	
93	93	NULL	NULL	NULL	NULL	367	367	NULL	NULL	NULL	NULL	39	39	
352	352	NULL	NULL	NULL	NULL	350	350	NULL	NULL	NULL	NULL	137	137	
352	352	NULL	NULL	NULL	NULL	350	350	NULL	NULL	NULL	NULL	137	137	
354	354	34	34	385	385	320	320	164	164	348	348	364	364	
354	354	34	34	385	385	320	320	164	164	348	348	364	364	
142	142	NULL	NULL	NULL	NULL	40	40	NULL	NULL	NULL	NULL	355	355	
142	142	NULL	NULL	NULL	NULL	40	40	NULL	NULL	NULL	NULL	355	355	
334	334	NULL	NULL	NULL	NULL	330	330	NULL	NULL	NULL	NULL	342	342	
334	334	NULL	NULL	NULL	NULL	330	330	NULL	NULL	NULL	NULL	342	342	
341	341	356	356	351	351	366	366	87	87	331	331	344	344	
341	341	356	356	351	351	366	366	87	87	331	331	344	344	
174	40	16	22	-999	-999	2	0	0	0	0	0	0	0	0	1	
175	43	10	12	16	20	2	0	0	0	0	0	0	0	0	1	
176	43	0	8	14	20	2	0	0	0	0	0	0	0	0	1	
177	42	10	0	18	20	2	0	0	0	0	0	0	0	0	1	
178	40	20	18	-999	-999	2	0	0	0	0	0	0	0	0	1	
179	40	6	22	-999	-999	2	0	0	0	0	0	0	0	0	1	
180	40	10	18	-999	-999	2	0	0	0	0	0	0	0	0	1	
181	40	6	10	-999	-999	2	0	0	0	0	0	0	0	0	1	
182	42	0	6	16	14	2	0	0	0	0	0	0	0	0	1	
183	40	18	22	-999	-999	2	0	0	0	0	0	0	0	0	1	
184	34	6	5	12	20	2	0	0	0	0	0	0	0	0	1	
185	43	8	0	16	20	2	0	0	0	0	0	0	0	0	1	
186	40	18	12	-999	-999	2	0	0	0	0	0	0	0	0	1	
187	43	0	8	20	20	2	0	0	0	0	0	0	0	0	1	
188	39	10	6	4	20	2	0	0	0	0	0	0	0	0	1	
189	40	12	18	-999	-999	2	0	0	0	0	0	0	0	0	1	
190	43	12	0	16	20	2	0	0	0	0	0	0	0	0	1	
191	43	2	0	20	20	2	0	0	0	0	0	0	0	0	1	
192	40	14	18	-999	-999	2	0	0	0	0	0	0	0	0	1	
193	43	0	6	20	20	2	0	0	0	0	0	0	0	0	1	
194	40	8	22	-999	-999	2	0	0	0	0	0	0	0	0	1	
195	40	2	18	-999	-999	2	0	0	0	0	0	0	0	0	1	
196	43	0	0	12	20	2	0	0	0	0	0	0	0	0	1	
197	27	6	2	16	20	2	0	0	0	0	0	0	0	0	1	
198	43	2	12	4	20	2	0	0	0	0	0	0	0	0	1	
199	40	6	16	-999	-999	2	0	0	0	0	0	0	0	0	1	
200	40	6	6	-999	-999	2	0	0	0	0	0	0	0	0	1	
201	39	4	6	14	20	2	0	0	0	0	0	0	0	0	1	
202	43	0	12	16	14	2	0	0	0	0	0	0	0	0	1	
203	43	0	4	10	20	2	0	0	0	0	0	0	0	0	1	
204	40	6	14	-999	-999	2	0	0	0	0	0	0	0	0	1	
205	43	12	4	12	20	2	0	0	0	0	0	0	0	0	1	
206	39	6	2	14	20	2	0	0	0	0	0	0	0	0	1	
207	43	12	12	10	20	2	0	0	0	0	0	0	0	0	1	
208	42	0	10	16	20	2	0	0	0	0	0	0	0	0	1	
209	74	6	6	14	20	2	0	0	0	0	0	0	0	0	1	
210	43	2	12	12	20	2	0	0	0	0	0	0	0	0	1	
211	39	6	10	14	20	2	0	0	0	0	0	0	0	0	1	
212	40	6	12	-999	-999	2	0	0	0	0	0	0	0	0	1	
213	43	10	12	14	20	2	0	0	0	0	0	0	0	0	1	
214	43	0	10	12	20	2	0	0	0	0	0	0	0	0	1	
215	43	12	12	14	20	2	0	0	0	0	0	0	0	0	1	
216	39	8	6	14	20	4	0	0	0	0	0	0	0	0	1	
217	39	6	8	10	20	2	0	0	0	0	0	0	0	0	1	
218	42	12	10	10	20	2	0	0	0	0	0	0	0	0	1	
219	42	0	6	12	20	2	0	0	0	0	0	0	0	0	1	
220	42	12	6	16	20	2	0	0	0	0	0	0	0	0	1	
221	43	10	0	18	10	2	0	0	0	0	0	0	0	0	1	
222	5	6	6	10	20	2	0	0	0	0	0	0	0	0	1	
223	43	4	0	10	20	2	0	0	0	0	0	0	0	0	1	
224	42	12	6	12	20	2	0	0	0	0	0	0	0	0	1	
225	40	12	22	-999	-999	2	0	0	0	0	0	0	0	0	1	
226	43	4	0	20	20	2	0	0	0	0	0	0	0	0	1	
227	39	2	8	10	20	2	0	0	0	0	0	0	0	0	1	
228	39	6	2	18	20	2	0	0	0	0	0	0	0	0	1	
229	42	6	0	18	20	2	0	0	0	0	0	0	0	0	1	
230	32	12	20	-999	-999	2	0	0	0	0	0	0	0	0	1	
196	196	235	235	324	324	376	376	166	166	234	234	94	94	
196	196	235	235	324	324	376	376	166	166	234	234	94	94	
232	232	NULL	NULL	NULL	NULL	NULL	NULL	NULL	NULL	NULL	NULL	332	332	
232	232	NULL	NULL	NULL	NULL	NULL	NULL	NULL	NULL	NULL	NULL	332	332	
42	42	NULL	NULL	NULL	NULL	NULL	NULL	NULL	NULL	NULL	NULL	205	205	
42	42	NULL	NULL	NULL	NULL	184	184	NULL	NULL	NULL	NULL	205	205	
219	219	115	115	88	88	184	184	276	276	114	114	224	224	
219	219	115	115	88	88	111	111	276	276	114	114	224	224	
130	130	NULL	NULL	NULL	NULL	111	111	NULL	NULL	NULL	NULL	238	238	
130	130	NULL	NULL	NULL	NULL	NULL	NULL	NULL	NULL	NULL	NULL	238	238	
214	214	NULL	NULL	NULL	NULL	NULL	NULL	NULL	NULL	NULL	NULL	110	110	
214	214	NULL	NULL	NULL	NULL	NULL	NULL	NULL	NULL	NULL	NULL	110	110	
106	106	210	210	349	349	358	358	335	335	112	112	167	167	
106	106	210	210	349	349	358	358	335	335	112	112	167	167	
231	39	10	6	16	20	2	0	0	0	0	0	0	0	0	1	
232	43	0	2	12	20	2	0	0	0	0	0	0	0	0	1	
233	40	22	22	-999	-999	2	0	0	0	0	0	0	0	0	1	
234	43	10	0	12	20	2	0	0	0	0	0	0	0	0	1	
235	43	2	0	12	20	2	0	0	0	0	0	0	0	0	1	
236	43	6	12	20	20	2	0	0	0	0	0	0	0	0	1	
237	43	12	4	20	20	2	0	0	0	0	0	0	0	0	1	
238	43	12	8	12	20	2	0	0	0	0	0	0	0	0	1	
239	43	2	0	4	20	2	0	0	0	0	0	0	0	0	1	
240	39	6	4	20	20	2	0	0	0	0	0	0	0	0	1	
241	43	8	0	4	20	2	0	0	0	0	0	0	0	0	1	
242	43	0	8	4	20	2	0	0	0	0	0	0	0	0	1	
243	43	0	12	20	20	2	0	0	0	0	0	0	0	0	1	
244	43	12	12	4	20	2	0	0	0	0	0	0	0	0	1	
245	43	0	0	4	20	2	0	0	0	0	0	0	0	0	1	
246	43	0	0	20	20	2	0	0	0	0	0	0	0	0	1	
247	43	0	10	4	20	2	0	0	0	0	0	0	0	0	1	
248	43	10	0	4	20	2	0	0	0	0	0	0	0	0	1	
249	43	4	0	4	20	2	0	0	0	0	0	0	0	0	1	
250	42	6	12	4	20	2	0	0	0	0	0	0	0	0	1	
251	43	12	12	20	20	2	0	0	0	0	0	0	0	0	1	
252	43	10	12	4	20	2	0	0	0	0	0	0	0	0	1	
253	43	12	2	4	20	2	0	0	0	0	0	0	0	0	1	
254	43	12	10	4	20	2	0	0	0	0	0	0	0	0	1	
255	42	12	6	4	20	2	0	0	0	0	0	0	0	0	1	
256	40	8	16	-999	-999	2	0	0	0	0	0	0	0	0	1	
257	43	0	12	4	20	2	0	0	0	0	0	0	0	0	1	
258	43	0	4	4	20	2	0	0	0	0	0	0	0	0	1	
259	43	12	8	4	20	2	0	0	0	0	0	0	0	0	1	
260	43	4	12	4	20	2	0	0	0	0	0	0	0	0	1	
261	43	12	10	20	20	2	0	0	0	0	0	0	0	0	1	
262	42	6	0	4	20	2	0	0	0	0	0	0	0	0	1	
263	43	8	12	4	20	2	0	0	0	0	0	0	0	0	1	
264	39	6	2	20	20	2	0	0	0	0	0	0	0	0	1	
265	43	12	0	4	20	2	0	0	0	0	0	0	0	0	1	
266	17	6	6	20	20	2	0	0	0	0	0	0	0	0	1	
267	43	12	4	4	20	2	0	0	0	0	0	0	0	0	1	
268	43	12	0	20	20	2	0	0	0	0	0	0	0	0	1	
269	42	2	0	10	20	2	0	0	0	0	0	0	0	0	1	
270	42	0	2	16	20	2	0	0	0	0	0	0	0	0	1	
271	6	10	6	18	20	2	0	0	0	0	0	0	0	0	1	
272	43	12	12	16	14	2	0	0	0	0	0	0	0	0	1	
273	42	0	6	4	20	2	0	0	0	0	0	0	0	0	1	
274	43	0	0	16	20	2	0	0	0	0	0	0	0	0	1	
275	42	6	12	16	14	2	0	0	0	0	0	0	0	0	1	
276	37	8	6	12	20	3	0	0	0	0	0	0	0	0	1	
277	43	12	2	16	14	2	0	0	0	0	0	0	0	0	1	
278	32	10	20	-999	-999	2	0	0	0	0	0	0	0	0	1	
293	293	269	269	223	223	347	347	291	291	375	375	50	50	
293	293	269	269	223	223	347	347	291	291	375	375	50	50	
304	304	NULL	NULL	NULL	NULL	97	97	NULL	NULL	NULL	NULL	282	282	
304	304	NULL	NULL	NULL	NULL	97	97	NULL	NULL	NULL	NULL	282	282	
203	203	NULL	NULL	NULL	NULL	286	286	NULL	NULL	NULL	NULL	279	279	
203	203	NULL	NULL	NULL	NULL	286	286	NULL	NULL	NULL	NULL	279	279	
38	38	383	383	100	100	222	222	NULL	NULL	NULL	NULL	377	377	
38	38	383	383	100	100	222	222	NULL	NULL	NULL	NULL	377	377	
105	105	227	227	NULL	NULL	217	217	NULL	NULL	NULL	NULL	336	336	
105	105	227	227	NULL	NULL	217	217	NULL	NULL	NULL	NULL	336	336	
369	369	303	303	NULL	NULL	294	294	NULL	NULL	NULL	NULL	218	218	
369	369	303	303	NULL	NULL	294	294	NULL	NULL	NULL	NULL	218	218	
386	386	283	283	360	360	298	298	302	302	325	325	207	207	
386	386	283	283	360	360	298	298	302	302	325	325	207	207	
279	43	12	4	10	20	2	0	0	0	0	0	0	0	0	1	
280	37	10	2	18	10	2	0	0	0	0	0	0	0	0	1	
281	43	12	10	16	14	2	0	0	0	0	0	0	0	0	1	
282	42	12	2	10	20	2	0	0	0	0	0	0	0	0	1	
283	42	2	12	10	20	2	0	0	0	0	0	0	0	0	1	
284	39	2	2	18	20	2	0	0	0	0	0	0	0	0	1	
285	5	6	6	18	20	2	0	0	0	0	0	0	0	0	1	
286	39	6	4	10	20	3	0	0	0	0	0	0	0	0	1	
287	39	6	10	16	14	0	0	0	0	0	0	0	0	0	1	
288	42	12	6	16	14	4	0	0	0	0	0	0	0	0	1	
289	42	0	2	18	20	2	0	0	0	0	0	0	0	0	1	
290	43	0	2	16	14	2	0	0	0	0	0	0	0	0	1	
291	43	8	0	10	20	2	0	0	0	0	0	0	0	0	1	
292	40	16	6	-999	-999	2	0	0	0	0	0	0	0	0	1	
293	43	0	0	10	20	2	0	0	0	0	0	0	0	0	1	
294	39	6	10	10	20	2	0	0	0	0	0	0	0	0	1	
295	39	2	6	18	20	2	0	0	0	0	0	0	0	0	1	
296	42	6	12	16	20	2	0	0	0	0	0	0	0	0	1	
297	43	10	12	16	14	2	0	0	0	0	0	0	0	0	1	
298	42	6	12	10	20	2	0	0	0	0	0	0	0	0	1	
299	43	12	4	18	20	2	0	0	0	0	0	0	0	0	1	
300	43	4	12	18	20	2	0	0	0	0	0	0	0	0	1	
301	40	20	12	-999	-999	2	0	0	0	0	0	0	0	0	1	
302	43	8	12	10	20	2	0	0	0	0	0	0	0	0	1	
303	39	2	10	10	20	2	0	0	0	0	0	0	0	0	1	
304	42	0	2	10	20	2	0	0	0	0	0	0	0	0	1	
305	42	0	8	16	20	2	0	0	0	0	0	0	0	0	1	
306	43	0	4	20	20	2	0	0	0	0	0	0	0	0	1	
307	42	6	0	20	20	2	0	0	0	0	0	0	0	0	1	
308	43	0	2	4	20	2	0	0	0	0	0	0	0	0	1	
309	43	0	2	20	20	2	0	0	0	0	0	0	0	0	1	
310	43	0	12	16	20	2	0	0	0	0	0	0	0	0	1	
311	39	6	10	14	14	2	0	0	0	0	0	0	0	0	1	
312	43	2	12	20	20	2	0	0	0	0	0	0	0	0	1	
313	43	8	12	20	20	2	0	0	0	0	0	0	0	0	1	
314	42	12	4	16	20	2	0	0	0	0	0	0	0	0	1	
315	43	10	12	20	20	2	0	0	0	0	0	0	0	0	1	
316	43	12	2	20	20	2	0	0	0	0	0	0	0	0	1	
317	43	12	6	20	20	2	0	0	0	0	0	0	0	0	1	
318	43	0	0	14	20	2	0	0	0	0	0	0	0	0	1	
319	43	0	8	16	14	2	0	0	0	0	0	0	0	0	1	
320	39	6	6	6	20	2	0	0	0	0	0	0	0	0	1	
321	43	12	8	16	14	2	0	0	0	0	0	0	0	0	1	
322	37	4	2	18	10	2	0	0	0	0	0	0	0	0	1	
323	43	12	10	14	20	2	0	0	0	0	0	0	0	0	1	
324	43	4	0	12	20	2	0	0	0	0	0	0	0	0	1	
325	42	10	12	10	20	2	0	0	0	0	0	0	0	0	1	
326	43	12	0	6	20	2	0	0	0	0	0	0	0	0	1	
327	40	20	8	-999	-999	2	0	0	0	0	0	0	0	0	1	
328	39	6	4	16	14	3	0	0	0	0	0	0	0	0	1	
329	39	5	2	4	20	2	0	0	0	0	0	0	0	0	1	
330	39	6	10	6	20	2	0	0	0	0	0	0	0	0	1	
331	43	10	12	6	20	2	0	0	0	0	0	0	0	0	1	
332	43	12	2	12	20	2	0	0	0	0	0	0	0	0	1	
333	39	6	6	16	14	2	0	0	0	0	0	0	0	0	1	
334	43	0	10	6	20	2	0	0	0	0	0	0	0	0	1	
335	43	8	12	12	20	2	0	0	0	0	0	0	0	0	1	
336	43	12	8	10	20	2	0	0	0	0	0	0	0	0	1	
337	43	0	4	16	14	2	0	0	0	0	0	0	0	0	1	
338	43	12	0	16	14	2	0	0	0	0	0	0	0	0	1	
339	43	8	0	16	14	2	0	0	0	0	0	0	0	0	1	
340	43	0	0	16	14	2	0	0	0	0	0	0	0	0	1	
341	43	0	12	6	20	2	0	0	0	0	0	0	0	0	1	
342	43	12	10	6	20	2	0	0	0	0	0	0	0	0	1	
343	43	0	0	6	20	2	0	0	0	0	0	0	0	0	1	
344	43	12	12	6	20	2	0	0	0	0	0	0	0	0	1	
345	43	4	0	16	14	2	0	0	0	0	0	0	0	0	1	
346	43	0	12	14	20	2	0	0	0	0	0	0	0	0	1	
347	42	6	0	10	20	2	0	0	0	0	0	0	0	0	1	
348	39	10	6	6	20	4	0	0	0	0	0	0	0	0	1	
349	43	4	12	12	20	2	0	0	0	0	0	0	0	0	1	
350	39	6	4	6	20	2	0	0	0	0	0	0	0	0	1	
351	43	4	12	6	20	2	0	0	0	0	0	0	0	0	1	
352	43	0	4	6	20	2	0	0	0	0	0	0	0	0	1	
353	43	10	0	6	20	2	0	0	0	0	0	0	0	0	1	
354	42	0	6	6	20	2	0	0	0	0	0	0	0	0	1	
355	43	12	8	6	20	2	0	0	0	0	0	0	0	0	1	
356	43	2	12	6	20	2	0	0	0	0	0	0	0	0	1	
357	39	6	8	16	14	1	0	0	0	0	0	0	0	0	1	
358	43	6	12	12	20	2	0	0	0	0	0	0	0	0	1	
359	43	4	12	16	14	2	0	0	0	0	0	0	0	0	1	
360	43	4	12	10	20	2	0	0	0	0	0	0	0	0	1	
361	43	12	8	14	20	2	0	0	0	0	0	0	0	0	1	
362	37	8	2	18	10	2	0	0	0	0	0	0	0	0	1	
363	37	2	4	18	10	2	0	0	0	0	0	0	0	0	1	
364	42	12	6	6	20	2	0	0	0	0	0	0	0	0	1	
365	37	2	2	18	10	2	0	0	0	0	0	0	0	0	1	
366	42	6	12	6	20	4	0	0	0	0	0	0	0	0	1	
367	39	6	2	6	20	2	0	0	0	0	0	0	0	0	1	
368	43	2	0	16	14	2	0	0	0	0	0	0	0	0	1	
369	43	0	10	10	20	2	0	0	0	0	0	0	0	0	1	
370	42	6	0	14	20	2	0	0	0	0	0	0	0	0	1	
371	43	0	4	14	20	2	0	0	0	0	0	0	0	0	1	
372	43	10	0	14	20	2	0	0	0	0	0	0	0	0	1	
373	43	12	4	14	20	2	0	0	0	0	0	0	0	0	1	
374	43	0	10	14	20	2	0	0	0	0	0	0	0	0	1	
375	42	10	0	10	20	2	0	0	0	0	0	0	0	0	1	
376	43	6	0	12	20	2	0	0	0	0	0	0	0	0	1	
377	42	12	6	10	20	2	0	0	0	0	0	0	0	0	1	
378	42	12	6	14	20	2	0	0	0	0	0	0	0	0	1	
379	43	0	2	14	20	2	0	0	0	0	0	0	0	0	1	
380	43	4	12	14	20	2	0	0	0	0	0	0	0	0	1	
381	43	2	12	14	20	2	0	0	0	0	0	0	0	0	1	
382	43	4	0	14	20	2	0	0	0	0	0	0	0	0	1	
383	39	2	6	10	20	2	0	0	0	0	0	0	0	0	1	
384	42	0	6	14	20	2	0	0	0	0	0	0	0	0	1	
385	39	4	6	6	20	1	0	0	0	0	0	0	0	0	1	
386	43	0	12	10	20	2	0	0	0	0	0	0	0	0	1	
387	43	8	12	14	20	2	0	0	0	0	0	0	0	0	1	
388	43	12	8	10	14	2	0	0	0	0	0	0	0	0	1	
389	43	4	0	10	8	2	0	0	0	0	0	0	0	0	1	
390	39	6	8	10	8	4	0	0	0	0	0	0	0	0	1	
391	42	0	10	10	8	2	0	0	0	0	0	0	0	0	1	
392	42	10	12	10	8	2	0	0	0	0	0	0	0	0	1	
393	43	8	12	10	8	2	0	0	0	0	0	0	0	0	1	
394	43	12	12	10	8	2	0	0	0	0	0	0	0	0	1	
395	43	2	12	10	8	2	0	0	0	0	0	0	0	0	1	
396	43	4	12	10	8	2	0	0	0	0	0	0	0	0	1	
397	39	6	10	10	8	2	0	0	0	0	0	0	0	0	1	
398	39	4	6	10	8	3	0	0	0	0	0	0	0	0	1	
399	6	6	6	10	8	2	0	0	0	0	0	0	0	0	1	
400	42	12	6	10	8	2	0	0	0	0	0	0	0	0	1	
401	42	12	4	10	8	2	0	0	0	0	0	0	0	0	1	
402	39	10	6	10	8	2	0	0	0	0	0	0	0	0	1	
403	39	8	6	10	8	2	0	0	0	0	0	0	0	0	1	
404	42	0	4	10	8	2	0	0	0	0	0	0	0	0	1	
405	42	12	2	10	8	2	0	0	0	0	0	0	0	0	1	
406	42	6	0	10	8	2	0	0	0	0	0	0	0	0	1	
407	32	10	8	-999	-999	2	0	0	0	0	0	0	0	0	1	
408	408	421	421	389	389	406	406	409	409	418	418	415	415	
408	408	421	421	389	389	406	406	409	409	418	418	415	415	
422	422	NULL	NULL	NULL	NULL	414	414	NULL	NULL	NULL	NULL	405	405	
422	422	NULL	NULL	NULL	NULL	414	414	NULL	NULL	NULL	NULL	405	405	
404	404	NULL	NULL	NULL	NULL	420	420	NULL	NULL	NULL	NULL	401	401	
404	404	NULL	NULL	NULL	NULL	420	420	NULL	NULL	NULL	NULL	401	401	
413	413	419	419	398	398	399	399	403	403	402	402	400	400	
413	413	419	419	398	398	399	399	403	403	402	402	400	400	
411	411	NULL	NULL	NULL	NULL	390	390	NULL	NULL	NULL	NULL	417	417	
411	411	NULL	NULL	NULL	NULL	390	390	NULL	NULL	NULL	NULL	417	417	
391	391	NULL	NULL	NULL	NULL	397	397	NULL	NULL	NULL	NULL	423	423	
391	391	NULL	NULL	NULL	NULL	397	397	NULL	NULL	NULL	NULL	423	423	
416	416	395	395	396	396	410	410	393	393	392	392	394	394	
416	416	395	395	396	396	410	410	393	393	392	392	394	394	
408	43	0	0	10	8	2	0	0	0	0	0	0	0	0	1	
409	43	8	0	10	8	2	0	0	0	0	0	0	0	0	1	
410	42	6	12	10	8	2	0	0	0	0	0	0	0	0	1	
411	42	0	8	10	8	2	0	0	0	0	0	0	0	0	1	
412	43	10	12	10	14	2	0	0	0	0	0	0	0	0	1	
413	42	0	6	10	8	2	0	0	0	0	0	0	0	0	1	
414	39	6	2	10	8	2	0	0	0	0	0	0	0	0	1	
415	43	12	0	10	8	2	0	0	0	0	0	0	0	0	1	
416	43	0	12	10	8	2	0	0	0	0	0	0	0	0	1	
417	42	12	8	10	8	2	0	0	0	0	0	0	0	0	1	
418	42	10	0	10	8	2	0	0	0	0	0	0	0	0	1	
419	39	2	6	10	8	2	0	0	0	0	0	0	0	0	1	
420	39	6	4	10	8	2	0	0	0	0	0	0	0	0	1	
421	42	2	0	10	8	2	0	0	0	0	0	0	0	0	1	
422	42	0	2	10	8	2	0	0	0	0	0	0	0	0	1	
423	42	12	10	10	8	2	0	0	0	0	0	0	0	0	1	
424	32	10	12	-999	-999	2	0	0	0	0	0	0	0	0	1	
453	453	447	447	429	429	450	450	452	452	457	457	440	440	
453	453	447	447	429	429	450	450	452	452	457	457	440	440	
441	441	438	438	NULL	NULL	444	444	NULL	NULL	NULL	NULL	433	433	
441	441	438	438	NULL	NULL	444	444	NULL	NULL	NULL	NULL	433	433	
425	425	459	459	NULL	NULL	442	442	NULL	NULL	NULL	NULL	428	428	
425	425	459	459	NULL	NULL	442	442	NULL	NULL	NULL	NULL	428	428	
449	449	448	448	443	443	439	439	435	435	431	431	432	432	
449	449	448	448	443	443	439	439	435	435	431	431	432	432	
451	451	NULL	NULL	NULL	NULL	427	427	NULL	NULL	NULL	NULL	436	436	
451	451	NULL	NULL	NULL	NULL	427	427	NULL	NULL	NULL	NULL	436	436	
456	456	NULL	NULL	NULL	NULL	446	446	NULL	NULL	NULL	NULL	454	454	
456	456	NULL	NULL	NULL	NULL	446	446	NULL	NULL	NULL	NULL	454	454	
434	434	437	437	445	445	426	426	430	430	455	455	458	458	
434	434	437	437	445	445	426	426	430	430	455	455	458	458	
425	43	0	4	10	12	2	0	0	0	0	0	0	0	0	1	
426	42	6	12	10	12	2	0	0	0	0	0	0	0	0	1	
427	39	6	8	10	12	2	0	0	0	0	0	0	0	0	1	
428	43	12	4	10	12	2	0	0	0	0	0	0	0	0	1	
429	43	4	0	10	12	2	0	0	0	0	0	0	0	0	1	
430	43	8	12	10	12	2	0	0	0	0	0	0	0	0	1	
431	6	10	6	10	12	2	0	0	0	0	0	0	0	0	1	
432	42	12	6	10	12	2	0	0	0	0	0	0	0	0	1	
433	42	12	2	10	12	2	0	0	0	0	0	0	0	0	1	
434	43	0	12	10	12	2	0	0	0	0	0	0	0	0	1	
435	39	8	6	10	12	2	0	0	0	0	0	0	0	0	1	
436	43	12	8	10	12	2	0	0	0	0	0	0	0	0	1	
437	42	2	12	10	12	2	0	0	0	0	0	0	0	0	1	
438	39	2	2	10	12	2	0	0	0	0	0	0	0	0	1	
439	5	6	6	10	12	2	0	0	0	0	0	0	0	0	1	
440	43	12	0	10	12	2	0	0	0	0	0	0	0	0	1	
441	42	0	2	10	12	2	0	0	0	0	0	0	0	0	1	
442	39	6	4	10	12	2	0	0	0	0	0	0	0	0	1	
443	39	4	6	10	12	2	0	0	0	0	0	0	0	0	1	
444	39	6	2	10	12	2	0	0	0	0	0	0	0	0	1	
445	43	4	12	10	12	2	0	0	0	0	0	0	0	0	1	
446	39	6	10	10	12	2	0	0	0	0	0	0	0	0	1	
447	42	2	0	10	12	2	0	0	0	0	0	0	0	0	1	
448	39	2	6	10	12	2	0	0	0	0	0	0	0	0	1	
449	42	0	6	10	12	1	0	0	0	0	0	0	0	0	1	
450	42	6	0	10	12	2	0	0	0	0	0	0	0	0	1	
451	43	0	8	10	12	2	0	0	0	0	0	0	0	0	1	
452	43	8	0	10	12	2	0	0	0	0	0	0	0	0	1	
453	43	0	0	10	12	2	0	0	0	0	0	0	0	0	1	
454	42	12	10	10	12	2	0	0	0	0	0	0	0	0	1	
455	42	10	12	10	12	2	0	0	0	0	0	0	0	0	1	
456	42	0	10	10	12	2	0	0	0	0	0	0	0	0	1	
457	42	10	0	10	12	2	0	0	0	0	0	0	0	0	1	
458	43	12	12	10	12	2	0	0	0	0	0	0	0	0	1	
459	39	2	4	10	12	2	0	0	0	0	0	0	0	0	1	
460	32	8	10	-999	-999	2	0	0	0	0	0	0	0	0	1	
519	519	483	483	476	476	497	497	515	515	498	498	506	506	
519	519	483	483	476	476	497	497	515	515	498	498	506	506	
464	464	NULL	NULL	NULL	NULL	510	510	NULL	NULL	NULL	NULL	472	472	
464	464	NULL	NULL	NULL	NULL	510	510	NULL	NULL	NULL	NULL	472	472	
492	492	NULL	NULL	NULL	NULL	512	512	NULL	NULL	NULL	NULL	493	493	
492	492	NULL	NULL	NULL	NULL	512	512	NULL	NULL	NULL	NULL	493	493	
501	501	514	514	495	495	499	499	503	503	507	507	509	509	
501	501	514	514	495	495	499	499	503	503	507	507	509	509	
494	494	NULL	NULL	NULL	NULL	511	511	NULL	NULL	NULL	NULL	496	496	
494	494	NULL	NULL	NULL	NULL	511	511	NULL	NULL	NULL	NULL	496	496	
518	518	NULL	NULL	NULL	NULL	516	516	NULL	NULL	NULL	NULL	502	502	
518	518	NULL	NULL	NULL	NULL	516	516	NULL	NULL	NULL	NULL	502	502	
504	504	468	468	513	513	505	505	517	517	500	500	508	508	
504	504	468	468	513	513	505	505	517	517	500	500	508	508	
461	39	6	10	10	10	2	0	0	0	0	0	0	0	0	1	
462	43	8	0	10	10	2	0	0	0	0	0	0	0	0	1	
463	42	6	12	10	10	2	0	0	0	0	0	0	0	0	1	
464	43	0	2	8	10	2	0	0	0	0	0	0	0	0	1	
465	43	12	4	10	10	2	0	0	0	0	0	0	0	0	1	
466	39	4	6	10	10	4	0	0	0	0	0	0	0	0	1	
467	43	12	8	10	10	2	0	0	0	0	0	0	0	0	1	
468	43	2	12	8	10	2	0	0	0	0	0	0	0	0	1	
469	43	12	12	10	10	2	0	0	0	0	0	0	0	0	1	
470	42	12	2	10	10	2	0	0	0	0	0	0	0	0	1	
471	43	0	8	10	10	2	0	0	0	0	0	0	0	0	1	
472	43	12	2	8	10	2	0	0	0	0	0	0	0	0	1	
473	39	2	8	10	10	2	0	0	0	0	0	0	0	0	1	
474	39	6	10	16	10	2	0	0	0	0	0	0	0	0	1	
475	43	0	4	10	10	2	0	0	0	0	0	0	0	0	1	
476	43	4	0	8	10	2	0	0	0	0	0	0	0	0	1	
477	39	6	2	10	10	2	0	0	0	0	0	0	0	0	1	
478	42	0	6	10	10	2	0	0	0	0	0	0	0	0	1	
479	39	2	6	10	10	2	0	0	0	0	0	0	0	0	1	
480	42	2	12	10	10	2	0	0	0	0	0	0	0	0	1	
481	42	6	0	10	10	2	0	0	0	0	0	0	0	0	1	
482	39	6	4	10	10	3	0	0	0	0	0	0	0	0	1	
483	43	2	0	8	10	2	0	0	0	0	0	0	0	0	1	
484	5	6	6	10	10	2	0	0	0	0	0	0	0	0	1	
485	39	6	8	10	10	2	0	0	0	0	0	0	0	0	1	
486	42	10	0	10	10	2	0	0	0	0	0	0	0	0	1	
487	43	4	12	10	10	2	0	0	0	0	0	0	0	0	1	
488	43	0	12	10	10	2	0	0	0	0	0	0	0	0	1	
489	43	4	0	10	10	2	0	0	0	0	0	0	0	0	1	
490	43	0	0	10	10	2	0	0	0	0	0	0	0	0	1	
491	39	2	10	10	10	2	0	0	0	0	0	0	0	0	1	
492	43	0	4	8	10	2	0	0	0	0	0	0	0	0	1	
493	43	12	4	8	10	2	0	0	0	0	0	0	0	0	1	
494	43	0	8	8	10	2	0	0	0	0	0	0	0	0	1	
495	39	4	6	8	10	1	0	0	0	0	0	0	0	0	1	
496	43	12	8	8	10	2	0	0	0	0	0	0	0	0	1	
497	42	6	0	8	10	2	0	0	0	0	0	0	0	0	1	
498	43	10	0	8	10	2	0	0	0	0	0	0	0	0	1	
499	39	6	6	8	10	2	0	0	0	0	0	0	0	0	1	
500	43	10	12	8	10	2	0	0	0	0	0	0	0	0	1	
501	42	0	6	8	10	2	0	0	0	0	0	0	0	0	1	
502	43	12	10	8	10	2	0	0	0	0	0	0	0	0	1	
503	39	8	6	8	10	3	0	0	0	0	0	0	0	0	1	
504	43	0	12	8	10	2	0	0	0	0	0	0	0	0	1	
505	42	6	12	8	10	4	0	0	0	0	0	0	0	0	1	
506	43	12	0	8	10	2	0	0	0	0	0	0	0	0	1	
507	39	10	6	8	10	4	0	0	0	0	0	0	0	0	1	
508	43	12	12	8	10	2	0	0	0	0	0	0	0	0	1	
509	42	12	6	8	10	2	0	0	0	0	0	0	0	0	1	
510	39	6	2	8	10	2	0	0	0	0	0	0	0	0	1	
511	39	6	8	8	10	2	0	0	0	0	0	0	0	0	1	
512	39	6	4	8	10	2	0	0	0	0	0	0	0	0	1	
513	43	4	12	8	10	2	0	0	0	0	0	0	0	0	1	
514	39	2	6	8	10	0	0	0	0	0	0	0	0	0	1	
515	43	8	0	8	10	2	0	0	0	0	0	0	0	0	1	
516	39	6	10	8	10	2	0	0	0	0	0	0	0	0	1	
517	43	8	12	8	10	2	0	0	0	0	0	0	0	0	1	
518	43	0	10	8	10	2	0	0	0	0	0	0	0	0	1	
519	43	0	0	8	10	2	0	0	0	0	0	0	0	0	1	
520	43	12	0	10	10	2	0	0	0	0	0	0	0	0	1	
521	42	10	12	10	10	2	0	0	0	0	0	0	0	0	1	
522	43	0	2	10	14	2	0	0	0	0	0	0	0	0	1	
523	43	0	12	10	14	2	0	0	0	0	0	0	0	0	1	
524	43	12	2	10	14	2	0	0	0	0	0	0	0	0	1	
525	42	12	10	10	10	2	0	0	0	0	0	0	0	0	1	
526	43	4	0	10	14	2	0	0	0	0	0	0	0	0	1	
527	43	12	0	10	14	2	0	0	0	0	0	0	0	0	1	
528	43	4	12	10	14	2	0	0	0	0	0	0	0	0	1	
529	43	8	12	10	10	2	0	0	0	0	0	0	0	0	1	
530	43	12	4	10	14	2	0	0	0	0	0	0	0	0	1	
531	43	12	12	10	14	2	0	0	0	0	0	0	0	0	1	
532	43	0	8	10	14	2	0	0	0	0	0	0	0	0	1	
533	42	12	6	10	10	2	0	0	0	0	0	0	0	0	1	
534	43	8	12	10	14	2	0	0	0	0	0	0	0	0	1	
535	39	6	2	10	14	2	0	0	0	0	0	0	0	0	1	
536	43	10	0	10	14	2	0	0	0	0	0	0	0	0	1	
537	32	10	14	-999	-999	2	0	0	0	0	0	0	0	0	1	
542	542	543	543	526	526	547	547	551	551	536	536	527	527	
542	542	543	543	526	526	547	547	551	551	536	536	527	527	
522	522	NULL	NULL	NULL	NULL	535	535	NULL	NULL	NULL	NULL	524	524	
522	522	NULL	NULL	NULL	NULL	535	535	NULL	NULL	NULL	NULL	524	524	
546	546	NULL	NULL	NULL	NULL	539	539	NULL	NULL	NULL	NULL	530	530	
546	546	NULL	NULL	NULL	NULL	539	539	NULL	NULL	NULL	NULL	530	530	
548	548	NULL	NULL	NULL	NULL	544	544	NULL	NULL	NULL	NULL	550	550	
548	548	NULL	NULL	NULL	NULL	544	544	NULL	NULL	NULL	NULL	550	550	
532	532	NULL	NULL	NULL	NULL	NULL	NULL	NULL	NULL	NULL	NULL	388	388	
532	532	NULL	NULL	NULL	NULL	NULL	NULL	NULL	NULL	NULL	NULL	388	388	
538	538	NULL	NULL	NULL	NULL	NULL	NULL	NULL	NULL	NULL	NULL	540	540	
538	538	NULL	NULL	NULL	NULL	NULL	NULL	NULL	NULL	NULL	NULL	540	540	
523	523	545	545	528	528	549	549	534	534	412	412	531	531	
523	523	545	545	528	528	549	549	534	534	412	412	531	531	
538	43	0	10	10	14	2	0	0	0	0	0	0	0	0	1	
539	39	6	4	10	14	2	0	0	0	0	0	0	0	0	1	
540	43	12	10	10	14	2	0	0	0	0	0	0	0	0	1	
541	43	0	10	10	10	2	0	0	0	0	0	0	0	0	1	
542	43	0	0	10	14	2	0	0	0	0	0	0	0	0	1	
543	43	2	0	10	14	2	0	0	0	0	0	0	0	0	1	
544	17	6	6	10	14	2	0	0	0	0	0	0	0	0	1	
545	43	2	12	10	14	2	0	0	0	0	0	0	0	0	1	
546	43	0	4	10	14	2	0	0	0	0	0	0	0	0	1	
547	42	6	0	10	14	2	0	0	0	0	0	0	0	0	1	
548	43	0	6	10	14	2	0	0	0	0	0	0	0	0	1	
549	43	6	12	10	14	2	0	0	0	0	0	0	0	0	1	
550	43	12	6	10	14	2	0	0	0	0	0	0	0	0	1	
551	43	8	0	10	14	2	0	0	0	0	0	0	0	0	1	
552	32	10	10	-999	-999	2	0	0	0	0	0	0	0	0	1	
490	490	553	553	489	489	481	481	462	462	486	486	520	520	
490	490	553	553	489	489	481	481	462	462	486	486	520	520	
554	554	NULL	NULL	NULL	NULL	477	477	NULL	NULL	NULL	NULL	470	470	
554	554	NULL	NULL	NULL	NULL	477	477	NULL	NULL	NULL	NULL	470	470	
475	475	NULL	NULL	NULL	NULL	482	482	NULL	NULL	NULL	NULL	465	465	
475	475	NULL	NULL	NULL	NULL	482	482	NULL	NULL	NULL	NULL	465	465	
478	478	479	479	466	466	484	484	NULL	NULL	NULL	NULL	533	533	
478	478	479	479	466	466	484	484	NULL	NULL	NULL	NULL	533	533	
471	471	473	473	NULL	NULL	485	485	NULL	NULL	NULL	NULL	467	467	
471	471	473	473	NULL	NULL	485	485	NULL	NULL	NULL	NULL	467	467	
541	541	491	491	NULL	NULL	461	461	NULL	NULL	NULL	NULL	525	525	
541	541	491	491	NULL	NULL	461	461	NULL	NULL	NULL	NULL	525	525	
488	488	480	480	487	487	463	463	529	529	521	521	469	469	
488	488	480	480	487	487	463	463	529	529	521	521	469	469	
553	42	2	0	10	10	2	0	0	0	0	0	0	0	0	1	
554	42	0	2	10	10	2	0	0	0	0	0	0	0	0	1	
555	32	8	8	-999	-999	2	0	0	0	0	0	0	0	0	1	
576	576	556	556	560	560	564	564	568	568	572	572	578	578	
576	576	556	556	560	560	564	564	568	568	572	572	578	578	
557	557	NULL	NULL	NULL	NULL	580	580	NULL	NULL	NULL	NULL	559	559	
557	557	NULL	NULL	NULL	NULL	580	580	NULL	NULL	NULL	NULL	559	559	
561	561	NULL	NULL	NULL	NULL	581	581	NULL	NULL	NULL	NULL	563	563	
561	561	NULL	NULL	NULL	NULL	581	581	NULL	NULL	NULL	NULL	563	563	
565	565	NULL	NULL	NULL	NULL	582	582	583	583	584	584	567	567	
565	565	NULL	NULL	NULL	NULL	582	582	583	583	584	584	567	567	
569	569	NULL	NULL	NULL	NULL	585	585	NULL	NULL	NULL	NULL	571	571	
569	569	NULL	NULL	NULL	NULL	585	585	NULL	NULL	NULL	NULL	571	571	
573	573	NULL	NULL	NULL	NULL	586	586	NULL	NULL	NULL	NULL	575	575	
573	573	NULL	NULL	NULL	NULL	586	586	NULL	NULL	NULL	NULL	575	575	
577	577	558	558	562	562	566	566	570	570	574	574	579	579	
577	577	558	558	562	562	566	566	570	570	574	574	579	579	
556	42	2	0	8	8	2	0	0	0	0	0	0	0	0	1	
557	42	0	2	8	8	2	0	0	0	0	0	0	0	0	1	
558	42	2	12	8	8	2	0	0	0	0	0	0	0	0	1	
559	42	12	2	8	8	2	0	0	0	0	0	0	0	0	1	
560	43	4	0	8	8	2	0	0	0	0	0	0	0	0	1	
561	42	0	4	8	8	2	0	0	0	0	0	0	0	0	1	
562	43	4	12	8	8	2	0	0	0	0	0	0	0	0	1	
563	42	12	4	8	8	2	0	0	0	0	0	0	0	0	1	
564	43	6	0	8	8	2	0	0	0	0	0	0	0	0	1	
565	42	0	6	8	8	2	0	0	0	0	0	0	0	0	1	
566	42	6	12	8	8	2	0	0	0	0	0	0	0	0	1	
567	42	12	6	8	8	2	0	0	0	0	0	0	0	0	1	
568	43	8	0	8	8	2	0	0	0	0	0	0	0	0	1	
569	42	0	8	8	8	2	0	0	0	0	0	0	0	0	1	
570	43	8	12	8	8	2	0	0	0	0	0	0	0	0	1	
571	42	12	8	8	8	2	0	0	0	0	0	0	0	0	1	
572	42	10	0	8	8	2	0	0	0	0	0	0	0	0	1	
573	42	0	10	8	8	2	0	0	0	0	0	0	0	0	1	
574	43	10	12	8	8	2	0	0	0	0	0	0	0	0	1	
575	42	12	10	8	8	2	0	0	0	0	0	0	0	0	1	
576	43	0	0	8	8	2	0	0	0	0	0	0	0	0	1	
577	43	0	12	8	8	2	0	0	0	0	0	0	0	0	1	
578	43	12	0	8	8	2	0	0	0	0	0	0	0	0	1	
579	43	12	12	8	8	2	0	0	0	0	0	0	0	0	1	
580	27	6	2	8	8	2	0	0	0	0	0	0	0	0	1	
581	39	6	4	8	8	1	0	0	0	0	0	0	0	0	1	
582	6	6	6	8	8	2	0	0	0	0	0	0	0	0	1	
583	39	8	6	8	8	2	0	0	0	0	0	0	0	0	1	
584	39	10	6	8	8	2	0	0	0	0	0	0	0	0	1	
585	39	6	8	8	8	2	0	0	0	0	0	0	0	0	1	
586	39	6	10	8	8	2	0	0	0	0	0	0	0	0	1	
587	32	16	10	-999	-999	2	0	0	0	0	0	0	0	0	1	
608	608	588	588	592	592	596	596	600	600	604	604	610	610	
608	608	588	588	592	592	596	596	600	600	604	604	610	610	
589	589	NULL	NULL	NULL	NULL	612	612	NULL	NULL	NULL	NULL	591	591	
589	589	NULL	NULL	NULL	NULL	612	612	NULL	NULL	NULL	NULL	591	591	
593	593	NULL	NULL	NULL	NULL	613	613	NULL	NULL	NULL	NULL	595	595	
593	593	NULL	NULL	NULL	NULL	613	613	NULL	NULL	NULL	NULL	595	595	
597	597	614	614	615	615	616	616	617	617	618	618	599	599	
597	597	614	614	615	615	616	616	617	617	618	618	599	599	
601	601	NULL	NULL	NULL	NULL	619	619	NULL	NULL	NULL	NULL	603	603	
601	601	NULL	NULL	NULL	NULL	619	619	NULL	NULL	NULL	NULL	603	603	
605	605	NULL	NULL	NULL	NULL	474	474	NULL	NULL	NULL	NULL	607	607	
605	605	NULL	NULL	NULL	NULL	474	474	NULL	NULL	NULL	NULL	607	607	
609	609	590	590	594	594	598	598	602	602	606	606	611	611	
609	609	590	590	594	594	598	598	602	602	606	606	611	611	
588	43	2	0	16	10	2	0	0	0	0	0	0	0	0	1	
589	43	0	2	16	10	2	0	0	0	0	0	0	0	0	1	
590	43	2	12	16	10	2	0	0	0	0	0	0	0	0	1	
591	43	12	2	16	10	2	0	0	0	0	0	0	0	0	1	
592	43	4	0	16	10	2	0	0	0	0	0	0	0	0	1	
593	43	0	4	16	10	2	0	0	0	0	0	0	0	0	1	
594	43	4	12	16	10	2	0	0	0	0	0	0	0	0	1	
595	43	12	4	16	10	2	0	0	0	0	0	0	0	0	1	
596	42	6	0	16	10	2	0	0	0	0	0	0	0	0	1	
597	42	0	6	16	10	2	0	0	0	0	0	0	0	0	1	
598	42	6	12	16	10	4	0	0	0	0	0	0	0	0	1	
599	42	12	6	16	10	2	0	0	0	0	0	0	0	0	1	
600	43	8	0	16	10	2	0	0	0	0	0	0	0	0	1	
601	43	0	8	16	10	2	0	0	0	0	0	0	0	0	1	
602	43	8	12	16	10	2	0	0	0	0	0	0	0	0	1	
603	43	12	8	16	10	2	0	0	0	0	0	0	0	0	1	
604	43	10	0	16	10	2	0	0	0	0	0	0	0	0	1	
605	43	0	10	16	10	2	0	0	0	0	0	0	0	0	1	
606	43	10	12	16	10	2	0	0	0	0	0	0	0	0	1	
607	43	12	10	16	10	2	0	0	0	0	0	0	0	0	1	
608	43	0	0	16	10	2	0	0	0	0	0	0	0	0	1	
609	43	0	12	16	10	2	0	0	0	0	0	0	0	0	1	
610	43	12	0	16	10	2	0	0	0	0	0	0	0	0	1	
611	43	12	12	16	10	2	0	0	0	0	0	0	0	0	1	
612	39	6	2	16	10	2	0	0	0	0	0	0	0	0	1	
613	39	6	4	16	10	2	0	0	0	0	0	0	0	0	1	
614	39	2	6	16	10	0	0	0	0	0	0	0	0	0	1	
615	39	4	6	16	10	1	0	0	0	0	0	0	0	0	1	
616	39	6	6	16	10	2	0	0	0	0	0	0	0	0	1	
617	39	8	6	16	10	3	0	0	0	0	0	0	0	0	1	
618	39	10	6	16	10	4	0	0	0	0	0	0	0	0	1	
619	39	6	8	16	10	2	0	0	0	0	0	0	0	0	1	
620	39	10	6	12	12	2	0	0	0	0	0	0	0	0	1	
621	43	0	8	14	12	2	0	0	0	0	0	0	0	0	1	
622	43	12	12	14	12	2	0	0	0	0	0	0	0	0	1	
623	43	0	4	14	12	2	0	0	0	0	0	0	0	0	1	
624	34	6	7	14	12	2	0	0	0	0	0	0	0	0	1	
625	43	8	12	14	12	2	0	0	0	0	0	0	0	0	1	
626	43	12	4	14	12	2	0	0	0	0	0	0	0	0	1	
627	43	12	0	14	12	2	0	0	0	0	0	0	0	0	1	
628	43	6	0	14	12	2	0	0	0	0	0	0	0	0	1	
629	43	12	8	14	12	2	0	0	0	0	0	0	0	0	1	
630	34	6	5	14	12	2	0	0	0	0	0	0	0	0	1	
631	37	10	6	14	12	2	0	0	0	0	0	0	0	0	1	
632	43	12	2	14	12	2	0	0	0	0	0	0	0	0	1	
633	43	10	0	14	12	2	0	0	0	0	0	0	0	0	1	
634	43	0	10	14	12	2	0	0	0	0	0	0	0	0	1	
635	32	14	12	-999	-999	2	0	0	0	0	0	0	0	0	1	
653	653	643	643	638	638	628	628	651	651	633	633	627	627	
653	653	643	643	638	638	628	628	651	651	633	633	627	627	
646	646	NULL	NULL	NULL	NULL	NULL	NULL	NULL	NULL	NULL	NULL	632	632	
646	646	NULL	NULL	NULL	NULL	NULL	NULL	NULL	NULL	NULL	NULL	632	632	
623	623	NULL	NULL	NULL	NULL	NULL	NULL	NULL	NULL	NULL	NULL	626	626	
623	623	NULL	NULL	NULL	NULL	630	630	NULL	NULL	NULL	NULL	626	626	
647	647	650	650	652	652	630	630	640	640	631	631	641	641	
647	647	650	650	652	652	624	624	640	640	631	631	641	641	
621	621	NULL	NULL	NULL	NULL	624	624	NULL	NULL	NULL	NULL	629	629	
621	621	NULL	NULL	NULL	NULL	NULL	NULL	NULL	NULL	NULL	NULL	629	629	
634	634	NULL	NULL	NULL	NULL	NULL	NULL	NULL	NULL	NULL	NULL	636	636	
634	634	NULL	NULL	NULL	NULL	NULL	NULL	NULL	NULL	NULL	NULL	636	636	
642	642	648	648	645	645	649	649	625	625	637	637	622	622	
642	642	648	648	645	645	649	649	625	625	637	637	622	622	
636	43	12	10	14	12	2	0	0	0	0	0	0	0	0	1	
637	43	10	12	14	12	2	0	0	0	0	0	0	0	0	1	
638	43	4	0	14	12	2	0	0	0	0	0	0	0	0	1	
639	39	5	10	12	12	2	0	0	0	0	0	0	0	0	1	
640	37	8	6	14	12	3	0	0	0	0	0	0	0	0	1	
641	42	12	6	14	12	2	0	0	0	0	0	0	0	0	1	
642	43	0	12	14	12	2	0	0	0	0	0	0	0	0	1	
643	43	2	0	14	12	2	0	0	0	0	0	0	0	0	1	
644	39	4	8	12	12	2	0	0	0	0	0	0	0	0	1	
645	43	4	12	14	12	2	0	0	0	0	0	0	0	0	1	
646	43	0	2	14	12	2	0	0	0	0	0	0	0	0	1	
647	42	0	6	14	12	2	0	0	0	0	0	0	0	0	1	
648	43	2	12	14	12	2	0	0	0	0	0	0	0	0	1	
649	43	6	12	14	12	2	0	0	0	0	0	0	0	0	1	
650	37	2	6	14	12	2	0	0	0	0	0	0	0	0	1	
651	43	8	0	14	12	2	0	0	0	0	0	0	0	0	1	
652	5	4	6	14	12	1	0	0	0	0	0	0	0	0	1	
653	43	0	0	14	12	2	0	0	0	0	0	0	0	0	1	
654	32	12	12	-999	-999	2	0	0	0	0	0	0	0	0	1	
675	675	655	655	659	659	663	663	667	667	671	671	677	677	
675	675	655	655	659	659	663	663	667	667	671	671	677	677	
656	656	NULL	NULL	NULL	679	679	NULL	NULL	NULL	NULL	NULL	658	658	
656	656	NULL	NULL	NULL	679	679	NULL	NULL	NULL	NULL	NULL	658	658	
660	660	NULL	NULL	680	680	NULL	NULL	NULL	NULL	NULL	NULL	662	662	
660	660	NULL	NULL	680	680	NULL	NULL	NULL	NULL	NULL	NULL	662	662	
664	664	681	681	682	682	683	683	684	684	620	620	666	666	
664	664	681	681	682	682	683	683	684	684	620	620	666	666	
668	668	NULL	NULL	644	644	NULL	NULL	NULL	NULL	NULL	NULL	670	670	
668	668	NULL	NULL	644	644	NULL	NULL	NULL	NULL	NULL	NULL	670	670	
672	672	NULL	NULL	NULL	639	639	NULL	NULL	NULL	NULL	NULL	674	674	
672	672	NULL	NULL	NULL	639	639	NULL	NULL	NULL	NULL	NULL	674	674	
676	676	657	657	661	661	665	665	669	669	673	673	678	678	
676	676	657	657	661	661	665	665	669	669	673	673	678	678	
655	43	2	0	12	12	2	0	0	0	0	0	0	0	0	1	
656	43	0	2	12	12	2	0	0	0	0	0	0	0	0	1	
657	43	2	12	12	12	2	0	0	0	0	0	0	0	0	1	
658	43	12	2	12	12	2	0	0	0	0	0	0	0	0	1	
659	43	4	0	12	12	2	0	0	0	0	0	0	0	0	1	
660	43	0	4	12	12	2	0	0	0	0	0	0	0	0	1	
661	43	4	12	12	12	2	0	0	0	0	0	0	0	0	1	
662	43	12	4	12	12	2	0	0	0	0	0	0	0	0	1	
663	42	6	0	12	12	2	0	0	0	0	0	0	0	0	1	
664	42	0	6	12	12	2	0	0	0	0	0	0	0	0	1	
665	42	6	12	12	12	2	0	0	0	0	0	0	0	0	1	
666	42	12	6	12	12	2	0	0	0	0	0	0	0	0	1	
667	43	8	0	12	12	2	0	0	0	0	0	0	0	0	1	
668	43	0	8	12	12	2	0	0	0	0	0	0	0	0	1	
669	43	8	12	12	12	2	0	0	0	0	0	0	0	0	1	
670	43	12	8	12	12	2	0	0	0	0	0	0	0	0	1	
671	43	10	0	12	12	2	0	0	0	0	0	0	0	0	1	
672	43	0	10	12	12	2	0	0	0	0	0	0	0	0	1	
673	43	10	12	12	12	2	0	0	0	0	0	0	0	0	1	
674	43	12	10	12	12	2	0	0	0	0	0	0	0	0	1	
675	43	0	0	12	12	2	0	0	0	0	0	0	0	0	1	
676	43	0	12	12	12	2	0	0	0	0	0	0	0	0	1	
677	43	12	0	12	12	2	0	0	0	0	0	0	0	0	1	
678	43	12	12	12	12	2	0	0	0	0	0	0	0	0	1	
679	39	5	2	12	12	2	0	0	0	0	0	0	0	0	1	
680	39	4	4	12	12	2	0	0	0	0	0	0	0	0	1	
681	39	2	6	12	12	2	0	0	0	0	0	0	0	0	1	
682	39	4	6	12	12	2	0	0	0	0	0	0	0	0	1	
683	39	6	6	12	12	2	0	0	0	0	0	0	0	0	1	
684	39	8	6	12	12	2	0	0	0	0	0	0	0	0	1	
685	32	12	8	-999	-999	2	0	0	0	0	0	0	0	0	1	
706	706	686	686	690	690	694	694	698	698	702	702	708	708	
706	706	686	686	690	690	694	694	698	698	702	702	708	708	
687	687	NULL	NULL	NULL	NULL	710	710	NULL	NULL	NULL	NULL	689	689	
687	687	NULL	NULL	NULL	NULL	710	710	NULL	NULL	NULL	NULL	689	689	
691	691	NULL	NULL	NULL	NULL	711	711	NULL	NULL	NULL	NULL	693	693	
691	691	NULL	NULL	NULL	NULL	711	711	NULL	NULL	NULL	NULL	693	693	
695	695	712	712	713	713	714	714	715	715	716	716	697	697	
695	695	712	712	713	713	714	714	715	715	716	716	697	697	
699	699	NULL	NULL	NULL	NULL	717	717	NULL	NULL	NULL	NULL	701	701	
699	699	NULL	NULL	NULL	NULL	717	717	NULL	NULL	NULL	NULL	701	701	
703	703	NULL	NULL	NULL	NULL	718	718	NULL	NULL	NULL	NULL	705	705	
703	703	NULL	NULL	NULL	NULL	718	718	NULL	NULL	NULL	NULL	705	705	
707	707	688	688	692	692	696	696	700	700	704	704	709	709	
707	707	688	688	692	692	696	696	700	700	704	704	709	709	
686	43	2	0	12	8	2	0	0	0	0	0	0	0	0	1	
687	43	0	2	12	8	2	0	0	0	0	0	0	0	0	1	
688	43	2	12	12	8	2	0	0	0	0	0	0	0	0	1	
689	43	12	2	12	8	2	0	0	0	0	0	0	0	0	1	
690	43	4	0	12	8	2	0	0	0	0	0	0	0	0	1	
691	43	0	4	12	8	2	0	0	0	0	0	0	0	0	1	
692	43	4	12	12	8	2	0	0	0	0	0	0	0	0	1	
693	43	12	4	12	8	2	0	0	0	0	0	0	0	0	1	
694	42	6	0	12	8	2	0	0	0	0	0	0	0	0	1	
695	42	0	6	12	8	2	0	0	0	0	0	0	0	0	1	
696	42	6	12	12	8	2	0	0	0	0	0	0	0	0	1	
697	42	12	6	12	8	2	0	0	0	0	0	0	0	0	1	
698	43	8	0	12	8	2	0	0	0	0	0	0	0	0	1	
699	43	0	8	12	8	2	0	0	0	0	0	0	0	0	1	
700	43	8	12	12	8	2	0	0	0	0	0	0	0	0	1	
701	43	12	8	12	8	2	0	0	0	0	0	0	0	0	1	
702	43	10	0	12	8	2	0	0	0	0	0	0	0	0	1	
703	43	0	10	12	8	2	0	0	0	0	0	0	0	0	1	
704	43	10	12	12	8	2	0	0	0	0	0	0	0	0	1	
705	43	12	10	12	8	2	0	0	0	0	0	0	0	0	1	
706	43	0	0	12	8	2	0	0	0	0	0	0	0	0	1	
707	43	0	12	12	8	2	0	0	0	0	0	0	0	0	1	
708	43	12	0	12	8	2	0	0	0	0	0	0	0	0	1	
709	43	12	12	12	8	2	0	0	0	0	0	0	0	0	1	
710	39	6	2	12	8	2	0	0	0	0	0	0	0	0	1	
711	39	6	4	12	8	2	0	0	0	0	0	0	0	0	1	
712	39	2	6	12	8	2	0	0	0	0	0	0	0	0	1	
713	39	4	6	12	8	2	0	0	0	0	0	0	0	0	1	
714	74	6	6	12	8	2	0	0	0	0	0	0	0	0	1	
715	39	8	6	12	8	4	0	0	0	0	0	0	0	0	1	
716	39	10	6	12	8	2	0	0	0	0	0	0	0	0	1	
717	39	6	8	12	8	2	0	0	0	0	0	0	0	0	1	
718	39	6	10	12	8	2	0	0	0	0	0	0	0	0	1	
719	32	14	8	-999	-999	2	0	0	0	0	0	0	0	0	1	
740	740	720	720	724	724	728	728	732	732	736	736	742	742	
740	740	720	720	724	724	728	728	732	732	736	736	742	742	
721	721	NULL	NULL	NULL	NULL	NULL	NULL	NULL	NULL	NULL	NULL	723	723	
721	721	NULL	NULL	NULL	NULL	NULL	NULL	NULL	NULL	NULL	NULL	723	723	
725	725	NULL	NULL	NULL	NULL	NULL	NULL	NULL	NULL	NULL	NULL	727	727	
725	725	NULL	NULL	NULL	NULL	744	744	NULL	NULL	NULL	NULL	727	727	
729	729	745	745	746	746	744	744	747	747	748	748	731	731	
729	729	745	745	746	746	749	749	747	747	748	748	731	731	
733	733	NULL	NULL	NULL	NULL	749	749	NULL	NULL	NULL	NULL	735	735	
733	733	NULL	NULL	NULL	NULL	NULL	NULL	NULL	NULL	NULL	NULL	735	735	
737	737	NULL	NULL	NULL	NULL	NULL	NULL	NULL	NULL	NULL	NULL	739	739	
737	737	NULL	NULL	NULL	NULL	NULL	NULL	NULL	NULL	NULL	NULL	739	739	
741	741	722	722	726	726	730	730	734	734	738	738	743	743	
741	741	722	722	726	726	730	730	734	734	738	738	743	743	
720	43	2	0	14	8	2	0	0	0	0	0	0	0	0	1	
721	43	0	2	14	8	2	0	0	0	0	0	0	0	0	1	
722	43	2	12	14	8	2	0	0	0	0	0	0	0	0	1	
723	43	12	2	14	8	2	0	0	0	0	0	0	0	0	1	
724	43	4	0	14	8	2	0	0	0	0	0	0	0	0	1	
725	43	0	4	14	8	2	0	0	0	0	0	0	0	0	1	
726	43	4	12	14	8	2	0	0	0	0	0	0	0	0	1	
727	43	12	4	14	8	2	0	0	0	0	0	0	0	0	1	
728	43	6	0	14	8	2	0	0	0	0	0	0	0	0	1	
729	42	0	6	14	8	2	0	0	0	0	0	0	0	0	1	
730	43	6	12	14	8	2	0	0	0	0	0	0	0	0	1	
731	42	12	6	14	8	2	0	0	0	0	0	0	0	0	1	
732	43	8	0	14	8	2	0	0	0	0	0	0	0	0	1	
733	43	0	8	14	8	2	0	0	0	0	0	0	0	0	1	
734	43	8	12	14	8	2	0	0	0	0	0	0	0	0	1	
735	43	12	8	14	8	2	0	0	0	0	0	0	0	0	1	
736	43	10	0	14	8	2	0	0	0	0	0	0	0	0	1	
737	43	0	10	14	8	2	0	0	0	0	0	0	0	0	1	
738	43	10	12	14	8	2	0	0	0	0	0	0	0	0	1	
739	43	12	10	14	8	2	0	0	0	0	0	0	0	0	1	
740	43	0	0	14	8	2	0	0	0	0	0	0	0	0	1	
741	43	0	12	14	8	2	0	0	0	0	0	0	0	0	1	
742	43	12	0	14	8	2	0	0	0	0	0	0	0	0	1	
743	43	12	12	14	8	2	0	0	0	0	0	0	0	0	1	
744	34	6	5	14	8	2	0	0	0	0	0	0	0	0	1	
745	37	2	6	14	8	2	0	0	0	0	0	0	0	0	1	
746	5	4	6	14	8	1	0	0	0	0	0	0	0	0	1	
747	37	8	6	14	8	3	0	0	0	0	0	0	0	0	1	
748	37	10	6	14	8	2	0	0	0	0	0	0	0	0	1	
749	34	6	7	14	8	2	0	0	0	0	0	0	0	0	1	
750	32	16	12	-999	-999	2	0	0	0	0	0	0	0	0	1	
773	773	754	754	758	758	762	762	766	766	770	770	774	774	
773	773	754	754	758	758	762	762	766	766	770	770	774	774	
767	767	NULL	NULL	NULL	NULL	781	781	NULL	NULL	NULL	NULL	769	769	
767	767	NULL	NULL	NULL	NULL	781	781	NULL	NULL	NULL	NULL	769	769	
763	763	NULL	NULL	NULL	NULL	780	780	NULL	NULL	NULL	NULL	765	765	
763	763	NULL	NULL	NULL	NULL	780	780	NULL	NULL	NULL	NULL	765	765	
759	759	775	775	776	776	779	779	782	782	783	783	761	761	
759	759	775	775	776	776	779	779	782	782	783	783	761	761	
755	755	NULL	NULL	NULL	NULL	778	778	NULL	NULL	NULL	NULL	757	757	
755	755	NULL	NULL	NULL	NULL	778	778	NULL	NULL	NULL	NULL	757	757	
751	751	NULL	NULL	NULL	NULL	777	777	NULL	NULL	NULL	NULL	753	753	
751	751	NULL	NULL	NULL	NULL	777	777	NULL	NULL	NULL	NULL	753	753	
771	771	752	752	756	756	760	760	764	764	768	768	772	772	
771	771	752	752	756	756	760	760	764	764	768	768	772	772	
751	43	0	10	16	12	2	0	0	0	0	0	0	0	0	1	
752	43	2	12	16	12	2	0	0	0	0	0	0	0	0	1	
753	43	12	10	16	12	2	0	0	0	0	0	0	0	0	1	
754	43	2	0	16	12	2	0	0	0	0	0	0	0	0	1	
755	43	0	8	16	12	2	0	0	0	0	0	0	0	0	1	
756	43	4	12	16	12	2	0	0	0	0	0	0	0	0	1	
757	43	12	8	16	12	2	0	0	0	0	0	0	0	0	1	
758	43	4	0	16	12	2	0	0	0	0	0	0	0	0	1	
759	42	0	6	16	12	2	0	0	0	0	0	0	0	0	1	
760	42	6	12	16	12	2	0	0	0	0	0	0	0	0	1	
761	42	12	6	16	12	4	0	0	0	0	0	0	0	0	1	
762	42	6	0	16	12	2	0	0	0	0	0	0	0	0	1	
763	43	0	4	16	12	2	0	0	0	0	0	0	0	0	1	
764	43	8	12	16	12	2	0	0	0	0	0	0	0	0	1	
765	43	12	4	16	12	2	0	0	0	0	0	0	0	0	1	
766	43	8	0	16	12	2	0	0	0	0	0	0	0	0	1	
767	43	0	2	16	12	2	0	0	0	0	0	0	0	0	1	
768	43	10	12	16	12	2	0	0	0	0	0	0	0	0	1	
769	43	12	2	16	12	2	0	0	0	0	0	0	0	0	1	
770	43	10	0	16	12	2	0	0	0	0	0	0	0	0	1	
771	43	0	12	16	12	2	0	0	0	0	0	0	0	0	1	
772	43	12	12	16	12	2	0	0	0	0	0	0	0	0	1	
773	43	0	0	16	12	2	0	0	0	0	0	0	0	0	1	
774	43	12	0	16	12	2	0	0	0	0	0	0	0	0	1	
775	39	2	6	16	12	2	0	0	0	0	0	0	0	0	1	
776	39	4	6	16	12	2	0	0	0	0	0	0	0	0	1	
777	39	6	10	16	12	0	0	0	0	0	0	0	0	0	1	
778	39	6	8	16	12	1	0	0	0	0	0	0	0	0	1	
779	39	6	6	16	12	2	0	0	0	0	0	0	0	0	1	
780	39	6	4	16	12	3	0	0	0	0	0	0	0	0	1	
781	39	6	2	16	12	4	0	0	0	0	0	0	0	0	1	
782	39	8	6	16	12	2	0	0	0	0	0	0	0	0	1	
783	39	10	6	16	12	2	0	0	0	0	0	0	0	0	1	
784	32	16	8	-999	-999	2	0	0	0	0	0	0	0	0	1	
806	806	802	802	798	798	794	794	790	790	786	786	805	805	
806	806	802	802	798	798	794	794	790	790	786	786	805	805	
787	787	NULL	NULL	NULL	NULL	811	811	NULL	NULL	NULL	NULL	785	785	
787	787	NULL	NULL	NULL	NULL	811	811	NULL	NULL	NULL	NULL	785	785	
791	791	NULL	NULL	NULL	NULL	812	812	NULL	NULL	NULL	NULL	789	789	
791	791	NULL	NULL	NULL	NULL	812	812	NULL	NULL	NULL	NULL	789	789	
795	795	817	817	816	816	813	813	810	810	809	809	793	793	
795	795	817	817	816	816	813	813	810	810	809	809	793	793	
799	799	NULL	NULL	NULL	NULL	814	814	NULL	NULL	NULL	NULL	797	797	
799	799	NULL	NULL	NULL	NULL	814	814	NULL	NULL	NULL	NULL	797	797	
803	803	NULL	NULL	NULL	NULL	815	815	NULL	NULL	NULL	NULL	801	801	
803	803	NULL	NULL	NULL	NULL	815	815	NULL	NULL	NULL	NULL	801	801	
808	808	804	804	800	800	796	796	792	792	788	788	807	807	
808	808	804	804	800	800	796	796	792	792	788	788	807	807	
785	43	12	2	16	8	2	0	0	0	0	0	0	0	0	1	
786	43	10	0	16	8	2	0	0	0	0	0	0	0	0	1	
787	43	0	2	16	8	2	0	0	0	0	0	0	0	0	1	
788	43	10	12	16	8	2	0	0	0	0	0	0	0	0	1	
789	43	12	4	16	8	2	0	0	0	0	0	0	0	0	1	
790	43	8	0	16	8	2	0	0	0	0	0	0	0	0	1	
791	43	0	4	16	8	2	0	0	0	0	0	0	0	0	1	
792	43	8	12	16	8	2	0	0	0	0	0	0	0	0	1	
793	42	12	6	16	8	2	0	0	0	0	0	0	0	0	1	
794	42	6	0	16	8	2	0	0	0	0	0	0	0	0	1	
795	42	0	6	16	8	4	0	0	0	0	0	0	0	0	1	
796	42	6	12	16	8	2	0	0	0	0	0	0	0	0	1	
797	43	12	8	16	8	2	0	0	0	0	0	0	0	0	1	
798	43	4	0	16	8	2	0	0	0	0	0	0	0	0	1	
799	43	0	8	16	8	2	0	0	0	0	0	0	0	0	1	
800	43	4	12	16	8	2	0	0	0	0	0	0	0	0	1	
801	43	12	10	16	8	2	0	0	0	0	0	0	0	0	1	
802	43	2	0	16	8	2	0	0	0	0	0	0	0	0	1	
803	43	0	10	16	8	2	0	0	0	0	0	0	0	0	1	
804	43	2	12	16	8	2	0	0	0	0	0	0	0	0	1	
805	43	12	0	16	8	2	0	0	0	0	0	0	0	0	1	
806	43	0	0	16	8	2	0	0	0	0	0	0	0	0	1	
807	43	12	12	16	8	2	0	0	0	0	0	0	0	0	1	
808	43	0	12	16	8	2	0	0	0	0	0	0	0	0	1	
809	39	10	6	16	8	2	0	0	0	0	0	0	0	0	1	
810	39	8	6	16	8	2	0	0	0	0	0	0	0	0	1	
811	39	6	2	16	8	0	0	0	0	0	0	0	0	0	1	
812	39	6	4	16	8	1	0	0	0	0	0	0	0	0	1	
813	39	6	6	16	8	2	0	0	0	0	0	0	0	0	1	
814	39	6	8	16	8	3	0	0	0	0	0	0	0	0	1	
815	39	6	10	16	8	4	0	0	0	0	0	0	0	0	1	
816	39	4	6	16	8	2	0	0	0	0	0	0	0	0	1	
817	39	2	6	16	8	2	0	0	0	0	0	0	0	0	1	
818	32	12	10	-999	-999	2	0	0	0	0	0	0	0	0	1	
841	841	822	822	826	826	830	830	834	834	838	838	842	842	
841	841	822	822	826	826	830	830	834	834	838	838	842	842	
835	835	NULL	NULL	NULL	NULL	849	849	NULL	NULL	NULL	NULL	837	837	
835	835	NULL	NULL	NULL	NULL	849	849	NULL	NULL	NULL	NULL	837	837	
831	831	NULL	NULL	NULL	NULL	848	848	NULL	NULL	NULL	NULL	833	833	
831	831	NULL	NULL	NULL	NULL	848	848	NULL	NULL	NULL	NULL	833	833	
827	827	843	843	844	844	847	847	850	850	851	851	829	829	
827	827	843	843	844	844	847	847	850	850	851	851	829	829	
823	823	NULL	NULL	NULL	NULL	846	846	NULL	NULL	NULL	NULL	825	825	
823	823	NULL	NULL	NULL	NULL	846	846	NULL	NULL	NULL	NULL	825	825	
819	819	NULL	NULL	NULL	NULL	845	845	NULL	NULL	NULL	NULL	821	821	
819	819	NULL	NULL	NULL	NULL	845	845	NULL	NULL	NULL	NULL	821	821	
839	839	820	820	824	824	828	828	832	832	836	836	840	840	
839	839	820	820	824	824	828	828	832	832	836	836	840	840	
819	43	0	10	12	10	2	0	0	0	0	0	0	0	0	1	
820	43	2	12	12	10	2	0	0	0	0	0	0	0	0	1	
821	43	12	10	12	10	2	0	0	0	0	0	0	0	0	1	
822	43	2	0	12	10	2	0	0	0	0	0	0	0	0	1	
823	43	0	8	12	10	2	0	0	0	0	0	0	0	0	1	
824	43	4	12	12	10	2	0	0	0	0	0	0	0	0	1	
825	43	12	8	12	10	2	0	0	0	0	0	0	0	0	1	
826	43	4	0	12	10	2	0	0	0	0	0	0	0	0	1	
827	42	0	6	12	10	2	0	0	0	0	0	0	0	0	1	
828	42	6	12	12	10	2	0	0	0	0	0	0	0	0	1	
829	42	12	6	12	10	4	0	0	0	0	0	0	0	0	1	
830	42	6	0	12	10	2	0	0	0	0	0	0	0	0	1	
831	43	0	4	12	10	2	0	0	0	0	0	0	0	0	1	
832	43	8	12	12	10	2	0	0	0	0	0	0	0	0	1	
833	43	12	4	12	10	2	0	0	0	0	0	0	0	0	1	
834	43	8	0	12	10	2	0	0	0	0	0	0	0	0	1	
835	43	0	2	12	10	2	0	0	0	0	0	0	0	0	1	
836	43	10	12	12	10	2	0	0	0	0	0	0	0	0	1	
837	43	12	2	12	10	2	0	0	0	0	0	0	0	0	1	
838	43	10	0	12	10	2	0	0	0	0	0	0	0	0	1	
839	43	0	12	12	10	2	0	0	0	0	0	0	0	0	1	
840	43	12	12	12	10	2	0	0	0	0	0	0	0	0	1	
841	43	0	0	12	10	2	0	0	0	0	0	0	0	0	1	
842	43	12	0	12	10	2	0	0	0	0	0	0	0	0	1	
843	39	2	6	12	10	2	0	0	0	0	0	0	0	0	1	
844	39	4	6	12	10	2	0	0	0	0	0	0	0	0	1	
845	39	6	10	12	10	0	0	0	0	0	0	0	0	0	1	
846	39	6	8	12	10	1	0	0	0	0	0	0	0	0	1	
847	39	6	6	12	10	2	0	0	0	0	0	0	0	0	1	
848	39	6	4	12	10	3	0	0	0	0	0	0	0	0	1	
849	39	6	2	12	10	4	0	0	0	0	0	0	0	0	1	
850	39	8	6	12	10	2	0	0	0	0	0	0	0	0	1	
851	39	10	6	12	10	2	0	0	0	0	0	0	0	0	1	
852	32	12	14	-999	-999	2	0	0	0	0	0	0	0	0	1	
873	873	853	853	857	857	861	861	865	865	869	869	875	875	
873	873	853	853	857	857	861	861	865	865	869	869	875	875	
854	854	NULL	NULL	NULL	NULL	877	877	NULL	NULL	NULL	NULL	856	856	
854	854	NULL	NULL	NULL	NULL	877	877	NULL	NULL	NULL	NULL	856	856	
858	858	NULL	NULL	NULL	NULL	878	878	NULL	NULL	NULL	NULL	860	860	
858	858	NULL	NULL	NULL	NULL	878	878	NULL	NULL	NULL	NULL	860	860	
862	862	879	879	880	880	881	881	882	882	883	883	864	864	
862	862	879	879	880	880	881	881	882	882	883	883	864	864	
866	866	NULL	NULL	NULL	NULL	884	884	NULL	NULL	NULL	NULL	868	868	
866	866	NULL	NULL	NULL	NULL	884	884	NULL	NULL	NULL	NULL	868	868	
870	870	NULL	NULL	NULL	NULL	885	885	NULL	NULL	NULL	NULL	872	872	
870	870	NULL	NULL	NULL	NULL	885	885	NULL	NULL	NULL	NULL	872	872	
874	874	855	855	859	859	863	863	867	867	871	871	876	876	
874	874	855	855	859	859	863	863	867	867	871	871	876	876	
853	43	2	0	12	14	2	0	0	0	0	0	0	0	0	1	
854	43	0	2	12	14	2	0	0	0	0	0	0	0	0	1	
855	43	2	12	12	14	2	0	0	0	0	0	0	0	0	1	
856	43	12	2	12	14	2	0	0	0	0	0	0	0	0	1	
857	43	4	0	12	14	2	0	0	0	0	0	0	0	0	1	
858	43	0	4	12	14	2	0	0	0	0	0	0	0	0	1	
859	43	4	12	12	14	2	0	0	0	0	0	0	0	0	1	
860	43	12	4	12	14	2	0	0	0	0	0	0	0	0	1	
861	42	6	0	12	14	2	0	0	0	0	0	0	0	0	1	
862	42	0	6	12	14	2	0	0	0	0	0	0	0	0	1	
863	42	6	12	12	14	4	0	0	0	0	0	0	0	0	1	
864	42	12	6	12	14	2	0	0	0	0	0	0	0	0	1	
865	43	8	0	12	14	2	0	0	0	0	0	0	0	0	1	
866	43	0	8	12	14	2	0	0	0	0	0	0	0	0	1	
867	43	8	12	12	14	2	0	0	0	0	0	0	0	0	1	
868	43	12	8	12	14	2	0	0	0	0	0	0	0	0	1	
869	43	10	0	12	14	2	0	0	0	0	0	0	0	0	1	
870	43	0	10	12	14	2	0	0	0	0	0	0	0	0	1	
871	43	10	12	12	14	2	0	0	0	0	0	0	0	0	1	
872	43	12	10	12	14	2	0	0	0	0	0	0	0	0	1	
873	43	0	0	12	14	2	0	0	0	0	0	0	0	0	1	
874	43	0	12	12	14	2	0	0	0	0	0	0	0	0	1	
875	43	12	0	12	14	2	0	0	0	0	0	0	0	0	1	
876	43	12	12	12	14	2	0	0	0	0	0	0	0	0	1	
877	39	6	2	12	14	2	0	0	0	0	0	0	0	0	1	
878	39	6	4	12	14	2	0	0	0	0	0	0	0	0	1	
879	39	2	6	12	14	0	0	0	0	0	0	0	0	0	1	
880	39	4	6	12	14	1	0	0	0	0	0	0	0	0	1	
881	39	6	6	12	14	2	0	0	0	0	0	0	0	0	1	
882	39	8	6	12	14	3	0	0	0	0	0	0	0	0	1	
883	39	10	6	12	14	4	0	0	0	0	0	0	0	0	1	
884	39	6	8	12	14	2	0	0	0	0	0	0	0	0	1	
885	39	6	10	12	14	2	0	0	0	0	0	0	0	0	1	
886	32	14	14	-999	-999	2	0	0	0	0	0	0	0	0	1	
907	907	887	887	891	891	895	895	899	899	903	903	909	909	
907	907	887	887	891	891	895	895	899	899	903	903	909	909	
888	888	NULL	NULL	NULL	NULL	911	911	NULL	NULL	NULL	NULL	890	890	
888	888	NULL	NULL	NULL	NULL	911	911	NULL	NULL	NULL	NULL	890	890	
892	892	NULL	NULL	NULL	NULL	912	912	NULL	NULL	NULL	NULL	894	894	
892	892	NULL	NULL	NULL	NULL	912	912	NULL	NULL	NULL	NULL	894	894	
896	896	913	913	914	914	915	915	916	916	917	917	898	898	
896	896	913	913	914	914	915	915	916	916	917	917	898	898	
900	900	NULL	NULL	NULL	NULL	44	44	NULL	NULL	NULL	NULL	902	902	
900	900	NULL	NULL	NULL	NULL	44	44	NULL	NULL	NULL	NULL	902	902	
904	904	NULL	NULL	NULL	NULL	311	311	NULL	NULL	NULL	NULL	906	906	
904	904	NULL	NULL	NULL	NULL	311	311	NULL	NULL	NULL	NULL	906	906	
908	908	889	889	893	893	897	897	901	901	905	905	910	910	
908	908	889	889	893	893	897	897	901	901	905	905	910	910	
887	43	2	0	14	14	2	0	0	0	0	0	0	0	0	1	
888	43	0	2	14	14	2	0	0	0	0	0	0	0	0	1	
889	43	2	12	14	14	2	0	0	0	0	0	0	0	0	1	
890	43	12	2	14	14	2	0	0	0	0	0	0	0	0	1	
891	43	4	0	14	14	2	0	0	0	0	0	0	0	0	1	
892	43	0	4	14	14	2	0	0	0	0	0	0	0	0	1	
893	43	4	12	14	14	2	0	0	0	0	0	0	0	0	1	
894	43	12	4	14	14	2	0	0	0	0	0	0	0	0	1	
895	42	6	0	14	14	2	0	0	0	0	0	0	0	0	1	
896	42	0	6	14	14	2	0	0	0	0	0	0	0	0	1	
897	42	6	12	14	14	4	0	0	0	0	0	0	0	0	1	
898	42	12	6	14	14	2	0	0	0	0	0	0	0	0	1	
899	43	8	0	14	14	2	0	0	0	0	0	0	0	0	1	
900	43	0	8	14	14	2	0	0	0	0	0	0	0	0	1	
901	43	8	12	14	14	2	0	0	0	0	0	0	0	0	1	
902	43	12	8	14	14	2	0	0	0	0	0	0	0	0	1	
903	43	10	0	14	14	2	0	0	0	0	0	0	0	0	1	
904	43	0	10	14	14	2	0	0	0	0	0	0	0	0	1	
905	43	10	12	14	14	2	0	0	0	0	0	0	0	0	1	
906	43	12	10	14	14	2	0	0	0	0	0	0	0	0	1	
907	43	0	0	14	14	2	0	0	0	0	0	0	0	0	1	
908	43	0	12	14	14	2	0	0	0	0	0	0	0	0	1	
909	43	12	0	14	14	2	0	0	0	0	0	0	0	0	1	
910	43	12	12	14	14	2	0	0	0	0	0	0	0	0	1	
911	39	6	2	14	14	2	0	0	0	0	0	0	0	0	1	
912	39	6	4	14	14	2	0	0	0	0	0	0	0	0	1	
913	39	2	6	14	14	0	0	0	0	0	0	0	0	0	1	
914	39	4	6	14	14	1	0	0	0	0	0	0	0	0	1	
915	39	6	6	14	14	2	0	0	0	0	0	0	0	0	1	
916	39	8	6	14	14	3	0	0	0	0	0	0	0	0	1	
917	39	10	6	14	14	4	0	0	0	0	0	0	0	0	1	
918	32	18	20	-999	-999	2	0	0	0	0	0	0	0	0	1	
79	79	919	919	113	113	229	229	92	92	177	177	103	103	
79	79	919	919	113	113	229	229	92	92	177	177	103	103	
289	289	284	284	NULL	NULL	228	228	NULL	NULL	NULL	NULL	118	118	
289	289	284	284	NULL	NULL	228	228	NULL	NULL	NULL	NULL	118	118	
109	109	83	83	NULL	NULL	119	119	NULL	NULL	NULL	NULL	299	299	
109	109	83	83	NULL	NULL	119	119	NULL	NULL	NULL	NULL	299	299	
84	84	295	295	82	82	285	285	116	116	271	271	71	71	
84	84	295	295	82	82	285	285	116	116	271	271	71	71	
107	107	NULL	NULL	NULL	NULL	86	86	NULL	NULL	NULL	NULL	75	75	
107	107	NULL	NULL	NULL	NULL	86	86	NULL	NULL	NULL	NULL	75	75	
98	98	NULL	NULL	NULL	NULL	90	90	NULL	NULL	NULL	NULL	78	78	
98	98	NULL	NULL	NULL	NULL	90	90	NULL	NULL	NULL	NULL	78	78	
108	108	37	37	300	300	36	36	69	69	46	46	53	53	
108	108	37	37	300	300	36	36	69	69	46	46	53	53	
919	42	2	0	18	20	2	0	0	0	0	0	0	0	0	1	
920	32	8	20	-999	-999	2	0	0	0	0	0	0	0	0	1	
941	941	921	921	925	925	929	929	933	933	937	937	943	943	
941	941	921	921	925	925	929	929	933	933	937	937	943	943	
922	922	NULL	NULL	NULL	NULL	945	945	NULL	NULL	NULL	NULL	924	924	
922	922	NULL	NULL	NULL	NULL	945	945	NULL	NULL	NULL	NULL	924	924	
926	926	NULL	NULL	NULL	NULL	946	946	NULL	NULL	NULL	NULL	928	928	
926	926	NULL	NULL	NULL	NULL	946	946	NULL	NULL	NULL	NULL	928	928	
930	930	947	947	948	948	949	949	950	950	951	951	932	932	
930	930	947	947	948	948	949	949	950	950	951	951	932	932	
934	934	NULL	NULL	NULL	NULL	952	952	NULL	NULL	NULL	NULL	936	936	
934	934	NULL	NULL	NULL	NULL	952	952	NULL	NULL	NULL	NULL	936	936	
938	938	NULL	NULL	NULL	NULL	953	953	NULL	NULL	NULL	NULL	940	940	
938	938	NULL	NULL	NULL	NULL	953	953	NULL	NULL	NULL	NULL	940	940	
942	942	923	923	927	927	931	931	935	935	939	939	944	944	
942	942	923	923	927	927	931	931	935	935	939	939	944	944	
921	42	2	0	8	20	2	0	0	0	0	0	0	0	0	1	
922	42	0	2	8	20	2	0	0	0	0	0	0	0	0	1	
923	43	2	12	8	20	2	0	0	0	0	0	0	0	0	1	
924	42	12	2	8	20	2	0	0	0	0	0	0	0	0	1	
925	43	4	0	8	20	2	0	0	0	0	0	0	0	0	1	
926	42	0	4	8	20	2	0	0	0	0	0	0	0	0	1	
927	43	4	12	8	20	2	0	0	0	0	0	0	0	0	1	
928	42	12	4	8	20	2	0	0	0	0	0	0	0	0	1	
929	42	6	0	8	20	2	0	0	0	0	0	0	0	0	1	
930	42	0	6	8	20	2	0	0	0	0	0	0	0	0	1	
931	42	6	12	8	20	2	0	0	0	0	0	0	0	0	1	
932	42	12	6	8	20	2	0	0	0	0	0	0	0	0	1	
933	43	8	0	8	20	2	0	0	0	0	0	0	0	0	1	
934	42	0	8	8	20	2	0	0	0	0	0	0	0	0	1	
935	43	8	12	8	20	2	0	0	0	0	0	0	0	0	1	
936	42	12	8	8	20	2	0	0	0	0	0	0	0	0	1	
937	42	10	0	8	20	2	0	0	0	0	0	0	0	0	1	
938	42	0	10	8	20	2	0	0	0	0	0	0	0	0	1	
939	42	10	12	8	20	2	0	0	0	0	0	0	0	0	1	
940	42	12	10	8	20	2	0	0	0	0	0	0	0	0	1	
941	43	0	0	8	20	2	0	0	0	0	0	0	0	0	1	
942	43	0	12	8	20	2	0	0	0	0	0	0	0	0	1	
943	43	12	0	8	20	2	0	0	0	0	0	0	0	0	1	
944	43	12	12	8	20	2	0	0	0	0	0	0	0	0	1	
945	39	6	2	8	20	2	0	0	0	0	0	0	0	0	1	
946	39	6	4	8	20	2	0	0	0	0	0	0	0	0	1	
947	39	2	6	8	20	2	0	0	0	0	0	0	0	0	1	
948	39	4	6	8	20	3	0	0	0	0	0	0	0	0	1	
949	6	6	6	8	20	2	0	0	0	0	0	0	0	0	1	
950	39	8	6	8	20	2	0	0	0	0	0	0	0	0	1	
951	39	10	6	8	20	2	0	0	0	0	0	0	0	0	1	
952	39	6	8	8	20	4	0	0	0	0	0	0	0	0	1	
953	39	6	10	8	20	2	0	0	0	0	0	0	0	0	1	
954	40	21	15	-999	-999	2	0	0	0	0	0	0	0	0	1	
955	40	22	12	-999	-999	2	0	0	0	0	0	0	0	0	1	
956	40	22	9	-999	-999	2	0	0	0	0	0	0	0	0	1	
957	40	22	6	-999	-999	2	0	0	0	0	0	0	0	0	1	
958	40	20	6	-999	-999	2	0	0	0	0	0	0	0	0	1	
959	40	21	4	-999	-999	2	0	0	0	0	0	0	0	0	1	
960	40	21	1	-999	-999	2	0	0	0	0	0	0	0	0	1	
961	40	18	1	-999	-999	2	0	0	0	0	0	0	0	0	1	
962	40	18	4	-999	-999	2	0	0	0	0	0	0	0	0	1	
963	40	15	1	-999	-999	2	0	0	0	0	0	0	0	0	1	
964	40	15	4	-999	-999	2	0	0	0	0	0	0	0	0	1	
965	40	12	1	-999	-999	2	0	0	0	0	0	0	0	0	1	
966	40	12	4	-999	-999	2	0	0	0	0	0	0	0	0	1	
967	40	9	1	-999	-999	2	0	0	0	0	0	0	0	0	1	
968	40	9	4	-999	-999	2	0	0	0	0	0	0	0	0	1	
969	40	6	1	-999	-999	2	0	0	0	0	0	0	0	0	1	
970	40	6	4	-999	-999	2	0	0	0	0	0	0	0	0	1	
971	40	3	1	-999	-999	2	0	0	0	0	0	0	0	0	1	
972	40	3	4	-999	-999	2	0	0	0	0	0	0	0	0	1	
973	40	3	7	-999	-999	2	0	0	0	0	0	0	0	0	1	
974	40	3	10	-999	-999	2	0	0	0	0	0	0	0	0	1	
975	40	3	13	-999	-999	2	0	0	0	0	0	0	0	0	1	
976	40	3	16	-999	-999	2	0	0	0	0	0	0	0	0	1	
977	40	0	21	-999	-999	2	0	0	0	0	0	0	0	0	1	
978	40	0	18	-999	-999	2	0	0	0	0	0	0	0	0	1	
979	40	0	15	-999	-999	2	0	0	0	0	0	0	0	0	1	
980	40	0	12	-999	-999	2	0	0	0	0	0	0	0	0	1	
981	40	0	9	-999	-999	2	0	0	0	0	0	0	0	0	1	
982	40	0	6	-999	-999	2	0	0	0	0	0	0	0	0	1	
983	40	0	3	-999	-999	2	0	0	0	0	0	0	0	0	1	
984	40	0	0	-999	-999	2	0	0	0	0	0	0	0	0	1	
984	984	NULL	NULL	NULL	NULL	NULL	NULL	NULL	NULL	NULL	NULL	NULL	NULL	NULL	NULL	NULL	NULL	NULL	NULL	NULL	NULL	NULL	NULL	
984	984	NULL	971	971	NULL	969	969	NULL	967	967	NULL	965	965	NULL	963	963	NULL	961	961	NULL	960	960	NULL	
NULL	NULL	NULL	971	971	NULL	969	969	NULL	967	967	NULL	965	965	NULL	963	963	NULL	961	961	NULL	960	960	NULL	
983	983	NULL	NULL	NULL	NULL	NULL	NULL	NULL	NULL	NULL	NULL	NULL	NULL	NULL	NULL	NULL	NULL	NULL	NULL	NULL	NULL	NULL	NULL	
983	983	NULL	972	972	NULL	970	970	NULL	968	968	NULL	966	966	NULL	964	964	NULL	962	962	NULL	959	959	NULL	
NULL	NULL	NULL	972	972	NULL	970	970	NULL	968	968	NULL	966	966	NULL	964	964	NULL	962	962	NULL	959	959	NULL	
982	982	NULL	NULL	NULL	NULL	200	200	102	102	65	65	146	146	153	153	292	292	56	56	958	958	957	957	
982	982	NULL	973	973	NULL	200	200	102	102	65	65	146	146	153	153	292	292	56	56	958	958	957	957	
NULL	NULL	NULL	973	973	NULL	132	132	555	555	407	407	685	685	719	719	784	784	85	85	327	327	NULL	NULL	
981	981	NULL	NULL	NULL	NULL	132	132	555	555	407	407	685	685	719	719	784	784	85	85	327	327	956	956	
981	981	NULL	974	974	NULL	181	181	460	460	552	552	818	818	NULL	NULL	587	587	0	0	122	122	956	956	
NULL	NULL	NULL	974	974	NULL	181	181	460	460	552	552	818	818	NULL	NULL	587	587	0	0	122	122	NULL	NULL	
980	980	NULL	NULL	NULL	NULL	212	212	64	64	424	424	654	654	635	635	750	750	186	186	301	301	955	955	
980	980	NULL	975	975	NULL	212	212	64	64	424	424	654	654	635	635	750	750	186	186	301	301	955	955	
NULL	NULL	NULL	975	975	NULL	204	204	NULL	NULL	537	537	852	852	886	886	70	70	32	32	NULL	NULL	NULL	NULL	
979	979	NULL	NULL	NULL	NULL	204	204	NULL	NULL	537	537	852	852	886	886	70	70	32	32	NULL	954	954	NULL	
979	979	NULL	976	976	NULL	199	199	256	256	66	66	104	104	159	159	51	51	62	62	NULL	954	954	NULL	
NULL	NULL	NULL	976	976	NULL	199	199	256	256	66	66	104	104	159	159	51	51	62	62	NULL	NULL	NULL	NULL	
978	978	195	195	55	55	125	125	147	147	180	180	189	189	192	192	163	163	151	151	178	178	141	141	
978	978	195	195	55	55	125	125	147	147	180	180	189	189	192	192	163	163	151	151	178	178	141	141	
NULL	NULL	139	139	121	121	173	173	920	920	278	278	230	230	25	25	120	120	918	918	134	134	171	171	
977	977	139	139	121	121	173	173	920	920	278	278	230	230	25	25	120	120	918	918	134	134	171	171	
977	977	150	150	138	138	179	179	194	194	170	170	225	225	144	144	174	174	183	183	160	160	233	233	
NULL	NULL	150	150	138	138	179	179	194	194	170	170	225	225	144	144	174	174	183	183	160	160	233	233	
