1597
0	43	12	2	2	8	2	0	0	0	0	0	0	0	0	
1	40	4	6	-999	-999	2	0	0	0	0	0	0	0	0	
2	43	0	2	10	18	2	0	0	0	0	0	0	0	0	
3	42	6	12	2	10	2	0	0	0	0	0	0	0	0	
4	43	0	0	10	18	2	0	0	0	0	0	0	0	0	
5	43	8	0	2	10	2	0	0	0	0	0	0	0	0	
6	43	8	0	2	8	2	0	0	0	0	0	0	0	0	
7	32	10	18	-999	-999	2	0	0	0	0	0	0	0	0	
4	4	42	42	20	20	36	36	27	27	31	31	48	48	
4	4	42	42	20	20	36	36	27	27	31	31	48	48	
2	2	NULL	NULL	NULL	NULL	NULL	38	38	NULL	NULL	NULL	30	30	
2	2	NULL	NULL	NULL	15	15	38	38	NULL	NULL	NULL	30	30	
21	21	NULL	13	13	15	15	NULL	77	77	NULL	NULL	75	75	
21	21	NULL	13	13	NULL	NULL	NULL	77	77	18	18	75	75	
11	11	23	23	NULL	NULL	28	28	84	84	18	18	39	39	
11	11	23	23	NULL	NULL	28	28	84	84	NULL	NULL	39	39	
26	26	24	24	NULL	47	47	45	45	29	29	NULL	10	10	
26	26	24	24	NULL	47	47	45	45	29	29	NULL	10	10	
40	40	8	8	35	35	59	59	157	157	NULL	NULL	44	44	
40	40	8	8	35	35	59	59	157	157	NULL	NULL	44	44	
34	34	14	14	85	85	9	9	49	49	46	46	80	80	
34	34	14	14	85	85	9	9	49	49	46	46	80	80	
8	5	2	10	10	18	2	0	0	0	0	0	0	0	0	
9	42	6	12	10	18	2	0	0	0	0	0	0	0	0	
10	43	12	8	10	18	2	0	0	0	0	0	0	0	0	
11	43	0	6	10	18	2	0	0	0	0	0	0	0	0	
12	43	8	12	2	8	2	0	0	0	0	0	0	0	0	
13	37	3	4	10	18	2	0	0	0	0	0	0	0	0	
14	43	2	12	10	18	2	0	0	0	0	0	0	0	0	
15	37	5	3	10	18	2	0	0	0	0	0	0	0	0	
16	43	0	2	2	8	2	0	0	0	0	0	0	0	0	
17	37	9	8	2	8	1	0	0	0	0	0	0	0	0	
18	34	10	5	10	18	2	0	0	0	0	0	0	0	0	
19	43	0	0	2	8	2	0	0	0	0	0	0	0	0	
20	43	4	0	10	18	2	0	0	0	0	0	0	0	0	
21	43	0	4	10	18	2	0	0	0	0	0	0	0	0	
22	40	6	6	-999	-999	2	0	0	0	0	0	0	0	0	
23	37	2	6	10	18	2	0	0	0	0	0	0	0	0	
24	37	2	8	10	18	2	0	0	0	0	0	0	0	0	
25	43	0	8	2	8	2	0	0	0	0	0	0	0	0	
26	43	0	8	10	18	2	0	0	0	0	0	0	0	0	
27	43	8	0	10	18	2	0	0	0	0	0	0	0	0	
28	37	6	6	10	18	1	0	0	0	0	0	0	0	0	
29	37	9	8	10	18	1	0	0	0	0	0	0	0	0	
30	43	12	2	10	18	2	0	0	0	0	0	0	0	0	
31	43	10	0	10	18	2	0	0	0	0	0	0	0	0	
32	25	16	20	-999	-999	2	0	0	0	0	0	0	0	0	
33	5	2	10	2	8	2	0	0	0	0	0	0	0	0	
34	43	0	12	10	18	2	0	0	0	0	0	0	0	0	
35	23	4	10	10	18	2	0	0	0	0	0	0	0	0	
36	42	6	0	10	18	3	0	0	0	0	0	0	0	0	
37	43	12	4	2	8	2	0	0	0	0	0	0	0	0	
38	37	7	2	10	18	2	0	0	0	0	0	0	0	0	
39	43	12	6	10	18	2	0	0	0	0	0	0	0	0	
40	43	0	10	10	18	2	0	0	0	0	0	0	0	0	
41	5	8	6	2	8	2	0	0	0	0	0	0	0	0	
42	43	2	0	10	18	2	0	0	0	0	0	0	0	0	
43	6	8	4	2	8	2	0	0	0	0	0	0	0	0	
44	43	12	10	10	18	2	0	0	0	0	0	0	0	0	
45	25	7	8	10	18	2	0	0	0	0	0	0	0	0	
46	43	10	12	10	18	2	0	0	0	0	0	0	0	0	
47	24	5	8	10	18	2	0	0	0	0	0	0	0	0	
48	43	12	0	10	18	2	0	0	0	0	0	0	0	0	
49	43	8	12	10	18	2	0	0	0	0	0	0	0	0	
50	43	12	0	2	8	2	0	0	0	0	0	0	0	0	
51	43	12	6	2	8	2	0	0	0	0	0	0	0	0	
52	24	20	16	-999	-999	2	0	0	0	0	0	0	0	0	
53	25	7	8	2	8	2	0	0	0	0	0	0	0	0	
54	37	3	4	2	8	2	0	0	0	0	0	0	0	0	
55	43	12	12	2	8	2	0	0	0	0	0	0	0	0	
56	43	0	10	2	8	2	0	0	0	0	0	0	0	0	
57	37	5	3	2	8	2	0	0	0	0	0	0	0	0	
58	40	8	16	-999	-999	2	0	0	0	0	0	0	0	0	
59	37	6	10	10	18	2	0	0	0	0	0	0	0	0	
60	43	12	0	2	10	2	0	0	0	0	0	0	0	0	
61	43	0	12	2	8	2	0	0	0	0	0	0	0	0	
62	43	2	12	2	10	2	0	0	0	0	0	0	0	0	
63	43	4	12	2	8	2	0	0	0	0	0	0	0	0	
64	42	6	0	2	10	2	0	0	0	0	0	0	0	0	
65	40	0	6	-999	-999	2	0	0	0	0	0	0	0	0	
66	37	2	6	2	8	2	0	0	0	0	0	0	0	0	
67	43	12	10	2	8	2	0	0	0	0	0	0	0	0	
68	43	0	4	2	8	2	0	0	0	0	0	0	0	0	
69	43	0	6	2	8	2	0	0	0	0	0	0	0	0	
70	24	5	8	2	8	2	0	0	0	0	0	0	0	0	
71	26	8	10	2	8	2	0	0	0	0	0	0	0	0	
72	43	10	12	2	8	2	0	0	0	0	0	0	0	0	
73	40	22	16	-999	-999	2	0	0	0	0	0	0	0	0	
74	37	6	10	2	8	2	0	0	0	0	0	0	0	0	
75	43	12	4	10	18	2	0	0	0	0	0	0	0	0	
76	32	2	10	-999	-999	2	0	0	0	0	0	0	0	0	
119	119	106	106	128	128	64	64	5	5	109	109	60	60	
119	119	106	106	128	128	64	64	5	5	109	109	60	60	
126	126	88	88	130	130	NULL	104	104	NULL	NULL	NULL	91	91	
126	126	88	88	130	130	NULL	104	104	NULL	NULL	NULL	91	91	
129	129	134	134	120	120	NULL	NULL	125	125	NULL	NULL	102	102	
129	129	134	134	120	120	NULL	NULL	125	125	NULL	NULL	102	102	
107	107	98	98	116	116	99	99	127	127	131	131	100	100	
107	107	98	98	116	116	99	99	127	127	131	131	100	100	
97	97	108	108	101	101	132	132	115	115	112	112	113	113	
97	97	108	108	101	101	132	132	115	115	112	112	113	113	
96	96	86	86	NULL	NULL	NULL	NULL	NULL	NULL	123	123	103	103	
96	96	86	86	NULL	NULL	NULL	NULL	NULL	NULL	123	123	103	103	
82	82	62	62	133	133	3	3	95	95	111	111	121	121	
82	82	62	62	133	133	3	3	95	95	111	111	121	121	
77	6	8	4	10	18	2	0	0	0	0	0	0	0	0	
78	40	18	16	-999	-999	2	0	0	0	0	0	0	0	0	
79	43	12	8	2	8	2	0	0	0	0	0	0	0	0	
80	43	12	12	10	18	2	0	0	0	0	0	0	0	0	
81	43	4	0	2	8	2	0	0	0	0	0	0	0	0	
82	43	0	12	2	10	2	0	0	0	0	0	0	0	0	
83	34	10	5	10	20	2	0	0	0	0	0	0	0	0	
84	5	8	6	10	18	2	0	0	0	0	0	0	0	0	
85	43	4	12	10	18	2	0	0	0	0	0	0	0	0	
86	17	2	10	2	10	2	0	0	0	0	0	0	0	0	
87	34	10	5	2	8	2	0	0	0	0	0	0	0	0	
88	27	2	2	2	10	3	0	0	0	0	0	0	0	0	
89	37	2	8	2	8	2	0	0	0	0	0	0	0	0	
90	40	16	22	-999	-999	2	0	0	0	0	0	0	0	0	
91	43	12	2	2	10	2	0	0	0	0	0	0	0	0	
92	43	10	0	2	8	2	0	0	0	0	0	0	0	0	
93	37	8	10	4	10	2	0	0	0	0	0	0	0	0	
94	43	2	0	2	8	2	0	0	0	0	0	0	0	0	
95	43	8	12	2	10	2	0	0	0	0	0	0	0	0	
96	43	0	10	2	10	2	0	0	0	0	0	0	0	0	
97	43	0	8	2	10	2	0	0	0	0	0	0	0	0	
98	5	2	6	2	10	2	0	0	0	0	0	0	0	0	
99	76	6	6	2	10	2	0	0	0	0	0	0	0	0	
100	42	12	6	2	10	2	0	0	0	0	0	0	0	0	
101	36	4	8	2	10	2	0	0	0	0	0	0	0	0	
102	43	12	4	2	10	2	0	0	0	0	0	0	0	0	
103	43	12	10	2	10	2	0	0	0	0	0	0	0	0	
104	37	7	2	2	10	2	0	0	0	0	0	0	0	0	
105	43	2	12	2	8	2	0	0	0	0	0	0	0	0	
106	43	2	0	2	10	2	0	0	0	0	0	0	0	0	
107	43	0	6	2	10	2	0	0	0	0	0	0	0	0	
108	6	2	8	2	10	3	0	0	0	0	0	0	0	0	
109	42	10	0	2	10	2	0	0	0	0	0	0	0	0	
110	37	7	2	2	8	2	0	0	0	0	0	0	0	0	
111	42	10	12	2	10	2	0	0	0	0	0	0	0	0	
112	26	10	8	2	10	4	0	0	0	0	0	0	0	0	
113	43	12	8	2	10	2	0	0	0	0	0	0	0	0	
114	23	4	10	2	8	2	0	0	0	0	0	0	0	0	
115	34	8	8	2	10	2	0	0	0	0	0	0	0	0	
116	5	4	6	2	10	2	0	0	0	0	0	0	0	0	
117	37	6	6	2	8	1	0	0	0	0	0	0	0	0	
118	42	6	12	2	8	2	0	0	0	0	0	0	0	0	
119	43	0	0	2	10	2	0	0	0	0	0	0	0	0	
120	36	4	4	2	10	1	0	0	0	0	0	0	0	0	
121	43	12	12	2	10	2	0	0	0	0	0	0	0	0	
122	32	2	8	-999	-999	2	0	0	0	0	0	0	0	0	
19	19	94	94	81	81	124	124	6	6	92	92	50	50	
19	19	94	94	81	81	124	124	6	6	92	92	50	50	
16	16	NULL	NULL	NULL	NULL	NULL	110	110	NULL	NULL	NULL	0	0	
16	16	NULL	NULL	NULL	57	57	110	110	NULL	NULL	NULL	0	0	
68	68	NULL	54	54	57	57	NULL	43	43	NULL	NULL	37	37	
68	68	NULL	54	54	NULL	NULL	NULL	43	43	87	87	37	37	
69	69	66	66	NULL	NULL	117	117	41	41	87	87	51	51	
69	69	66	66	NULL	NULL	117	117	41	41	NULL	NULL	51	51	
25	25	89	89	NULL	70	70	53	53	17	17	NULL	79	79	
25	25	89	89	NULL	70	70	53	53	17	17	NULL	79	79	
56	56	33	33	114	114	74	74	71	71	NULL	NULL	67	67	
56	56	33	33	114	114	74	74	71	71	NULL	NULL	67	67	
61	61	105	105	63	63	118	118	12	12	72	72	55	55	
61	61	105	105	63	63	118	118	12	12	72	72	55	55	
123	37	10	10	2	10	4	0	0	0	0	0	0	0	0	
124	42	6	0	2	8	3	0	0	0	0	0	0	0	0	
125	78	8	4	2	10	4	0	0	0	0	0	0	0	0	
126	43	0	2	2	10	2	0	0	0	0	0	0	0	0	
127	6	8	6	2	10	1	0	0	0	0	0	0	0	0	
128	43	4	0	2	10	2	0	0	0	0	0	0	0	0	
129	43	0	4	2	10	2	0	0	0	0	0	0	0	0	
130	4	4	2	2	10	2	0	1	2	0	0	0	0	0	
131	34	10	6	2	10	2	0	0	0	0	0	0	0	0	
132	78	6	8	2	10	2	0	0	0	0	0	0	0	0	
133	43	4	12	2	10	2	0	0	0	0	0	0	0	0	
134	6	2	4	2	10	1	0	0	0	0	0	0	0	0	
135	40	6	2	-999	-999	2	0	0	0	0	0	0	0	0	
136	27	10	10	10	0	3	0	0	0	0	0	0	0	0	
137	25	2	6	-999	-999	2	0	0	0	0	0	0	0	0	
138	40	18	6	-999	-999	2	0	0	0	0	0	0	0	0	
139	40	20	6	-999	-999	2	0	0	0	0	0	0	0	0	
140	40	16	4	-999	-999	2	0	0	0	0	0	0	0	0	
141	40	6	14	-999	-999	2	0	0	0	0	0	0	0	0	
142	40	6	12	-999	-999	2	0	0	0	0	0	0	0	0	
143	37	9	8	10	20	1	0	0	0	0	0	0	0	0	
144	40	6	8	-999	-999	2	0	0	0	0	0	0	0	0	
145	40	8	6	-999	-999	2	0	0	0	0	0	0	0	0	
146	40	10	6	-999	-999	2	0	0	0	0	0	0	0	0	
147	40	16	10	-999	-999	2	0	0	0	0	0	0	0	0	
148	37	4	9	4	0	1	0	0	0	0	0	0	0	0	
149	5	10	10	4	10	2	0	0	0	0	0	0	0	0	
150	34	7	10	4	0	2	0	0	0	0	0	0	0	0	
151	23	6	0	-999	-999	2	0	0	0	0	0	0	0	0	
152	25	16	0	-999	-999	2	0	0	0	0	0	0	0	0	
153	24	6	4	-999	-999	2	0	0	0	0	0	0	0	0	
154	40	4	16	-999	-999	2	0	0	0	0	0	0	0	0	
155	2	0	22	-999	-999	2	2	2	1000	0	0	0	0	0	
156	40	0	16	-999	-999	2	0	0	0	0	0	0	0	0	
157	26	8	10	10	18	2	0	0	0	0	0	0	0	0	
158	40	6	20	-999	-999	2	0	0	0	0	0	0	0	0	
159	13	22	0	-999	-999	2	100000	0	0	0	0	0	0	0	
160	40	16	16	-999	-999	2	0	0	0	0	0	0	0	0	
161	40	16	14	-999	-999	2	0	0	0	0	0	0	0	0	
162	23	22	6	-999	-999	2	0	0	0	0	0	0	0	0	
163	40	6	18	-999	-999	2	0	0	0	0	0	0	0	0	
164	40	16	8	-999	-999	2	0	0	0	0	0	0	0	0	
165	22	10	16	-999	-999	2	0	0	0	0	0	0	0	0	
166	40	12	16	-999	-999	2	0	0	0	0	0	0	0	0	
167	27	10	10	4	22	3	0	0	0	0	0	0	0	0	
168	40	16	18	-999	-999	2	0	0	0	0	0	0	0	0	
169	25	2	16	-999	-999	2	0	0	0	0	0	0	0	0	
170	4	8	10	10	0	2	0	1	2	0	0	0	0	0	
171	24	6	22	-999	-999	2	0	0	0	0	0	0	0	0	
172	32	0	20	-999	-999	2	0	0	0	0	0	0	0	0	
196	196	191	191	187	187	183	183	179	179	175	175	194	194	
196	196	191	191	187	187	183	183	179	179	175	175	194	194	
192	192	NULL	NULL	NULL	NULL	NULL	212	212	NULL	NULL	NULL	190	190	
192	192	NULL	NULL	NULL	211	211	212	212	NULL	NULL	NULL	190	190	
188	188	NULL	210	210	211	211	NULL	209	209	NULL	NULL	186	186	
188	188	NULL	210	210	NULL	NULL	NULL	209	209	208	208	186	186	
184	184	207	207	NULL	NULL	206	206	205	205	208	208	182	182	
184	184	207	207	NULL	NULL	206	206	205	205	NULL	NULL	182	182	
180	180	204	204	NULL	203	203	202	202	201	201	NULL	178	178	
180	180	204	204	NULL	203	203	202	202	201	201	NULL	178	178	
176	176	200	200	199	199	198	198	197	197	NULL	NULL	174	174	
176	176	200	200	199	199	198	198	197	197	NULL	NULL	174	174	
195	195	189	189	185	185	181	181	177	177	173	173	193	193	
195	195	189	189	185	185	181	181	177	177	173	173	193	193	
173	43	10	12	0	20	2	0	0	0	0	0	0	0	0	
174	43	12	10	0	20	2	0	0	0	0	0	0	0	0	
175	43	10	0	0	20	2	0	0	0	0	0	0	0	0	
176	43	0	10	0	20	2	0	0	0	0	0	0	0	0	
177	43	8	12	0	20	2	0	0	0	0	0	0	0	0	
178	43	12	8	0	20	2	0	0	0	0	0	0	0	0	
179	43	8	0	0	20	2	0	0	0	0	0	0	0	0	
180	43	0	8	0	20	2	0	0	0	0	0	0	0	0	
181	42	6	12	0	20	2	0	0	0	0	0	0	0	0	
182	43	12	6	0	20	2	0	0	0	0	0	0	0	0	
183	42	6	0	0	20	3	0	0	0	0	0	0	0	0	
184	43	0	6	0	20	2	0	0	0	0	0	0	0	0	
185	43	4	12	0	20	2	0	0	0	0	0	0	0	0	
186	43	12	4	0	20	2	0	0	0	0	0	0	0	0	
187	43	4	0	0	20	2	0	0	0	0	0	0	0	0	
188	43	0	4	0	20	2	0	0	0	0	0	0	0	0	
189	43	2	12	0	20	2	0	0	0	0	0	0	0	0	
190	43	12	2	0	20	2	0	0	0	0	0	0	0	0	
191	43	2	0	0	20	2	0	0	0	0	0	0	0	0	
192	43	0	2	0	20	2	0	0	0	0	0	0	0	0	
193	43	12	12	0	20	2	0	0	0	0	0	0	0	0	
194	43	12	0	0	20	2	0	0	0	0	0	0	0	0	
195	43	0	12	0	20	2	0	0	0	0	0	0	0	0	
196	43	0	0	0	20	2	0	0	0	0	0	0	0	0	
197	26	8	10	0	20	2	0	0	0	0	0	0	0	0	
198	37	6	10	0	20	2	0	0	0	0	0	0	0	0	
199	23	4	10	0	20	2	0	0	0	0	0	0	0	0	
200	5	2	10	0	20	2	0	0	0	0	0	0	0	0	
201	37	9	8	0	20	1	0	0	0	0	0	0	0	0	
202	25	7	8	0	20	2	0	0	0	0	0	0	0	0	
203	24	5	8	0	20	2	0	0	0	0	0	0	0	0	
204	37	2	8	0	20	2	0	0	0	0	0	0	0	0	
205	5	8	6	0	20	2	0	0	0	0	0	0	0	0	
206	37	6	6	0	20	1	0	0	0	0	0	0	0	0	
207	37	2	6	0	20	2	0	0	0	0	0	0	0	0	
208	34	10	5	0	20	2	0	0	0	0	0	0	0	0	
209	6	8	4	0	20	2	0	0	0	0	0	0	0	0	
210	37	3	4	0	20	2	0	0	0	0	0	0	0	0	
211	37	5	3	0	20	2	0	0	0	0	0	0	0	0	
212	37	7	2	0	20	2	0	0	0	0	0	0	0	0	
213	32	2	18	-999	-999	2	0	0	0	0	0	0	0	0	
236	236	217	217	221	221	225	225	229	229	233	233	237	237	
236	236	217	217	221	221	225	225	229	229	233	233	237	237	
230	230	241	241	245	245	248	248	NULL	NULL	NULL	NULL	232	232	
230	230	241	241	245	245	248	248	251	251	NULL	NULL	232	232	
226	226	240	240	NULL	NULL	NULL	NULL	251	251	NULL	NULL	228	228	
226	226	240	240	244	244	NULL	NULL	NULL	252	252	NULL	228	228	
222	222	239	239	244	244	247	247	NULL	252	252	NULL	224	224	
222	222	239	239	243	243	247	247	NULL	NULL	253	253	224	224	
218	218	238	238	243	243	246	246	250	250	253	253	220	220	
218	218	238	238	242	242	246	246	250	250	NULL	NULL	220	220	
214	214	NULL	NULL	242	242	NULL	249	249	NULL	NULL	NULL	216	216	
214	214	NULL	NULL	NULL	NULL	NULL	249	249	NULL	NULL	NULL	216	216	
234	234	215	215	219	219	223	223	227	227	231	231	235	235	
234	234	215	215	219	219	223	223	227	227	231	231	235	235	
214	43	0	10	2	18	2	0	0	0	0	0	0	0	0	
215	43	2	12	2	18	2	0	0	0	0	0	0	0	0	
216	43	12	10	2	18	2	0	0	0	0	0	0	0	0	
217	43	2	0	2	18	2	0	0	0	0	0	0	0	0	
218	43	0	8	2	18	2	0	0	0	0	0	0	0	0	
219	43	4	12	2	18	2	0	0	0	0	0	0	0	0	
220	43	12	8	2	18	2	0	0	0	0	0	0	0	0	
221	43	4	0	2	18	2	0	0	0	0	0	0	0	0	
222	42	0	6	2	18	2	0	0	0	0	0	0	0	0	
223	43	6	12	2	18	2	0	0	0	0	0	0	0	0	
224	42	12	6	2	18	3	0	0	0	0	0	0	0	0	
225	43	6	0	2	18	2	0	0	0	0	0	0	0	0	
226	43	0	4	2	18	2	0	0	0	0	0	0	0	0	
227	43	8	12	2	18	2	0	0	0	0	0	0	0	0	
228	43	12	4	2	18	2	0	0	0	0	0	0	0	0	
229	43	8	0	2	18	2	0	0	0	0	0	0	0	0	
230	43	0	2	2	18	2	0	0	0	0	0	0	0	0	
231	43	10	12	2	18	2	0	0	0	0	0	0	0	0	
232	43	12	2	2	18	2	0	0	0	0	0	0	0	0	
233	43	10	0	2	18	2	0	0	0	0	0	0	0	0	
234	43	0	12	2	18	2	0	0	0	0	0	0	0	0	
235	43	12	12	2	18	2	0	0	0	0	0	0	0	0	
236	43	0	0	2	18	2	0	0	0	0	0	0	0	0	
237	43	12	0	2	18	2	0	0	0	0	0	0	0	0	
238	26	2	8	2	18	2	0	0	0	0	0	0	0	0	
239	37	2	6	2	18	2	0	0	0	0	0	0	0	0	
240	23	2	4	2	18	2	0	0	0	0	0	0	0	0	
241	5	2	2	2	18	2	0	0	0	0	0	0	0	0	
242	37	4	9	2	18	1	0	0	0	0	0	0	0	0	
243	25	4	7	2	18	2	0	0	0	0	0	0	0	0	
244	24	4	5	2	18	2	0	0	0	0	0	0	0	0	
245	37	4	2	2	18	2	0	0	0	0	0	0	0	0	
246	5	6	8	2	18	2	0	0	0	0	0	0	0	0	
247	37	6	6	2	18	1	0	0	0	0	0	0	0	0	
248	37	6	2	2	18	2	0	0	0	0	0	0	0	0	
249	34	7	10	2	18	2	0	0	0	0	0	0	0	0	
250	6	8	8	2	18	2	0	0	0	0	0	0	0	0	
251	37	8	3	2	18	2	0	0	0	0	0	0	0	0	
252	37	9	5	2	18	2	0	0	0	0	0	0	0	0	
253	37	10	7	2	18	2	0	0	0	0	0	0	0	0	
254	32	4	20	-999	-999	2	0	0	0	0	0	0	0	0	
275	275	255	255	259	259	263	263	267	267	271	271	277	277	
275	275	255	255	259	259	263	263	267	267	271	271	277	277	
256	256	NULL	NULL	279	279	280	280	281	281	282	282	258	258	
256	256	NULL	NULL	279	279	280	280	281	281	282	282	258	258	
260	260	NULL	283	283	284	284	285	285	NULL	286	286	262	262	
260	260	NULL	283	283	284	284	285	285	NULL	286	286	262	262	
264	264	NULL	NULL	287	287	288	288	NULL	NULL	289	289	266	266	
264	264	290	290	287	287	288	288	NULL	NULL	289	289	266	266	
268	268	290	290	291	291	NULL	NULL	NULL	292	292	NULL	270	270	
268	268	NULL	NULL	291	291	NULL	293	293	292	292	NULL	270	270	
272	272	NULL	NULL	NULL	294	294	293	293	NULL	NULL	NULL	274	274	
272	272	NULL	NULL	NULL	294	294	NULL	NULL	NULL	NULL	NULL	274	274	
276	276	257	257	261	261	265	265	269	269	273	273	278	278	
276	276	257	257	261	261	265	265	269	269	273	273	278	278	
255	43	2	0	4	20	2	0	0	0	0	0	0	0	0	
256	43	0	2	4	20	2	0	0	0	0	0	0	0	0	
257	43	2	12	4	20	2	0	0	0	0	0	0	0	0	
258	43	12	2	4	20	2	0	0	0	0	0	0	0	0	
259	43	4	0	4	20	2	0	0	0	0	0	0	0	0	
260	43	0	4	4	20	2	0	0	0	0	0	0	0	0	
261	43	4	12	4	20	2	0	0	0	0	0	0	0	0	
262	43	12	4	4	20	2	0	0	0	0	0	0	0	0	
263	42	6	0	4	20	2	0	0	0	0	0	0	0	0	
264	43	0	6	4	20	2	0	0	0	0	0	0	0	0	
265	42	6	12	4	20	3	0	0	0	0	0	0	0	0	
266	43	12	6	4	20	2	0	0	0	0	0	0	0	0	
267	43	8	0	4	20	2	0	0	0	0	0	0	0	0	
268	43	0	8	4	20	2	0	0	0	0	0	0	0	0	
269	43	8	12	4	20	2	0	0	0	0	0	0	0	0	
270	43	12	8	4	20	2	0	0	0	0	0	0	0	0	
271	43	10	0	4	20	2	0	0	0	0	0	0	0	0	
272	43	0	10	4	20	2	0	0	0	0	0	0	0	0	
273	43	10	12	4	20	2	0	0	0	0	0	0	0	0	
274	43	12	10	4	20	2	0	0	0	0	0	0	0	0	
275	43	0	0	4	20	2	0	0	0	0	0	0	0	0	
276	43	0	12	4	20	2	0	0	0	0	0	0	0	0	
277	43	12	0	4	20	2	0	0	0	0	0	0	0	0	
278	43	12	12	4	20	2	0	0	0	0	0	0	0	0	
279	26	4	2	4	20	2	0	0	0	0	0	0	0	0	
280	37	6	2	4	20	2	0	0	0	0	0	0	0	0	
281	23	8	2	4	20	2	0	0	0	0	0	0	0	0	
282	5	10	2	4	20	2	0	0	0	0	0	0	0	0	
283	37	3	4	4	20	1	0	0	0	0	0	0	0	0	
284	25	5	4	4	20	2	0	0	0	0	0	0	0	0	
285	24	7	4	4	20	2	0	0	0	0	0	0	0	0	
286	37	10	4	4	20	2	0	0	0	0	0	0	0	0	
287	5	4	6	4	20	2	0	0	0	0	0	0	0	0	
288	37	6	6	4	20	1	0	0	0	0	0	0	0	0	
289	37	10	6	4	20	2	0	0	0	0	0	0	0	0	
290	34	2	7	4	20	2	0	0	0	0	0	0	0	0	
291	6	4	8	4	20	2	0	0	0	0	0	0	0	0	
292	37	9	8	4	20	2	0	0	0	0	0	0	0	0	
293	37	7	9	4	20	2	0	0	0	0	0	0	0	0	
294	37	5	10	4	20	2	0	0	0	0	0	0	0	0	
295	32	0	18	-999	-999	2	0	0	0	0	0	0	0	0	
317	317	298	298	302	302	306	306	310	310	314	314	319	319	
317	317	298	298	302	302	306	306	310	310	314	314	319	319	
313	313	333	333	334	334	335	335	336	336	337	337	315	315	
313	313	333	333	334	334	335	335	336	336	337	337	315	315	
309	309	NULL	NULL	329	329	330	330	331	331	332	332	311	311	
309	309	NULL	NULL	329	329	330	330	331	331	332	332	311	311	
305	305	NULL	NULL	327	327	328	328	NULL	NULL	NULL	NULL	307	307	
305	305	NULL	NULL	327	327	328	328	NULL	NULL	326	326	307	307	
301	301	NULL	NULL	323	323	324	324	325	325	326	326	303	303	
301	301	NULL	NULL	323	323	324	324	325	325	NULL	NULL	303	303	
297	297	320	320	321	321	322	322	NULL	NULL	NULL	NULL	299	299	
297	297	320	320	321	321	322	322	NULL	NULL	NULL	NULL	299	299	
316	316	296	296	300	300	304	304	308	308	312	312	318	318	
316	316	296	296	300	300	304	304	308	308	312	312	318	318	
296	43	2	12	0	18	2	0	0	0	0	0	0	0	0	
297	42	0	10	0	18	2	0	0	0	0	0	0	0	0	
298	43	2	0	0	18	2	0	0	0	0	0	0	0	0	
299	42	12	10	0	18	2	0	0	0	0	0	0	0	0	
300	43	4	12	0	18	2	0	0	0	0	0	0	0	0	
301	43	0	8	0	18	2	0	0	0	0	0	0	0	0	
302	43	4	0	0	18	2	0	0	0	0	0	0	0	0	
303	43	12	8	0	18	2	0	0	0	0	0	0	0	0	
304	42	6	12	0	18	2	0	0	0	0	0	0	0	0	
305	42	0	6	0	18	2	0	0	0	0	0	0	0	0	
306	43	6	0	0	18	2	0	0	0	0	0	0	0	0	
307	42	12	6	0	18	2	0	0	0	0	0	0	0	0	
308	43	8	12	0	18	2	0	0	0	0	0	0	0	0	
309	43	0	4	0	18	2	0	0	0	0	0	0	0	0	
310	43	8	0	0	18	2	0	0	0	0	0	0	0	0	
311	43	12	4	0	18	2	0	0	0	0	0	0	0	0	
312	43	10	12	0	18	2	0	0	0	0	0	0	0	0	
313	43	0	2	0	18	2	0	0	0	0	0	0	0	0	
314	43	10	0	0	18	2	0	0	0	0	0	0	0	0	
315	43	12	2	0	18	2	0	0	0	0	0	0	0	0	
316	43	0	12	0	18	2	0	0	0	0	0	0	0	0	
317	43	0	0	0	18	2	0	0	0	0	0	0	0	0	
318	43	12	12	0	18	2	0	0	0	0	0	0	0	0	
319	43	12	0	0	18	2	0	0	0	0	0	0	0	0	
320	37	2	10	0	18	4	0	0	0	0	0	0	0	0	
321	26	4	10	0	18	4	0	0	0	0	0	0	0	0	
322	34	6	10	0	18	2	0	0	0	0	0	0	0	0	
323	34	4	8	0	18	2	0	0	0	0	0	0	0	0	
324	6	6	8	0	18	1	0	0	0	0	0	0	0	0	
325	78	8	8	0	18	4	0	0	0	0	0	0	0	0	
326	37	10	7	0	18	2	0	0	0	0	0	0	0	0	
327	78	4	6	0	18	2	0	0	0	0	0	0	0	0	
328	76	6	6	0	18	2	0	0	0	0	0	0	0	0	
329	36	4	4	0	18	2	0	0	0	0	0	0	0	0	
330	5	6	4	0	18	2	0	0	0	0	0	0	0	0	
331	36	8	4	0	18	1	0	0	0	0	0	0	0	0	
332	4	10	4	0	18	2	0	1	2	0	0	0	0	0	
333	17	2	2	0	18	2	0	0	0	0	0	0	0	0	
334	6	4	2	0	18	3	0	0	0	0	0	0	0	0	
335	5	6	2	0	18	2	0	0	0	0	0	0	0	0	
336	6	8	2	0	18	1	0	0	0	0	0	0	0	0	
337	27	10	2	0	18	3	0	0	0	0	0	0	0	0	
338	32	4	18	-999	-999	2	0	0	0	0	0	0	0	0	
359	359	340	340	344	344	348	348	352	352	356	356	360	360	
359	359	340	340	344	344	348	348	352	352	356	356	360	360	
339	339	363	363	NULL	NULL	NULL	NULL	NULL	NULL	376	376	341	341	
339	339	363	363	NULL	NULL	NULL	NULL	NULL	NULL	376	376	341	341	
343	343	364	364	366	366	370	370	372	372	377	377	345	345	
343	343	364	364	366	366	370	370	372	372	377	377	345	345	
347	347	365	365	367	367	371	371	373	373	378	378	349	349	
347	347	365	365	367	367	371	371	373	373	378	378	349	349	
351	351	NULL	NULL	368	368	NULL	NULL	374	374	379	379	353	353	
351	351	NULL	NULL	368	368	NULL	NULL	374	374	379	379	353	353	
355	355	NULL	NULL	NULL	369	369	NULL	375	375	380	380	357	357	
355	355	NULL	NULL	NULL	369	369	NULL	375	375	380	380	357	357	
361	361	342	342	346	346	350	350	354	354	358	358	362	362	
361	361	342	342	346	346	350	350	354	354	358	358	362	362	
339	43	0	2	4	18	2	0	0	0	0	0	0	0	0	
340	42	2	0	4	18	2	0	0	0	0	0	0	0	0	
341	43	12	2	4	18	2	0	0	0	0	0	0	0	0	
342	42	2	12	4	18	2	0	0	0	0	0	0	0	0	
343	43	0	4	4	18	2	0	0	0	0	0	0	0	0	
344	43	4	0	4	18	2	0	0	0	0	0	0	0	0	
345	43	12	4	4	18	2	0	0	0	0	0	0	0	0	
346	43	4	12	4	18	2	0	0	0	0	0	0	0	0	
347	42	0	6	4	18	2	0	0	0	0	0	0	0	0	
348	42	6	0	4	18	2	0	0	0	0	0	0	0	0	
349	43	12	6	4	18	2	0	0	0	0	0	0	0	0	
350	42	6	12	4	18	2	0	0	0	0	0	0	0	0	
351	43	0	8	4	18	2	0	0	0	0	0	0	0	0	
352	43	8	0	4	18	2	0	0	0	0	0	0	0	0	
353	43	12	8	4	18	2	0	0	0	0	0	0	0	0	
354	43	8	12	4	18	2	0	0	0	0	0	0	0	0	
355	43	0	10	4	18	2	0	0	0	0	0	0	0	0	
356	43	10	0	4	18	2	0	0	0	0	0	0	0	0	
357	43	12	10	4	18	2	0	0	0	0	0	0	0	0	
358	43	10	12	4	18	2	0	0	0	0	0	0	0	0	
359	43	0	0	4	18	2	0	0	0	0	0	0	0	0	
360	43	12	0	4	18	2	0	0	0	0	0	0	0	0	
361	43	0	12	4	18	2	0	0	0	0	0	0	0	0	
362	43	12	12	4	18	2	0	0	0	0	0	0	0	0	
363	37	2	2	4	18	4	0	0	0	0	0	0	0	0	
364	26	2	4	4	18	4	0	0	0	0	0	0	0	0	
365	34	2	6	4	18	2	0	0	0	0	0	0	0	0	
366	34	4	4	4	18	2	0	0	0	0	0	0	0	0	
367	6	4	6	4	18	1	0	0	0	0	0	0	0	0	
368	78	4	8	4	18	4	0	0	0	0	0	0	0	0	
369	37	5	10	4	18	2	0	0	0	0	0	0	0	0	
370	78	6	4	4	18	2	0	0	0	0	0	0	0	0	
371	76	6	6	4	18	2	0	0	0	0	0	0	0	0	
372	36	8	4	4	18	2	0	0	0	0	0	0	0	0	
373	5	8	6	4	18	2	0	0	0	0	0	0	0	0	
374	36	8	8	4	18	1	0	0	0	0	0	0	0	0	
375	4	8	10	4	18	2	0	1	2	0	0	0	0	0	
376	17	10	2	4	18	2	0	0	0	0	0	0	0	0	
377	6	10	4	4	18	3	0	0	0	0	0	0	0	0	
378	5	10	6	4	18	2	0	0	0	0	0	0	0	0	
379	6	10	8	4	18	1	0	0	0	0	0	0	0	0	
380	27	10	10	4	18	3	0	0	0	0	0	0	0	0	
381	32	4	22	-999	-999	2	0	0	0	0	0	0	0	0	
402	402	382	382	386	386	390	390	394	394	398	398	404	404	
402	402	382	382	386	386	390	390	394	394	398	398	404	404	
383	383	406	406	407	407	408	408	NULL	NULL	NULL	NULL	385	385	
383	383	406	406	407	407	408	408	NULL	NULL	NULL	NULL	385	385	
387	387	NULL	NULL	409	409	410	410	411	411	NULL	NULL	389	389	
387	387	NULL	NULL	409	409	410	410	411	411	412	412	389	389	
391	391	NULL	NULL	413	413	414	414	NULL	NULL	412	412	393	393	
391	391	NULL	NULL	413	413	414	414	NULL	NULL	NULL	NULL	393	393	
395	395	NULL	NULL	415	415	416	416	417	417	418	418	397	397	
395	395	NULL	NULL	415	415	416	416	417	417	418	418	397	397	
399	399	419	419	420	420	421	421	422	422	167	167	401	401	
399	399	419	419	420	420	421	421	422	422	167	167	401	401	
403	403	384	384	388	388	392	392	396	396	400	400	405	405	
403	403	384	384	388	388	392	392	396	396	400	400	405	405	
382	43	2	0	4	22	2	0	0	0	0	0	0	0	0	
383	42	0	2	4	22	2	0	0	0	0	0	0	0	0	
384	43	2	12	4	22	2	0	0	0	0	0	0	0	0	
385	42	12	2	4	22	2	0	0	0	0	0	0	0	0	
386	43	4	0	4	22	2	0	0	0	0	0	0	0	0	
387	43	0	4	4	22	2	0	0	0	0	0	0	0	0	
388	43	4	12	4	22	2	0	0	0	0	0	0	0	0	
389	43	12	4	4	22	2	0	0	0	0	0	0	0	0	
390	42	6	0	4	22	2	0	0	0	0	0	0	0	0	
391	42	0	6	4	22	2	0	0	0	0	0	0	0	0	
392	43	6	12	4	22	2	0	0	0	0	0	0	0	0	
393	42	12	6	4	22	2	0	0	0	0	0	0	0	0	
394	43	8	0	4	22	2	0	0	0	0	0	0	0	0	
395	43	0	8	4	22	2	0	0	0	0	0	0	0	0	
396	43	8	12	4	22	2	0	0	0	0	0	0	0	0	
397	43	12	8	4	22	2	0	0	0	0	0	0	0	0	
398	43	10	0	4	22	2	0	0	0	0	0	0	0	0	
399	43	0	10	4	22	2	0	0	0	0	0	0	0	0	
400	43	10	12	4	22	2	0	0	0	0	0	0	0	0	
401	43	12	10	4	22	2	0	0	0	0	0	0	0	0	
402	43	0	0	4	22	2	0	0	0	0	0	0	0	0	
403	43	0	12	4	22	2	0	0	0	0	0	0	0	0	
404	43	12	0	4	22	2	0	0	0	0	0	0	0	0	
405	43	12	12	4	22	2	0	0	0	0	0	0	0	0	
406	37	2	2	4	22	4	0	0	0	0	0	0	0	0	
407	26	4	2	4	22	4	0	0	0	0	0	0	0	0	
408	34	6	2	4	22	2	0	0	0	0	0	0	0	0	
409	34	4	4	4	22	2	0	0	0	0	0	0	0	0	
410	6	6	4	4	22	1	0	0	0	0	0	0	0	0	
411	78	8	4	4	22	4	0	0	0	0	0	0	0	0	
412	37	10	5	4	22	2	0	0	0	0	0	0	0	0	
413	78	4	6	4	22	2	0	0	0	0	0	0	0	0	
414	76	6	6	4	22	2	0	0	0	0	0	0	0	0	
415	36	4	8	4	22	2	0	0	0	0	0	0	0	0	
416	5	6	8	4	22	2	0	0	0	0	0	0	0	0	
417	36	8	8	4	22	1	0	0	0	0	0	0	0	0	
418	4	10	8	4	22	2	0	1	2	0	0	0	0	0	
419	17	2	10	4	22	2	0	0	0	0	0	0	0	0	
420	6	4	10	4	22	3	0	0	0	0	0	0	0	0	
421	5	6	10	4	22	2	0	0	0	0	0	0	0	0	
422	6	8	10	4	22	1	0	0	0	0	0	0	0	0	
423	26	14	16	-999	-999	2	0	0	0	0	0	0	0	0	
424	32	8	22	-999	-999	2	0	0	0	0	0	0	0	0	
447	447	428	428	432	432	436	436	440	440	444	444	448	448	
447	447	428	428	432	432	436	436	440	440	444	444	448	448	
441	441	452	452	456	456	459	459	NULL	NULL	NULL	NULL	443	443	
441	441	452	452	456	456	459	459	462	462	NULL	NULL	443	443	
437	437	451	451	NULL	NULL	NULL	NULL	462	462	NULL	NULL	439	439	
437	437	451	451	455	455	NULL	NULL	NULL	463	463	NULL	439	439	
433	433	450	450	455	455	458	458	NULL	463	463	NULL	435	435	
433	433	450	450	454	454	458	458	NULL	NULL	464	464	435	435	
429	429	449	449	454	454	457	457	461	461	464	464	431	431	
429	429	449	449	453	453	457	457	461	461	NULL	NULL	431	431	
425	425	NULL	NULL	453	453	NULL	460	460	NULL	NULL	NULL	427	427	
425	425	NULL	NULL	NULL	NULL	NULL	460	460	NULL	NULL	NULL	427	427	
445	445	426	426	430	430	434	434	438	438	442	442	446	446	
445	445	426	426	430	430	434	434	438	438	442	442	446	446	
425	43	0	10	8	22	2	0	0	0	0	0	0	0	0	
426	43	2	12	8	22	2	0	0	0	0	0	0	0	0	
427	43	12	10	8	22	2	0	0	0	0	0	0	0	0	
428	43	2	0	8	22	2	0	0	0	0	0	0	0	0	
429	43	0	8	8	22	2	0	0	0	0	0	0	0	0	
430	43	4	12	8	22	2	0	0	0	0	0	0	0	0	
431	43	12	8	8	22	2	0	0	0	0	0	0	0	0	
432	43	4	0	8	22	2	0	0	0	0	0	0	0	0	
433	42	0	6	8	22	2	0	0	0	0	0	0	0	0	
434	43	6	12	8	22	2	0	0	0	0	0	0	0	0	
435	42	12	6	8	22	3	0	0	0	0	0	0	0	0	
436	43	6	0	8	22	2	0	0	0	0	0	0	0	0	
437	43	0	4	8	22	2	0	0	0	0	0	0	0	0	
438	43	8	12	8	22	2	0	0	0	0	0	0	0	0	
439	43	12	4	8	22	2	0	0	0	0	0	0	0	0	
440	43	8	0	8	22	2	0	0	0	0	0	0	0	0	
441	43	0	2	8	22	2	0	0	0	0	0	0	0	0	
442	43	10	12	8	22	2	0	0	0	0	0	0	0	0	
443	43	12	2	8	22	2	0	0	0	0	0	0	0	0	
444	43	10	0	8	22	2	0	0	0	0	0	0	0	0	
445	43	0	12	8	22	2	0	0	0	0	0	0	0	0	
446	43	12	12	8	22	2	0	0	0	0	0	0	0	0	
447	43	0	0	8	22	2	0	0	0	0	0	0	0	0	
448	43	12	0	8	22	2	0	0	0	0	0	0	0	0	
449	26	2	8	8	22	2	0	0	0	0	0	0	0	0	
450	37	2	6	8	22	2	0	0	0	0	0	0	0	0	
451	23	2	4	8	22	2	0	0	0	0	0	0	0	0	
452	5	2	2	8	22	2	0	0	0	0	0	0	0	0	
453	37	4	9	8	22	1	0	0	0	0	0	0	0	0	
454	25	4	7	8	22	2	0	0	0	0	0	0	0	0	
455	24	4	5	8	22	2	0	0	0	0	0	0	0	0	
456	37	4	2	8	22	2	0	0	0	0	0	0	0	0	
457	5	6	8	8	22	2	0	0	0	0	0	0	0	0	
458	37	6	6	8	22	1	0	0	0	0	0	0	0	0	
459	37	6	2	8	22	2	0	0	0	0	0	0	0	0	
460	34	7	10	8	22	2	0	0	0	0	0	0	0	0	
461	6	8	8	8	22	2	0	0	0	0	0	0	0	0	
462	37	8	3	8	22	2	0	0	0	0	0	0	0	0	
463	37	9	5	8	22	2	0	0	0	0	0	0	0	0	
464	37	10	7	8	22	2	0	0	0	0	0	0	0	0	
465	32	10	22	-999	-999	2	0	0	0	0	0	0	0	0	
488	488	469	469	473	473	477	477	481	481	485	485	489	489	
488	488	469	469	473	473	477	477	481	481	485	485	489	489	
482	482	NULL	NULL	NULL	496	496	NULL	502	502	507	507	484	484	
482	482	NULL	NULL	NULL	496	496	NULL	502	502	507	507	484	484	
478	478	NULL	NULL	495	495	NULL	NULL	501	501	506	506	480	480	
478	478	NULL	NULL	495	495	NULL	NULL	501	501	506	506	480	480	
474	474	492	492	494	494	498	498	500	500	505	505	476	476	
474	474	492	492	494	494	498	498	500	500	505	505	476	476	
470	470	491	491	493	493	497	497	499	499	504	504	472	472	
470	470	491	491	493	493	497	497	499	499	504	504	472	472	
466	466	490	490	NULL	NULL	NULL	NULL	NULL	NULL	503	503	468	468	
466	466	490	490	NULL	NULL	NULL	NULL	NULL	NULL	503	503	468	468	
486	486	467	467	471	471	475	475	479	479	483	483	487	487	
486	486	467	467	471	471	475	475	479	479	483	483	487	487	
466	43	0	10	10	22	2	0	0	0	0	0	0	0	0	
467	42	2	12	10	22	2	0	0	0	0	0	0	0	0	
468	43	12	10	10	22	2	0	0	0	0	0	0	0	0	
469	42	2	0	10	22	2	0	0	0	0	0	0	0	0	
470	43	0	8	10	22	2	0	0	0	0	0	0	0	0	
471	43	4	12	10	22	2	0	0	0	0	0	0	0	0	
472	43	12	8	10	22	2	0	0	0	0	0	0	0	0	
473	43	4	0	10	22	2	0	0	0	0	0	0	0	0	
474	42	0	6	10	22	2	0	0	0	0	0	0	0	0	
475	42	6	12	10	22	2	0	0	0	0	0	0	0	0	
476	43	12	6	10	22	2	0	0	0	0	0	0	0	0	
477	42	6	0	10	22	2	0	0	0	0	0	0	0	0	
478	43	0	4	10	22	2	0	0	0	0	0	0	0	0	
479	43	8	12	10	22	2	0	0	0	0	0	0	0	0	
480	43	12	4	10	22	2	0	0	0	0	0	0	0	0	
481	43	8	0	10	22	2	0	0	0	0	0	0	0	0	
482	43	0	2	10	22	2	0	0	0	0	0	0	0	0	
483	43	10	12	10	22	2	0	0	0	0	0	0	0	0	
484	43	12	2	10	22	2	0	0	0	0	0	0	0	0	
485	43	10	0	10	22	2	0	0	0	0	0	0	0	0	
486	43	0	12	10	22	2	0	0	0	0	0	0	0	0	
487	43	12	12	10	22	2	0	0	0	0	0	0	0	0	
488	43	0	0	10	22	2	0	0	0	0	0	0	0	0	
489	43	12	0	10	22	2	0	0	0	0	0	0	0	0	
490	37	2	10	10	22	4	0	0	0	0	0	0	0	0	
491	26	2	8	10	22	4	0	0	0	0	0	0	0	0	
492	34	2	6	10	22	2	0	0	0	0	0	0	0	0	
493	34	4	8	10	22	2	0	0	0	0	0	0	0	0	
494	6	4	6	10	22	1	0	0	0	0	0	0	0	0	
495	78	4	4	10	22	4	0	0	0	0	0	0	0	0	
496	37	5	2	10	22	2	0	0	0	0	0	0	0	0	
497	78	6	8	10	22	2	0	0	0	0	0	0	0	0	
498	76	6	6	10	22	2	0	0	0	0	0	0	0	0	
499	36	8	8	10	22	2	0	0	0	0	0	0	0	0	
500	5	8	6	10	22	2	0	0	0	0	0	0	0	0	
501	36	8	4	10	22	1	0	0	0	0	0	0	0	0	
502	4	8	2	10	22	2	0	1	2	0	0	0	0	0	
503	17	10	10	10	22	2	0	0	0	0	0	0	0	0	
504	6	10	8	10	22	3	0	0	0	0	0	0	0	0	
505	5	10	6	10	22	2	0	0	0	0	0	0	0	0	
506	6	10	4	10	22	1	0	0	0	0	0	0	0	0	
507	27	10	2	10	22	3	0	0	0	0	0	0	0	0	
508	32	10	20	-999	-999	2	0	0	0	0	0	0	0	0	
531	531	512	512	516	516	520	520	524	524	528	528	532	532	
531	531	512	512	516	516	520	520	524	524	528	528	532	532	
525	525	NULL	NULL	NULL	NULL	NULL	543	543	NULL	NULL	NULL	527	527	
525	525	NULL	NULL	NULL	539	539	543	543	NULL	NULL	NULL	527	527	
521	521	NULL	536	536	539	539	NULL	546	546	NULL	NULL	523	523	
521	521	NULL	536	536	NULL	NULL	NULL	546	546	83	83	523	523	
517	517	535	535	NULL	NULL	541	541	545	545	83	83	519	519	
517	517	535	535	NULL	NULL	541	541	545	545	NULL	NULL	519	519	
513	513	534	534	NULL	538	538	542	542	143	143	NULL	515	515	
513	513	534	534	NULL	538	538	542	542	143	143	NULL	515	515	
509	509	533	533	537	537	540	540	544	544	NULL	NULL	511	511	
509	509	533	533	537	537	540	540	544	544	NULL	NULL	511	511	
529	529	510	510	514	514	518	518	522	522	526	526	530	530	
529	529	510	510	514	514	518	518	522	522	526	526	530	530	
509	43	0	10	10	20	2	0	0	0	0	0	0	0	0	
510	43	2	12	10	20	2	0	0	0	0	0	0	0	0	
511	43	12	10	10	20	2	0	0	0	0	0	0	0	0	
512	43	2	0	10	20	2	0	0	0	0	0	0	0	0	
513	43	0	8	10	20	2	0	0	0	0	0	0	0	0	
514	43	4	12	10	20	2	0	0	0	0	0	0	0	0	
515	43	12	8	10	20	2	0	0	0	0	0	0	0	0	
516	43	4	0	10	20	2	0	0	0	0	0	0	0	0	
517	43	0	6	10	20	2	0	0	0	0	0	0	0	0	
518	42	6	12	10	20	2	0	0	0	0	0	0	0	0	
519	43	12	6	10	20	2	0	0	0	0	0	0	0	0	
520	42	6	0	10	20	3	0	0	0	0	0	0	0	0	
521	43	0	4	10	20	2	0	0	0	0	0	0	0	0	
522	43	8	12	10	20	2	0	0	0	0	0	0	0	0	
523	43	12	4	10	20	2	0	0	0	0	0	0	0	0	
524	43	8	0	10	20	2	0	0	0	0	0	0	0	0	
525	43	0	2	10	20	2	0	0	0	0	0	0	0	0	
526	43	10	12	10	20	2	0	0	0	0	0	0	0	0	
527	43	12	2	10	20	2	0	0	0	0	0	0	0	0	
528	43	10	0	10	20	2	0	0	0	0	0	0	0	0	
529	43	0	12	10	20	2	0	0	0	0	0	0	0	0	
530	43	12	12	10	20	2	0	0	0	0	0	0	0	0	
531	43	0	0	10	20	2	0	0	0	0	0	0	0	0	
532	43	12	0	10	20	2	0	0	0	0	0	0	0	0	
533	5	2	10	10	20	2	0	0	0	0	0	0	0	0	
534	37	2	8	10	20	2	0	0	0	0	0	0	0	0	
535	37	2	6	10	20	2	0	0	0	0	0	0	0	0	
536	37	3	4	10	20	2	0	0	0	0	0	0	0	0	
537	23	4	10	10	20	2	0	0	0	0	0	0	0	0	
538	24	5	8	10	20	2	0	0	0	0	0	0	0	0	
539	37	5	3	10	20	2	0	0	0	0	0	0	0	0	
540	37	6	10	10	20	2	0	0	0	0	0	0	0	0	
541	37	6	6	10	20	1	0	0	0	0	0	0	0	0	
542	25	7	8	10	20	2	0	0	0	0	0	0	0	0	
543	37	7	2	10	20	2	0	0	0	0	0	0	0	0	
544	26	8	10	10	20	2	0	0	0	0	0	0	0	0	
545	5	8	6	10	20	2	0	0	0	0	0	0	0	0	
546	6	8	4	10	20	2	0	0	0	0	0	0	0	0	
547	26	6	10	-999	-999	2	0	0	0	0	0	0	0	0	
548	32	10	14	-999	-999	2	0	0	0	0	0	0	0	0	
571	571	552	552	556	556	560	560	564	564	568	568	572	572	
571	571	552	552	556	556	560	560	564	564	568	568	572	572	
565	565	575	575	578	578	583	583	588	588	590	590	567	567	
565	565	575	575	578	578	583	583	588	588	590	590	567	567	
561	561	574	574	577	577	582	582	587	587	NULL	NULL	563	563	
561	561	574	574	577	577	582	582	587	587	NULL	NULL	563	563	
557	557	NULL	NULL	NULL	NULL	581	581	586	586	NULL	NULL	559	559	
557	557	573	573	NULL	NULL	581	581	586	586	NULL	NULL	559	559	
553	553	573	573	576	576	580	580	585	585	NULL	NULL	555	555	
553	553	NULL	NULL	576	576	580	580	585	585	NULL	NULL	555	555	
549	549	NULL	NULL	NULL	NULL	579	579	584	584	589	589	551	551	
549	549	NULL	NULL	NULL	NULL	579	579	584	584	589	589	551	551	
569	569	550	550	554	554	558	558	562	562	566	566	570	570	
569	569	550	550	554	554	558	558	562	562	566	566	570	570	
549	42	0	10	10	14	2	0	0	0	0	0	0	0	0	
550	43	2	12	10	14	2	0	0	0	0	0	0	0	0	
551	42	12	10	10	14	2	0	0	0	0	0	0	0	0	
552	43	2	0	10	14	2	0	0	0	0	0	0	0	0	
553	43	0	8	10	14	2	0	0	0	0	0	0	0	0	
554	43	4	12	10	14	2	0	0	0	0	0	0	0	0	
555	43	12	8	10	14	2	0	0	0	0	0	0	0	0	
556	43	4	0	10	14	2	0	0	0	0	0	0	0	0	
557	42	0	6	10	14	2	0	0	0	0	0	0	0	0	
558	42	6	12	10	14	2	0	0	0	0	0	0	0	0	
559	42	12	6	10	14	2	0	0	0	0	0	0	0	0	
560	43	6	0	10	14	2	0	0	0	0	0	0	0	0	
561	43	0	4	10	14	2	0	0	0	0	0	0	0	0	
562	43	8	12	10	14	2	0	0	0	0	0	0	0	0	
563	43	12	4	10	14	2	0	0	0	0	0	0	0	0	
564	43	8	0	10	14	2	0	0	0	0	0	0	0	0	
565	43	0	2	10	14	2	0	0	0	0	0	0	0	0	
566	43	10	12	10	14	2	0	0	0	0	0	0	0	0	
567	43	12	2	10	14	2	0	0	0	0	0	0	0	0	
568	43	10	0	10	14	2	0	0	0	0	0	0	0	0	
569	43	0	12	10	14	2	0	0	0	0	0	0	0	0	
570	43	12	12	10	14	2	0	0	0	0	0	0	0	0	
571	43	0	0	10	14	2	0	0	0	0	0	0	0	0	
572	43	12	0	10	14	2	0	0	0	0	0	0	0	0	
573	37	2	7	10	14	2	0	0	0	0	0	0	0	0	
574	4	2	4	10	14	2	0	1	2	0	0	0	0	0	
575	27	2	2	10	14	3	0	0	0	0	0	0	0	0	
576	78	4	8	10	14	4	0	0	0	0	0	0	0	0	
577	36	4	4	10	14	1	0	0	0	0	0	0	0	0	
578	6	4	2	10	14	1	0	0	0	0	0	0	0	0	
579	34	6	10	10	14	2	0	0	0	0	0	0	0	0	
580	6	6	8	10	14	1	0	0	0	0	0	0	0	0	
581	76	6	6	10	14	2	0	0	0	0	0	0	0	0	
582	5	6	4	10	14	2	0	0	0	0	0	0	0	0	
583	5	6	2	10	14	2	0	0	0	0	0	0	0	0	
584	26	8	10	10	14	4	0	0	0	0	0	0	0	0	
585	34	8	8	10	14	2	0	0	0	0	0	0	0	0	
586	78	8	6	10	14	2	0	0	0	0	0	0	0	0	
587	36	8	4	10	14	2	0	0	0	0	0	0	0	0	
588	6	8	2	10	14	3	0	0	0	0	0	0	0	0	
589	37	10	10	10	14	4	0	0	0	0	0	0	0	0	
590	17	10	2	10	14	2	0	0	0	0	0	0	0	0	
591	32	8	14	-999	-999	2	0	0	0	0	0	0	0	0	
612	612	593	593	597	597	601	601	605	605	609	609	613	613	
612	612	593	593	597	597	601	601	605	605	609	609	613	613	
592	592	616	616	621	621	NULL	627	627	NULL	NULL	NULL	594	594	
592	592	616	616	621	621	NULL	627	627	NULL	NULL	NULL	594	594	
596	596	617	617	622	622	NULL	NULL	628	628	NULL	NULL	598	598	
596	596	617	617	622	622	NULL	NULL	628	628	NULL	NULL	598	598	
600	600	618	618	623	623	625	625	629	629	631	631	602	602	
600	600	618	618	623	623	625	625	629	629	631	631	602	602	
604	604	619	619	624	624	626	626	630	630	632	632	606	606	
604	604	619	619	624	624	626	626	630	630	632	632	606	606	
608	608	620	620	NULL	NULL	NULL	NULL	NULL	NULL	633	633	610	610	
608	608	620	620	NULL	NULL	NULL	NULL	NULL	NULL	633	633	610	610	
614	614	595	595	599	599	603	603	607	607	611	611	615	615	
614	614	595	595	599	599	603	603	607	607	611	611	615	615	
592	43	0	2	8	14	2	0	0	0	0	0	0	0	0	
593	43	2	0	8	14	2	0	0	0	0	0	0	0	0	
594	43	12	2	8	14	2	0	0	0	0	0	0	0	0	
595	43	2	12	8	14	2	0	0	0	0	0	0	0	0	
596	43	0	4	8	14	2	0	0	0	0	0	0	0	0	
597	43	4	0	8	14	2	0	0	0	0	0	0	0	0	
598	43	12	4	8	14	2	0	0	0	0	0	0	0	0	
599	43	4	12	8	14	2	0	0	0	0	0	0	0	0	
600	43	0	6	8	14	2	0	0	0	0	0	0	0	0	
601	42	6	0	8	14	2	0	0	0	0	0	0	0	0	
602	42	12	6	8	14	2	0	0	0	0	0	0	0	0	
603	42	6	12	8	14	2	0	0	0	0	0	0	0	0	
604	43	0	8	8	14	2	0	0	0	0	0	0	0	0	
605	43	8	0	8	14	2	0	0	0	0	0	0	0	0	
606	43	12	8	8	14	2	0	0	0	0	0	0	0	0	
607	43	8	12	8	14	2	0	0	0	0	0	0	0	0	
608	43	0	10	8	14	2	0	0	0	0	0	0	0	0	
609	42	10	0	8	14	2	0	0	0	0	0	0	0	0	
610	43	12	10	8	14	2	0	0	0	0	0	0	0	0	
611	42	10	12	8	14	2	0	0	0	0	0	0	0	0	
612	43	0	0	8	14	2	0	0	0	0	0	0	0	0	
613	43	12	0	8	14	2	0	0	0	0	0	0	0	0	
614	43	0	12	8	14	2	0	0	0	0	0	0	0	0	
615	43	12	12	8	14	2	0	0	0	0	0	0	0	0	
616	27	2	2	8	14	3	0	0	0	0	0	0	0	0	
617	6	2	4	8	14	1	0	0	0	0	0	0	0	0	
618	5	2	6	8	14	2	0	0	0	0	0	0	0	0	
619	6	2	8	8	14	3	0	0	0	0	0	0	0	0	
620	17	2	10	8	14	2	0	0	0	0	0	0	0	0	
621	4	4	2	8	14	2	0	1	2	0	0	0	0	0	
622	36	4	4	8	14	1	0	0	0	0	0	0	0	0	
623	5	4	6	8	14	2	0	0	0	0	0	0	0	0	
624	36	4	8	8	14	2	0	0	0	0	0	0	0	0	
625	76	6	6	8	14	2	0	0	0	0	0	0	0	0	
626	78	6	8	8	14	2	0	0	0	0	0	0	0	0	
627	37	7	2	8	14	2	0	0	0	0	0	0	0	0	
628	78	8	4	8	14	4	0	0	0	0	0	0	0	0	
629	6	8	6	8	14	1	0	0	0	0	0	0	0	0	
630	34	8	8	8	14	2	0	0	0	0	0	0	0	0	
631	34	10	6	8	14	2	0	0	0	0	0	0	0	0	
632	26	10	8	8	14	4	0	0	0	0	0	0	0	0	
633	37	10	10	8	14	4	0	0	0	0	0	0	0	0	
634	32	8	12	-999	-999	2	0	0	0	0	0	0	0	0	
656	656	652	652	648	648	644	644	640	640	636	636	655	655	
656	656	652	652	648	648	644	644	640	640	636	636	655	655	
637	637	675	675	670	670	665	665	662	662	659	659	635	635	
637	637	675	675	670	670	665	665	662	662	659	659	635	635	
641	641	NULL	NULL	671	671	666	666	663	663	660	660	639	639	
641	641	NULL	NULL	671	671	666	666	663	663	660	660	639	639	
645	645	NULL	NULL	672	672	667	667	NULL	NULL	NULL	NULL	643	643	
645	645	NULL	NULL	672	672	667	667	NULL	NULL	661	661	643	643	
649	649	NULL	NULL	673	673	668	668	664	664	661	661	647	647	
649	649	NULL	NULL	673	673	668	668	664	664	NULL	NULL	647	647	
653	653	676	676	674	674	669	669	NULL	NULL	NULL	NULL	651	651	
653	653	676	676	674	674	669	669	NULL	NULL	NULL	NULL	651	651	
658	658	654	654	650	650	646	646	642	642	638	638	657	657	
658	658	654	654	650	650	646	646	642	642	638	638	657	657	
635	43	12	2	8	12	2	0	0	0	0	0	0	0	0	
636	43	10	0	8	12	2	0	0	0	0	0	0	0	0	
637	43	0	2	8	12	2	0	0	0	0	0	0	0	0	
638	43	10	12	8	12	2	0	0	0	0	0	0	0	0	
639	43	12	4	8	12	2	0	0	0	0	0	0	0	0	
640	43	8	0	8	12	2	0	0	0	0	0	0	0	0	
641	43	0	4	8	12	2	0	0	0	0	0	0	0	0	
642	43	8	12	8	12	2	0	0	0	0	0	0	0	0	
643	42	12	6	8	12	2	0	0	0	0	0	0	0	0	
644	43	6	0	8	12	2	0	0	0	0	0	0	0	0	
645	42	0	6	8	12	2	0	0	0	0	0	0	0	0	
646	42	6	12	8	12	2	0	0	0	0	0	0	0	0	
647	43	12	8	8	12	2	0	0	0	0	0	0	0	0	
648	43	4	0	8	12	2	0	0	0	0	0	0	0	0	
649	43	0	8	8	12	2	0	0	0	0	0	0	0	0	
650	43	4	12	8	12	2	0	0	0	0	0	0	0	0	
651	42	12	10	8	12	2	0	0	0	0	0	0	0	0	
652	43	2	0	8	12	2	0	0	0	0	0	0	0	0	
653	42	0	10	8	12	2	0	0	0	0	0	0	0	0	
654	43	2	12	8	12	2	0	0	0	0	0	0	0	0	
655	43	12	0	8	12	2	0	0	0	0	0	0	0	0	
656	43	0	0	8	12	2	0	0	0	0	0	0	0	0	
657	43	12	12	8	12	2	0	0	0	0	0	0	0	0	
658	43	0	12	8	12	2	0	0	0	0	0	0	0	0	
659	27	10	2	8	12	3	0	0	0	0	0	0	0	0	
660	4	10	4	8	12	2	0	1	2	0	0	0	0	0	
661	37	10	7	8	12	2	0	0	0	0	0	0	0	0	
662	6	8	2	8	12	1	0	0	0	0	0	0	0	0	
663	36	8	4	8	12	1	0	0	0	0	0	0	0	0	
664	78	8	8	8	12	4	0	0	0	0	0	0	0	0	
665	5	6	2	8	12	2	0	0	0	0	0	0	0	0	
666	5	6	4	8	12	2	0	0	0	0	0	0	0	0	
667	76	6	6	8	12	2	0	0	0	0	0	0	0	0	
668	6	6	8	8	12	1	0	0	0	0	0	0	0	0	
669	34	6	10	8	12	2	0	0	0	0	0	0	0	0	
670	6	4	2	8	12	3	0	0	0	0	0	0	0	0	
671	36	4	4	8	12	2	0	0	0	0	0	0	0	0	
672	78	4	6	8	12	2	0	0	0	0	0	0	0	0	
673	34	4	8	8	12	2	0	0	0	0	0	0	0	0	
674	26	4	10	8	12	4	0	0	0	0	0	0	0	0	
675	17	2	2	8	12	2	0	0	0	0	0	0	0	0	
676	37	2	10	8	12	4	0	0	0	0	0	0	0	0	
677	32	10	12	-999	-999	2	0	0	0	0	0	0	0	0	
699	699	695	695	691	691	687	687	683	683	679	679	698	698	
699	699	695	695	691	691	687	687	683	683	679	679	698	698	
680	680	714	714	710	710	707	707	NULL	NULL	NULL	NULL	678	678	
680	680	714	714	710	710	707	707	704	704	NULL	NULL	678	678	
684	684	715	715	NULL	NULL	NULL	NULL	704	704	NULL	NULL	682	682	
684	684	715	715	711	711	NULL	NULL	NULL	703	703	NULL	682	682	
688	688	716	716	711	711	708	708	NULL	703	703	NULL	686	686	
688	688	716	716	712	712	708	708	NULL	NULL	702	702	686	686	
692	692	717	717	712	712	709	709	705	705	702	702	690	690	
692	692	717	717	713	713	709	709	705	705	NULL	NULL	690	690	
696	696	NULL	NULL	713	713	NULL	706	706	NULL	NULL	NULL	694	694	
696	696	NULL	NULL	NULL	NULL	NULL	706	706	NULL	NULL	NULL	694	694	
701	701	697	697	693	693	689	689	685	685	681	681	700	700	
701	701	697	697	693	693	689	689	685	685	681	681	700	700	
678	43	12	2	10	12	2	0	0	0	0	0	0	0	0	
679	43	10	0	10	12	2	0	0	0	0	0	0	0	0	
680	43	0	2	10	12	2	0	0	0	0	0	0	0	0	
681	43	10	12	10	12	2	0	0	0	0	0	0	0	0	
682	43	12	4	10	12	2	0	0	0	0	0	0	0	0	
683	43	8	0	10	12	2	0	0	0	0	0	0	0	0	
684	43	0	4	10	12	2	0	0	0	0	0	0	0	0	
685	43	8	12	10	12	2	0	0	0	0	0	0	0	0	
686	42	12	6	10	12	3	0	0	0	0	0	0	0	0	
687	43	6	0	10	12	2	0	0	0	0	0	0	0	0	
688	42	0	6	10	12	2	0	0	0	0	0	0	0	0	
689	43	6	12	10	12	2	0	0	0	0	0	0	0	0	
690	43	12	8	10	12	2	0	0	0	0	0	0	0	0	
691	43	4	0	10	12	2	0	0	0	0	0	0	0	0	
692	43	0	8	10	12	2	0	0	0	0	0	0	0	0	
693	43	4	12	10	12	2	0	0	0	0	0	0	0	0	
694	43	12	10	10	12	2	0	0	0	0	0	0	0	0	
695	43	2	0	10	12	2	0	0	0	0	0	0	0	0	
696	43	0	10	10	12	2	0	0	0	0	0	0	0	0	
697	43	2	12	10	12	2	0	0	0	0	0	0	0	0	
698	43	12	0	10	12	2	0	0	0	0	0	0	0	0	
699	43	0	0	10	12	2	0	0	0	0	0	0	0	0	
700	43	12	12	10	12	2	0	0	0	0	0	0	0	0	
701	43	0	12	10	12	2	0	0	0	0	0	0	0	0	
702	37	10	7	10	12	2	0	0	0	0	0	0	0	0	
703	37	9	5	10	12	2	0	0	0	0	0	0	0	0	
704	37	8	3	10	12	2	0	0	0	0	0	0	0	0	
705	6	8	8	10	12	2	0	0	0	0	0	0	0	0	
706	34	7	10	10	12	2	0	0	0	0	0	0	0	0	
707	37	6	2	10	12	2	0	0	0	0	0	0	0	0	
708	37	6	6	10	12	1	0	0	0	0	0	0	0	0	
709	5	6	8	10	12	2	0	0	0	0	0	0	0	0	
710	37	4	2	10	12	2	0	0	0	0	0	0	0	0	
711	24	4	5	10	12	2	0	0	0	0	0	0	0	0	
712	25	4	7	10	12	2	0	0	0	0	0	0	0	0	
713	37	4	9	10	12	1	0	0	0	0	0	0	0	0	
714	5	2	2	10	12	2	0	0	0	0	0	0	0	0	
715	23	2	4	10	12	2	0	0	0	0	0	0	0	0	
716	37	2	6	10	12	2	0	0	0	0	0	0	0	0	
717	26	2	8	10	12	2	0	0	0	0	0	0	0	0	
718	32	12	12	-999	-999	2	0	0	0	0	0	0	0	0	
741	741	735	735	731	731	727	727	723	723	719	719	739	739	
741	741	735	735	731	731	727	727	723	723	719	719	739	739	
722	722	NULL	NULL	NULL	745	745	NULL	744	744	743	743	720	720	
722	722	NULL	NULL	NULL	745	745	NULL	744	744	743	743	720	720	
726	726	NULL	NULL	748	748	NULL	NULL	747	747	746	746	724	724	
726	726	NULL	NULL	748	748	NULL	NULL	747	747	746	746	724	724	
730	730	753	753	752	752	751	751	750	750	749	749	728	728	
730	730	753	753	752	752	751	751	750	750	749	749	728	728	
734	734	758	758	757	757	756	756	755	755	754	754	732	732	
734	734	758	758	757	757	756	756	755	755	754	754	732	732	
738	738	760	760	NULL	NULL	NULL	NULL	NULL	NULL	759	759	736	736	
738	738	760	760	NULL	NULL	NULL	NULL	NULL	NULL	759	759	736	736	
742	742	737	737	733	733	729	729	725	725	721	721	740	740	
742	742	737	737	733	733	729	729	725	725	721	721	740	740	
719	43	10	0	12	12	2	0	0	0	0	0	0	0	0	
720	43	12	2	12	12	2	0	0	0	0	0	0	0	0	
721	43	10	12	12	12	2	0	0	0	0	0	0	0	0	
722	43	0	2	12	12	2	0	0	0	0	0	0	0	0	
723	43	8	0	12	12	2	0	0	0	0	0	0	0	0	
724	43	12	4	12	12	2	0	0	0	0	0	0	0	0	
725	43	8	12	12	12	2	0	0	0	0	0	0	0	0	
726	43	0	4	12	12	2	0	0	0	0	0	0	0	0	
727	42	6	0	12	12	2	0	0	0	0	0	0	0	0	
728	43	12	6	12	12	2	0	0	0	0	0	0	0	0	
729	42	6	12	12	12	2	0	0	0	0	0	0	0	0	
730	42	0	6	12	12	2	0	0	0	0	0	0	0	0	
731	43	4	0	12	12	2	0	0	0	0	0	0	0	0	
732	43	12	8	12	12	2	0	0	0	0	0	0	0	0	
733	43	4	12	12	12	2	0	0	0	0	0	0	0	0	
734	43	0	8	12	12	2	0	0	0	0	0	0	0	0	
735	42	2	0	12	12	2	0	0	0	0	0	0	0	0	
736	43	12	10	12	12	2	0	0	0	0	0	0	0	0	
737	42	2	12	12	12	2	0	0	0	0	0	0	0	0	
738	43	0	10	12	12	2	0	0	0	0	0	0	0	0	
739	43	12	0	12	12	2	0	0	0	0	0	0	0	0	
740	43	12	12	12	12	2	0	0	0	0	0	0	0	0	
741	43	0	0	12	12	2	0	0	0	0	0	0	0	0	
742	43	0	12	12	12	2	0	0	0	0	0	0	0	0	
743	27	10	2	12	12	3	0	0	0	0	0	0	0	0	
744	4	8	2	12	12	2	0	1	2	0	0	0	0	0	
745	37	5	2	12	12	2	0	0	0	0	0	0	0	0	
746	6	10	4	12	12	1	0	0	0	0	0	0	0	0	
747	36	8	4	12	12	1	0	0	0	0	0	0	0	0	
748	78	4	4	12	12	4	0	0	0	0	0	0	0	0	
749	5	10	6	12	12	2	0	0	0	0	0	0	0	0	
750	5	8	6	12	12	2	0	0	0	0	0	0	0	0	
751	76	6	6	12	12	2	0	0	0	0	0	0	0	0	
752	6	4	6	12	12	1	0	0	0	0	0	0	0	0	
753	34	2	6	12	12	2	0	0	0	0	0	0	0	0	
754	6	10	8	12	12	3	0	0	0	0	0	0	0	0	
755	36	8	8	12	12	2	0	0	0	0	0	0	0	0	
756	78	6	8	12	12	2	0	0	0	0	0	0	0	0	
757	34	4	8	12	12	2	0	0	0	0	0	0	0	0	
758	26	2	8	12	12	4	0	0	0	0	0	0	0	0	
759	17	10	10	12	12	2	0	0	0	0	0	0	0	0	
760	37	2	10	12	12	4	0	0	0	0	0	0	0	0	
761	32	12	10	-999	-999	2	0	0	0	0	0	0	0	0	
784	784	765	765	769	769	773	773	777	777	781	781	785	785	
784	784	765	765	769	769	773	773	777	777	781	781	785	785	
778	778	NULL	NULL	NULL	NULL	NULL	796	796	NULL	NULL	NULL	780	780	
778	778	NULL	NULL	NULL	792	792	796	796	NULL	NULL	NULL	780	780	
774	774	NULL	789	789	792	792	NULL	799	799	NULL	NULL	776	776	
774	774	NULL	789	789	NULL	NULL	NULL	799	799	801	801	776	776	
770	770	788	788	NULL	NULL	794	794	798	798	801	801	772	772	
770	770	788	788	NULL	NULL	794	794	798	798	NULL	NULL	772	772	
766	766	787	787	NULL	791	791	795	795	800	800	NULL	768	768	
766	766	787	787	NULL	791	791	795	795	800	800	NULL	768	768	
762	762	786	786	790	790	793	793	797	797	NULL	NULL	764	764	
762	762	786	786	790	790	793	793	797	797	NULL	NULL	764	764	
782	782	763	763	767	767	771	771	775	775	779	779	783	783	
782	782	763	763	767	767	771	771	775	775	779	779	783	783	
762	43	0	10	12	10	2	0	0	0	0	0	0	0	0	
763	43	2	12	12	10	2	0	0	0	0	0	0	0	0	
764	43	12	10	12	10	2	0	0	0	0	0	0	0	0	
765	43	2	0	12	10	2	0	0	0	0	0	0	0	0	
766	43	0	8	12	10	2	0	0	0	0	0	0	0	0	
767	43	4	12	12	10	2	0	0	0	0	0	0	0	0	
768	43	12	8	12	10	2	0	0	0	0	0	0	0	0	
769	43	4	0	12	10	2	0	0	0	0	0	0	0	0	
770	43	0	6	12	10	2	0	0	0	0	0	0	0	0	
771	42	6	12	12	10	2	0	0	0	0	0	0	0	0	
772	43	12	6	12	10	2	0	0	0	0	0	0	0	0	
773	42	6	0	12	10	3	0	0	0	0	0	0	0	0	
774	43	0	4	12	10	2	0	0	0	0	0	0	0	0	
775	43	8	12	12	10	2	0	0	0	0	0	0	0	0	
776	43	12	4	12	10	2	0	0	0	0	0	0	0	0	
777	43	8	0	12	10	2	0	0	0	0	0	0	0	0	
778	43	0	2	12	10	2	0	0	0	0	0	0	0	0	
779	43	10	12	12	10	2	0	0	0	0	0	0	0	0	
780	43	12	2	12	10	2	0	0	0	0	0	0	0	0	
781	43	10	0	12	10	2	0	0	0	0	0	0	0	0	
782	43	0	12	12	10	2	0	0	0	0	0	0	0	0	
783	43	12	12	12	10	2	0	0	0	0	0	0	0	0	
784	43	0	0	12	10	2	0	0	0	0	0	0	0	0	
785	43	12	0	12	10	2	0	0	0	0	0	0	0	0	
786	5	2	10	12	10	2	0	0	0	0	0	0	0	0	
787	37	2	8	12	10	2	0	0	0	0	0	0	0	0	
788	37	2	6	12	10	2	0	0	0	0	0	0	0	0	
789	37	3	4	12	10	2	0	0	0	0	0	0	0	0	
790	23	4	10	12	10	2	0	0	0	0	0	0	0	0	
791	24	5	8	12	10	2	0	0	0	0	0	0	0	0	
792	37	5	3	12	10	2	0	0	0	0	0	0	0	0	
793	37	6	10	12	10	2	0	0	0	0	0	0	0	0	
794	37	6	6	12	10	1	0	0	0	0	0	0	0	0	
795	25	7	8	12	10	2	0	0	0	0	0	0	0	0	
796	37	7	2	12	10	2	0	0	0	0	0	0	0	0	
797	26	8	10	12	10	2	0	0	0	0	0	0	0	0	
798	5	8	6	12	10	2	0	0	0	0	0	0	0	0	
799	6	8	4	12	10	2	0	0	0	0	0	0	0	0	
800	37	9	8	12	10	1	0	0	0	0	0	0	0	0	
801	34	10	5	12	10	2	0	0	0	0	0	0	0	0	
802	32	12	8	-999	-999	2	0	0	0	0	0	0	0	0	
825	825	806	806	810	810	814	814	818	818	822	822	826	826	
825	825	806	806	810	810	814	814	818	818	822	822	826	826	
819	819	829	829	832	832	837	837	842	842	844	844	821	821	
819	819	829	829	832	832	837	837	842	842	844	844	821	821	
815	815	828	828	831	831	836	836	841	841	NULL	NULL	817	817	
815	815	828	828	831	831	836	836	841	841	NULL	NULL	817	817	
811	811	NULL	NULL	NULL	NULL	835	835	840	840	NULL	NULL	813	813	
811	811	827	827	NULL	NULL	835	835	840	840	NULL	NULL	813	813	
807	807	827	827	830	830	834	834	839	839	NULL	NULL	809	809	
807	807	NULL	NULL	830	830	834	834	839	839	NULL	NULL	809	809	
803	803	NULL	NULL	NULL	NULL	833	833	838	838	843	843	805	805	
803	803	NULL	NULL	NULL	NULL	833	833	838	838	843	843	805	805	
823	823	804	804	808	808	812	812	816	816	820	820	824	824	
823	823	804	804	808	808	812	812	816	816	820	820	824	824	
803	42	0	10	12	8	2	0	0	0	0	0	0	0	0	
804	43	2	12	12	8	2	0	0	0	0	0	0	0	0	
805	42	12	10	12	8	2	0	0	0	0	0	0	0	0	
806	43	2	0	12	8	2	0	0	0	0	0	0	0	0	
807	43	0	8	12	8	2	0	0	0	0	0	0	0	0	
808	43	4	12	12	8	2	0	0	0	0	0	0	0	0	
809	43	12	8	12	8	2	0	0	0	0	0	0	0	0	
810	43	4	0	12	8	2	0	0	0	0	0	0	0	0	
811	42	0	6	12	8	2	0	0	0	0	0	0	0	0	
812	42	6	12	12	8	2	0	0	0	0	0	0	0	0	
813	42	12	6	12	8	2	0	0	0	0	0	0	0	0	
814	43	6	0	12	8	2	0	0	0	0	0	0	0	0	
815	43	0	4	12	8	2	0	0	0	0	0	0	0	0	
816	43	8	12	12	8	2	0	0	0	0	0	0	0	0	
817	43	12	4	12	8	2	0	0	0	0	0	0	0	0	
818	43	8	0	12	8	2	0	0	0	0	0	0	0	0	
819	43	0	2	12	8	2	0	0	0	0	0	0	0	0	
820	43	10	12	12	8	2	0	0	0	0	0	0	0	0	
821	43	12	2	12	8	2	0	0	0	0	0	0	0	0	
822	43	10	0	12	8	2	0	0	0	0	0	0	0	0	
823	43	0	12	12	8	2	0	0	0	0	0	0	0	0	
824	43	12	12	12	8	2	0	0	0	0	0	0	0	0	
825	43	0	0	12	8	2	0	0	0	0	0	0	0	0	
826	43	12	0	12	8	2	0	0	0	0	0	0	0	0	
827	37	2	7	12	8	2	0	0	0	0	0	0	0	0	
828	4	2	4	12	8	2	0	1	2	0	0	0	0	0	
829	27	2	2	12	8	3	0	0	0	0	0	0	0	0	
830	78	4	8	12	8	4	0	0	0	0	0	0	0	0	
831	36	4	4	12	8	1	0	0	0	0	0	0	0	0	
832	6	4	2	12	8	1	0	0	0	0	0	0	0	0	
833	34	6	10	12	8	2	0	0	0	0	0	0	0	0	
834	6	6	8	12	8	1	0	0	0	0	0	0	0	0	
835	76	6	6	12	8	2	0	0	0	0	0	0	0	0	
836	5	6	4	12	8	2	0	0	0	0	0	0	0	0	
837	5	6	2	12	8	2	0	0	0	0	0	0	0	0	
838	26	8	10	12	8	4	0	0	0	0	0	0	0	0	
839	34	8	8	12	8	2	0	0	0	0	0	0	0	0	
840	78	8	6	12	8	2	0	0	0	0	0	0	0	0	
841	36	8	4	12	8	2	0	0	0	0	0	0	0	0	
842	6	8	2	12	8	3	0	0	0	0	0	0	0	0	
843	37	10	10	12	8	4	0	0	0	0	0	0	0	0	
844	17	10	2	12	8	2	0	0	0	0	0	0	0	0	
845	32	10	8	-999	-999	2	0	0	0	0	0	0	0	0	
868	868	849	849	853	853	857	857	861	861	865	865	869	869	
868	868	849	849	853	853	857	857	861	861	865	865	869	869	
862	862	NULL	NULL	NULL	874	874	NULL	NULL	NULL	NULL	NULL	864	864	
862	862	NULL	NULL	NULL	874	874	NULL	881	881	NULL	NULL	864	864	
858	858	NULL	NULL	873	873	877	877	881	881	885	885	860	860	
858	858	870	870	873	873	877	877	880	880	885	885	860	860	
854	854	870	870	NULL	NULL	876	876	880	880	884	884	856	856	
854	854	NULL	871	871	NULL	876	876	879	879	884	884	856	856	
850	850	NULL	871	871	NULL	NULL	NULL	879	879	883	883	852	852	
850	850	NULL	NULL	872	872	NULL	NULL	NULL	NULL	883	883	852	852	
846	846	NULL	NULL	872	872	875	875	878	878	882	882	848	848	
846	846	NULL	NULL	NULL	NULL	875	875	878	878	882	882	848	848	
866	866	847	847	851	851	855	855	859	859	863	863	867	867	
866	866	847	847	851	851	855	855	859	859	863	863	867	867	
846	43	0	10	10	8	2	0	0	0	0	0	0	0	0	
847	43	2	12	10	8	2	0	0	0	0	0	0	0	0	
848	43	12	10	10	8	2	0	0	0	0	0	0	0	0	
849	43	2	0	10	8	2	0	0	0	0	0	0	0	0	
850	43	0	8	10	8	2	0	0	0	0	0	0	0	0	
851	43	4	12	10	8	2	0	0	0	0	0	0	0	0	
852	43	12	8	10	8	2	0	0	0	0	0	0	0	0	
853	43	4	0	10	8	2	0	0	0	0	0	0	0	0	
854	42	0	6	10	8	3	0	0	0	0	0	0	0	0	
855	43	6	12	10	8	2	0	0	0	0	0	0	0	0	
856	42	12	6	10	8	2	0	0	0	0	0	0	0	0	
857	43	6	0	10	8	2	0	0	0	0	0	0	0	0	
858	43	0	4	10	8	2	0	0	0	0	0	0	0	0	
859	43	8	12	10	8	2	0	0	0	0	0	0	0	0	
860	43	12	4	10	8	2	0	0	0	0	0	0	0	0	
861	43	8	0	10	8	2	0	0	0	0	0	0	0	0	
862	43	0	2	10	8	2	0	0	0	0	0	0	0	0	
863	43	10	12	10	8	2	0	0	0	0	0	0	0	0	
864	43	12	2	10	8	2	0	0	0	0	0	0	0	0	
865	43	10	0	10	8	2	0	0	0	0	0	0	0	0	
866	43	0	12	10	8	2	0	0	0	0	0	0	0	0	
867	43	12	12	10	8	2	0	0	0	0	0	0	0	0	
868	43	0	0	10	8	2	0	0	0	0	0	0	0	0	
869	43	12	0	10	8	2	0	0	0	0	0	0	0	0	
870	37	2	5	10	8	2	0	0	0	0	0	0	0	0	
871	37	3	7	10	8	2	0	0	0	0	0	0	0	0	
872	37	4	9	10	8	2	0	0	0	0	0	0	0	0	
873	6	4	4	10	8	2	0	0	0	0	0	0	0	0	
874	34	5	2	10	8	2	0	0	0	0	0	0	0	0	
875	37	6	10	10	8	2	0	0	0	0	0	0	0	0	
876	37	6	6	10	8	1	0	0	0	0	0	0	0	0	
877	5	6	4	10	8	2	0	0	0	0	0	0	0	0	
878	37	8	10	10	8	2	0	0	0	0	0	0	0	0	
879	24	8	7	10	8	2	0	0	0	0	0	0	0	0	
880	25	8	5	10	8	2	0	0	0	0	0	0	0	0	
881	37	8	3	10	8	1	0	0	0	0	0	0	0	0	
882	5	10	10	10	8	2	0	0	0	0	0	0	0	0	
883	23	10	8	10	8	2	0	0	0	0	0	0	0	0	
884	37	10	6	10	8	2	0	0	0	0	0	0	0	0	
885	26	10	4	10	8	2	0	0	0	0	0	0	0	0	
886	32	8	8	-999	-999	2	0	0	0	0	0	0	0	0	
909	909	890	890	894	894	898	898	902	902	906	906	910	910	
909	909	890	890	894	894	898	898	902	902	906	906	910	910	
903	903	915	915	NULL	NULL	NULL	NULL	NULL	NULL	928	928	905	905	
903	903	915	915	NULL	NULL	NULL	NULL	NULL	NULL	928	928	905	905	
899	899	914	914	919	919	921	921	925	925	927	927	901	901	
899	899	914	914	919	919	921	921	925	925	927	927	901	901	
895	895	913	913	918	918	920	920	924	924	926	926	897	897	
895	895	913	913	918	918	920	920	924	924	926	926	897	897	
891	891	912	912	917	917	NULL	NULL	923	923	NULL	NULL	893	893	
891	891	912	912	917	917	NULL	NULL	923	923	NULL	NULL	893	893	
887	887	911	911	916	916	NULL	922	922	NULL	NULL	NULL	889	889	
887	887	911	911	916	916	NULL	922	922	NULL	NULL	NULL	889	889	
907	907	888	888	892	892	896	896	900	900	904	904	908	908	
907	907	888	888	892	892	896	896	900	900	904	904	908	908	
887	43	0	10	8	8	2	0	0	0	0	0	0	0	0	
888	43	2	12	8	8	2	0	0	0	0	0	0	0	0	
889	43	12	10	8	8	2	0	0	0	0	0	0	0	0	
890	43	2	0	8	8	2	0	0	0	0	0	0	0	0	
891	43	0	8	8	8	2	0	0	0	0	0	0	0	0	
892	43	4	12	8	8	2	0	0	0	0	0	0	0	0	
893	43	12	8	8	8	2	0	0	0	0	0	0	0	0	
894	43	4	0	8	8	2	0	0	0	0	0	0	0	0	
895	43	0	6	8	8	2	0	0	0	0	0	0	0	0	
896	42	6	12	8	8	2	0	0	0	0	0	0	0	0	
897	42	12	6	8	8	2	0	0	0	0	0	0	0	0	
898	42	6	0	8	8	2	0	0	0	0	0	0	0	0	
899	43	0	4	8	8	2	0	0	0	0	0	0	0	0	
900	43	8	12	8	8	2	0	0	0	0	0	0	0	0	
901	43	12	4	8	8	2	0	0	0	0	0	0	0	0	
902	43	8	0	8	8	2	0	0	0	0	0	0	0	0	
903	43	0	2	8	8	2	0	0	0	0	0	0	0	0	
904	42	10	12	8	8	2	0	0	0	0	0	0	0	0	
905	43	12	2	8	8	2	0	0	0	0	0	0	0	0	
906	42	10	0	8	8	2	0	0	0	0	0	0	0	0	
907	43	0	12	8	8	2	0	0	0	0	0	0	0	0	
908	43	12	12	8	8	2	0	0	0	0	0	0	0	0	
909	43	0	0	8	8	2	0	0	0	0	0	0	0	0	
910	43	12	0	8	8	2	0	0	0	0	0	0	0	0	
911	27	2	10	8	8	3	0	0	0	0	0	0	0	0	
912	6	2	8	8	8	1	0	0	0	0	0	0	0	0	
913	5	2	6	8	8	2	0	0	0	0	0	0	0	0	
914	6	2	4	8	8	3	0	0	0	0	0	0	0	0	
915	17	2	2	8	8	2	0	0	0	0	0	0	0	0	
916	4	4	10	8	8	2	0	1	2	0	0	0	0	0	
917	36	4	8	8	8	1	0	0	0	0	0	0	0	0	
918	5	4	6	8	8	2	0	0	0	0	0	0	0	0	
919	36	4	4	8	8	2	0	0	0	0	0	0	0	0	
920	76	6	6	8	8	2	0	0	0	0	0	0	0	0	
921	78	6	4	8	8	2	0	0	0	0	0	0	0	0	
922	37	7	10	8	8	2	0	0	0	0	0	0	0	0	
923	78	8	8	8	8	4	0	0	0	0	0	0	0	0	
924	6	8	6	8	8	1	0	0	0	0	0	0	0	0	
925	34	8	4	8	8	2	0	0	0	0	0	0	0	0	
926	34	10	6	8	8	2	0	0	0	0	0	0	0	0	
927	26	10	4	8	8	4	0	0	0	0	0	0	0	0	
928	37	10	2	8	8	4	0	0	0	0	0	0	0	0	
929	32	8	10	-999	-999	2	0	0	0	0	0	0	0	0	
953	953	949	949	945	945	941	941	937	937	933	933	952	952	
953	953	949	949	945	945	941	941	937	937	933	933	952	952	
948	948	NULL	NULL	NULL	NULL	965	965	960	960	955	955	946	946	
948	948	NULL	NULL	NULL	NULL	965	965	960	960	955	955	946	946	
944	944	NULL	NULL	968	968	964	964	959	959	NULL	NULL	942	942	
944	944	971	971	968	968	964	964	959	959	NULL	NULL	942	942	
940	940	971	971	NULL	NULL	963	963	958	958	NULL	NULL	938	938	
940	940	NULL	NULL	NULL	NULL	963	963	958	958	NULL	NULL	938	938	
936	936	970	970	967	967	962	962	957	957	NULL	NULL	934	934	
936	936	970	970	967	967	962	962	957	957	NULL	NULL	934	934	
932	932	969	969	966	966	961	961	956	956	954	954	930	930	
932	932	969	969	966	966	961	961	956	956	954	954	930	930	
951	951	947	947	943	943	939	939	935	935	931	931	950	950	
951	951	947	947	943	943	939	939	935	935	931	931	950	950	
930	43	12	10	8	10	2	0	0	0	0	0	0	0	0	
931	43	10	12	8	10	2	0	0	0	0	0	0	0	0	
932	43	0	10	8	10	2	0	0	0	0	0	0	0	0	
933	43	10	0	8	10	2	0	0	0	0	0	0	0	0	
934	43	12	8	8	10	2	0	0	0	0	0	0	0	0	
935	43	8	12	8	10	2	0	0	0	0	0	0	0	0	
936	43	0	8	8	10	2	0	0	0	0	0	0	0	0	
937	43	8	0	8	10	2	0	0	0	0	0	0	0	0	
938	42	12	6	8	10	2	0	0	0	0	0	0	0	0	
939	43	6	12	8	10	2	0	0	0	0	0	0	0	0	
940	42	0	6	8	10	2	0	0	0	0	0	0	0	0	
941	42	6	0	8	10	2	0	0	0	0	0	0	0	0	
942	43	12	4	8	10	2	0	0	0	0	0	0	0	0	
943	43	4	12	8	10	2	0	0	0	0	0	0	0	0	
944	43	0	4	8	10	2	0	0	0	0	0	0	0	0	
945	43	4	0	8	10	2	0	0	0	0	0	0	0	0	
946	42	12	2	8	10	2	0	0	0	0	0	0	0	0	
947	43	2	12	8	10	2	0	0	0	0	0	0	0	0	
948	42	0	2	8	10	2	0	0	0	0	0	0	0	0	
949	43	2	0	8	10	2	0	0	0	0	0	0	0	0	
950	43	12	12	8	10	2	0	0	0	0	0	0	0	0	
951	43	0	12	8	10	2	0	0	0	0	0	0	0	0	
952	43	12	0	8	10	2	0	0	0	0	0	0	0	0	
953	43	0	0	8	10	2	0	0	0	0	0	0	0	0	
954	17	10	10	8	10	2	0	0	0	0	0	0	0	0	
955	37	10	2	8	10	4	0	0	0	0	0	0	0	0	
956	6	8	10	8	10	3	0	0	0	0	0	0	0	0	
957	36	8	8	8	10	2	0	0	0	0	0	0	0	0	
958	78	8	6	8	10	2	0	0	0	0	0	0	0	0	
959	34	8	4	8	10	2	0	0	0	0	0	0	0	0	
960	26	8	2	8	10	4	0	0	0	0	0	0	0	0	
961	5	6	10	8	10	2	0	0	0	0	0	0	0	0	
962	5	6	8	8	10	2	0	0	0	0	0	0	0	0	
963	76	6	6	8	10	2	0	0	0	0	0	0	0	0	
964	6	6	4	8	10	1	0	0	0	0	0	0	0	0	
965	34	6	2	8	10	2	0	0	0	0	0	0	0	0	
966	6	4	10	8	10	1	0	0	0	0	0	0	0	0	
967	36	4	8	8	10	1	0	0	0	0	0	0	0	0	
968	78	4	4	8	10	4	0	0	0	0	0	0	0	0	
969	27	2	10	8	10	3	0	0	0	0	0	0	0	0	
970	4	2	8	8	10	2	0	1	2	0	0	0	0	0	
971	37	2	5	8	10	2	0	0	0	0	0	0	0	0	
972	32	4	10	-999	-999	2	0	0	0	0	0	0	0	0	
993	993	973	973	977	977	981	981	985	985	989	989	995	995	
993	993	973	973	977	977	981	981	985	985	989	989	995	995	
974	974	NULL	NULL	NULL	997	997	NULL	NULL	NULL	NULL	NULL	976	976	
974	974	NULL	NULL	NULL	997	997	NULL	998	998	NULL	NULL	976	976	
978	978	NULL	NULL	999	999	1000	1000	998	998	1001	1001	980	980	
978	978	1002	1002	999	999	1000	1000	1003	1003	1001	1001	980	980	
982	982	1002	1002	NULL	NULL	1004	1004	1003	1003	1005	1005	984	984	
982	982	NULL	1006	1006	NULL	1004	1004	1007	1007	1005	1005	984	984	
986	986	NULL	1006	1006	NULL	NULL	NULL	1007	1007	1008	1008	988	988	
986	986	NULL	NULL	1009	1009	NULL	NULL	NULL	NULL	1008	1008	988	988	
990	990	NULL	NULL	1009	1009	1010	1010	93	93	149	149	992	992	
990	990	NULL	NULL	NULL	NULL	1010	1010	93	93	149	149	992	992	
994	994	975	975	979	979	983	983	987	987	991	991	996	996	
994	994	975	975	979	979	983	983	987	987	991	991	996	996	
973	43	2	0	4	10	2	0	0	0	0	0	0	0	0	
974	43	0	2	4	10	2	0	0	0	0	0	0	0	0	
975	43	2	12	4	10	2	0	0	0	0	0	0	0	0	
976	43	12	2	4	10	2	0	0	0	0	0	0	0	0	
977	43	4	0	4	10	2	0	0	0	0	0	0	0	0	
978	43	0	4	4	10	2	0	0	0	0	0	0	0	0	
979	43	4	12	4	10	2	0	0	0	0	0	0	0	0	
980	43	12	4	4	10	2	0	0	0	0	0	0	0	0	
981	43	6	0	4	10	2	0	0	0	0	0	0	0	0	
982	42	0	6	4	10	3	0	0	0	0	0	0	0	0	
983	43	6	12	4	10	2	0	0	0	0	0	0	0	0	
984	42	12	6	4	10	2	0	0	0	0	0	0	0	0	
985	43	8	0	4	10	2	0	0	0	0	0	0	0	0	
986	43	0	8	4	10	2	0	0	0	0	0	0	0	0	
987	43	8	12	4	10	2	0	0	0	0	0	0	0	0	
988	43	12	8	4	10	2	0	0	0	0	0	0	0	0	
989	43	10	0	4	10	2	0	0	0	0	0	0	0	0	
990	43	0	10	4	10	2	0	0	0	0	0	0	0	0	
991	43	10	12	4	10	2	0	0	0	0	0	0	0	0	
992	43	12	10	4	10	2	0	0	0	0	0	0	0	0	
993	43	0	0	4	10	2	0	0	0	0	0	0	0	0	
994	43	0	12	4	10	2	0	0	0	0	0	0	0	0	
995	43	12	0	4	10	2	0	0	0	0	0	0	0	0	
996	43	12	12	4	10	2	0	0	0	0	0	0	0	0	
997	34	5	2	4	10	2	0	0	0	0	0	0	0	0	
998	37	8	3	4	10	1	0	0	0	0	0	0	0	0	
999	6	4	4	4	10	2	0	0	0	0	0	0	0	0	
1000	5	6	4	4	10	2	0	0	0	0	0	0	0	0	
1001	26	10	4	4	10	2	0	0	0	0	0	0	0	0	
1002	37	2	5	4	10	2	0	0	0	0	0	0	0	0	
1003	25	8	5	4	10	2	0	0	0	0	0	0	0	0	
1004	37	6	6	4	10	1	0	0	0	0	0	0	0	0	
1005	37	10	6	4	10	2	0	0	0	0	0	0	0	0	
1006	37	3	7	4	10	2	0	0	0	0	0	0	0	0	
1007	24	8	7	4	10	2	0	0	0	0	0	0	0	0	
1008	23	10	8	4	10	2	0	0	0	0	0	0	0	0	
1009	37	4	9	4	10	2	0	0	0	0	0	0	0	0	
1010	37	6	10	4	10	2	0	0	0	0	0	0	0	0	
1011	40	14	6	-999	-999	2	0	0	0	0	0	0	0	0	
1012	26	16	12	-999	-999	2	0	0	0	0	0	0	0	0	
1013	32	2	4	-999	-999	2	0	0	0	0	0	0	0	0	
1034	1034	1014	1014	1018	1018	1022	1022	1026	1026	1030	1030	1036	1036	
1034	1034	1014	1014	1018	1018	1022	1022	1026	1026	1030	1030	1036	1036	
1015	1015	NULL	NULL	NULL	NULL	NULL	1038	1038	NULL	NULL	NULL	1017	1017	
1015	1015	NULL	NULL	NULL	1039	1039	1038	1038	NULL	NULL	NULL	1017	1017	
1019	1019	NULL	1040	1040	1039	1039	NULL	1041	1041	NULL	NULL	1021	1021	
1019	1019	NULL	1040	1040	NULL	NULL	NULL	1041	1041	1042	1042	1021	1021	
1023	1023	1043	1043	NULL	NULL	1044	1044	1045	1045	1042	1042	1025	1025	
1023	1023	1043	1043	NULL	NULL	1044	1044	1045	1045	NULL	NULL	1025	1025	
1027	1027	1046	1046	NULL	1047	1047	1048	1048	1049	1049	NULL	1029	1029	
1027	1027	1046	1046	NULL	1047	1047	1048	1048	1049	1049	NULL	1029	1029	
1031	1031	1050	1050	1051	1051	1052	1052	1053	1053	NULL	NULL	1033	1033	
1031	1031	1050	1050	1051	1051	1052	1052	1053	1053	NULL	NULL	1033	1033	
1035	1035	1016	1016	1020	1020	1024	1024	1028	1028	1032	1032	1037	1037	
1035	1035	1016	1016	1020	1020	1024	1024	1028	1028	1032	1032	1037	1037	
1014	43	2	0	2	4	2	0	0	0	0	0	0	0	0	
1015	43	0	2	2	4	2	0	0	0	0	0	0	0	0	
1016	43	2	12	2	4	2	0	0	0	0	0	0	0	0	
1017	43	12	2	2	4	2	0	0	0	0	0	0	0	0	
1018	43	4	0	2	4	2	0	0	0	0	0	0	0	0	
1019	43	0	4	2	4	2	0	0	0	0	0	0	0	0	
1020	43	4	12	2	4	2	0	0	0	0	0	0	0	0	
1021	43	12	4	2	4	2	0	0	0	0	0	0	0	0	
1022	42	6	0	2	4	3	0	0	0	0	0	0	0	0	
1023	43	0	6	2	4	2	0	0	0	0	0	0	0	0	
1024	42	6	12	2	4	2	0	0	0	0	0	0	0	0	
1025	43	12	6	2	4	2	0	0	0	0	0	0	0	0	
1026	43	8	0	2	4	2	0	0	0	0	0	0	0	0	
1027	43	0	8	2	4	2	0	0	0	0	0	0	0	0	
1028	43	8	12	2	4	2	0	0	0	0	0	0	0	0	
1029	43	12	8	2	4	2	0	0	0	0	0	0	0	0	
1030	43	10	0	2	4	2	0	0	0	0	0	0	0	0	
1031	43	0	10	2	4	2	0	0	0	0	0	0	0	0	
1032	43	10	12	2	4	2	0	0	0	0	0	0	0	0	
1033	43	12	10	2	4	2	0	0	0	0	0	0	0	0	
1034	43	0	0	2	4	2	0	0	0	0	0	0	0	0	
1035	43	0	12	2	4	2	0	0	0	0	0	0	0	0	
1036	43	12	0	2	4	2	0	0	0	0	0	0	0	0	
1037	43	12	12	2	4	2	0	0	0	0	0	0	0	0	
1038	37	7	2	2	4	2	0	0	0	0	0	0	0	0	
1039	37	5	3	2	4	2	0	0	0	0	0	0	0	0	
1040	37	3	4	2	4	2	0	0	0	0	0	0	0	0	
1041	6	8	4	2	4	2	0	0	0	0	0	0	0	0	
1042	34	10	5	2	4	2	0	0	0	0	0	0	0	0	
1043	37	2	6	2	4	2	0	0	0	0	0	0	0	0	
1044	37	6	6	2	4	1	0	0	0	0	0	0	0	0	
1045	5	8	6	2	4	2	0	0	0	0	0	0	0	0	
1046	37	2	8	2	4	2	0	0	0	0	0	0	0	0	
1047	24	5	8	2	4	2	0	0	0	0	0	0	0	0	
1048	25	7	8	2	4	2	0	0	0	0	0	0	0	0	
1049	37	9	8	2	4	1	0	0	0	0	0	0	0	0	
1050	5	2	10	2	4	2	0	0	0	0	0	0	0	0	
1051	23	4	10	2	4	2	0	0	0	0	0	0	0	0	
1052	37	6	10	2	4	2	0	0	0	0	0	0	0	0	
1053	26	8	10	2	4	2	0	0	0	0	0	0	0	0	
1054	32	2	2	-999	-999	2	0	0	0	0	0	0	0	0	
1075	1075	1055	1055	1059	1059	1063	1063	1067	1067	1071	1071	1077	1077	
1075	1075	1055	1055	1059	1059	1063	1063	1067	1067	1071	1071	1077	1077	
1056	1056	NULL	NULL	NULL	NULL	NULL	1079	1079	NULL	NULL	NULL	1058	1058	
1056	1056	NULL	NULL	NULL	1080	1080	1079	1079	NULL	NULL	NULL	1058	1058	
1060	1060	NULL	1081	1081	1080	1080	NULL	1082	1082	NULL	NULL	1062	1062	
1060	1060	NULL	1081	1081	NULL	NULL	NULL	1082	1082	1083	1083	1062	1062	
1064	1064	1084	1084	NULL	NULL	1085	1085	1086	1086	1083	1083	1066	1066	
1064	1064	1084	1084	NULL	NULL	1085	1085	1086	1086	NULL	NULL	1066	1066	
1068	1068	1087	1087	NULL	1088	1088	1089	1089	1090	1090	NULL	1070	1070	
1068	1068	1087	1087	NULL	1088	1088	1089	1089	1090	1090	NULL	1070	1070	
1072	1072	1091	1091	1092	1092	1093	1093	1094	1094	NULL	NULL	1074	1074	
1072	1072	1091	1091	1092	1092	1093	1093	1094	1094	NULL	NULL	1074	1074	
1076	1076	1057	1057	1061	1061	1065	1065	1069	1069	1073	1073	1078	1078	
1076	1076	1057	1057	1061	1061	1065	1065	1069	1069	1073	1073	1078	1078	
1055	43	2	0	2	2	2	0	0	0	0	0	0	0	0	
1056	43	0	2	2	2	2	0	0	0	0	0	0	0	0	
1057	43	2	12	2	2	2	0	0	0	0	0	0	0	0	
1058	43	12	2	2	2	2	0	0	0	0	0	0	0	0	
1059	43	4	0	2	2	2	0	0	0	0	0	0	0	0	
1060	43	0	4	2	2	2	0	0	0	0	0	0	0	0	
1061	43	4	12	2	2	2	0	0	0	0	0	0	0	0	
1062	43	12	4	2	2	2	0	0	0	0	0	0	0	0	
1063	42	6	0	2	2	3	0	0	0	0	0	0	0	0	
1064	43	0	6	2	2	2	0	0	0	0	0	0	0	0	
1065	42	6	12	2	2	2	0	0	0	0	0	0	0	0	
1066	43	12	6	2	2	2	0	0	0	0	0	0	0	0	
1067	43	8	0	2	2	2	0	0	0	0	0	0	0	0	
1068	43	0	8	2	2	2	0	0	0	0	0	0	0	0	
1069	43	8	12	2	2	2	0	0	0	0	0	0	0	0	
1070	43	12	8	2	2	2	0	0	0	0	0	0	0	0	
1071	43	10	0	2	2	2	0	0	0	0	0	0	0	0	
1072	43	0	10	2	2	2	0	0	0	0	0	0	0	0	
1073	43	10	12	2	2	2	0	0	0	0	0	0	0	0	
1074	43	12	10	2	2	2	0	0	0	0	0	0	0	0	
1075	43	0	0	2	2	2	0	0	0	0	0	0	0	0	
1076	43	0	12	2	2	2	0	0	0	0	0	0	0	0	
1077	43	12	0	2	2	2	0	0	0	0	0	0	0	0	
1078	43	12	12	2	2	2	0	0	0	0	0	0	0	0	
1079	37	7	2	2	2	2	0	0	0	0	0	0	0	0	
1080	37	5	3	2	2	2	0	0	0	0	0	0	0	0	
1081	37	3	4	2	2	2	0	0	0	0	0	0	0	0	
1082	6	8	4	2	2	2	0	0	0	0	0	0	0	0	
1083	34	10	5	2	2	2	0	0	0	0	0	0	0	0	
1084	37	2	6	2	2	2	0	0	0	0	0	0	0	0	
1085	37	6	6	2	2	1	0	0	0	0	0	0	0	0	
1086	5	8	6	2	2	2	0	0	0	0	0	0	0	0	
1087	37	2	8	2	2	2	0	0	0	0	0	0	0	0	
1088	24	5	8	2	2	2	0	0	0	0	0	0	0	0	
1089	25	7	8	2	2	2	0	0	0	0	0	0	0	0	
1090	37	9	8	2	2	1	0	0	0	0	0	0	0	0	
1091	5	2	10	2	2	2	0	0	0	0	0	0	0	0	
1092	23	4	10	2	2	2	0	0	0	0	0	0	0	0	
1093	37	6	10	2	2	2	0	0	0	0	0	0	0	0	
1094	26	8	10	2	2	2	0	0	0	0	0	0	0	0	
1095	32	2	0	-999	-999	2	0	0	0	0	0	0	0	0	
1116	1116	1096	1096	1100	1100	1104	1104	1108	1108	1112	1112	1118	1118	
1116	1116	1096	1096	1100	1100	1104	1104	1108	1108	1112	1112	1118	1118	
1097	1097	1120	1120	1121	1121	1122	1122	1123	1123	1124	1124	1099	1099	
1097	1097	1120	1120	1121	1121	1122	1122	1123	1123	1124	1124	1099	1099	
1101	1101	NULL	NULL	1125	1125	1126	1126	1127	1127	1128	1128	1103	1103	
1101	1101	NULL	NULL	1125	1125	1126	1126	1127	1127	1128	1128	1103	1103	
1105	1105	NULL	NULL	1129	1129	1130	1130	NULL	NULL	NULL	NULL	1107	1107	
1105	1105	NULL	NULL	1129	1129	1130	1130	NULL	NULL	1131	1131	1107	1107	
1109	1109	NULL	NULL	1132	1132	1133	1133	1134	1134	1131	1131	1111	1111	
1109	1109	NULL	NULL	1132	1132	1133	1133	1134	1134	NULL	NULL	1111	1111	
1113	1113	1135	1135	1136	1136	1137	1137	NULL	NULL	NULL	NULL	1115	1115	
1113	1113	1135	1135	1136	1136	1137	1137	NULL	NULL	NULL	NULL	1115	1115	
1117	1117	1098	1098	1102	1102	1106	1106	1110	1110	1114	1114	1119	1119	
1117	1117	1098	1098	1102	1102	1106	1106	1110	1110	1114	1114	1119	1119	
1096	43	2	0	2	0	2	0	0	0	0	0	0	0	0	
1097	43	0	2	2	0	2	0	0	0	0	0	0	0	0	
1098	43	2	12	2	0	2	0	0	0	0	0	0	0	0	
1099	43	12	2	2	0	2	0	0	0	0	0	0	0	0	
1100	43	4	0	2	0	2	0	0	0	0	0	0	0	0	
1101	43	0	4	2	0	2	0	0	0	0	0	0	0	0	
1102	43	4	12	2	0	2	0	0	0	0	0	0	0	0	
1103	43	12	4	2	0	2	0	0	0	0	0	0	0	0	
1104	43	6	0	2	0	2	0	0	0	0	0	0	0	0	
1105	42	0	6	2	0	2	0	0	0	0	0	0	0	0	
1106	42	6	12	2	0	2	0	0	0	0	0	0	0	0	
1107	42	12	6	2	0	2	0	0	0	0	0	0	0	0	
1108	43	8	0	2	0	2	0	0	0	0	0	0	0	0	
1109	43	0	8	2	0	2	0	0	0	0	0	0	0	0	
1110	43	8	12	2	0	2	0	0	0	0	0	0	0	0	
1111	43	12	8	2	0	2	0	0	0	0	0	0	0	0	
1112	43	10	0	2	0	2	0	0	0	0	0	0	0	0	
1113	42	0	10	2	0	2	0	0	0	0	0	0	0	0	
1114	43	10	12	2	0	2	0	0	0	0	0	0	0	0	
1115	42	12	10	2	0	2	0	0	0	0	0	0	0	0	
1116	43	0	0	2	0	2	0	0	0	0	0	0	0	0	
1117	43	0	12	2	0	2	0	0	0	0	0	0	0	0	
1118	43	12	0	2	0	2	0	0	0	0	0	0	0	0	
1119	43	12	12	2	0	2	0	0	0	0	0	0	0	0	
1120	17	2	2	2	0	2	0	0	0	0	0	0	0	0	
1121	6	4	2	2	0	3	0	0	0	0	0	0	0	0	
1122	5	6	2	2	0	2	0	0	0	0	0	0	0	0	
1123	6	8	2	2	0	1	0	0	0	0	0	0	0	0	
1124	27	10	2	2	0	3	0	0	0	0	0	0	0	0	
1125	36	4	4	2	0	2	0	0	0	0	0	0	0	0	
1126	5	6	4	2	0	2	0	0	0	0	0	0	0	0	
1127	36	8	4	2	0	1	0	0	0	0	0	0	0	0	
1128	4	10	4	2	0	2	0	1	2	0	0	0	0	0	
1129	78	4	6	2	0	2	0	0	0	0	0	0	0	0	
1130	76	6	6	2	0	2	0	0	0	0	0	0	0	0	
1131	37	10	7	2	0	2	0	0	0	0	0	0	0	0	
1132	34	4	8	2	0	2	0	0	0	0	0	0	0	0	
1133	6	6	8	2	0	1	0	0	0	0	0	0	0	0	
1134	78	8	8	2	0	4	0	0	0	0	0	0	0	0	
1135	37	2	10	2	0	4	0	0	0	0	0	0	0	0	
1136	26	4	10	2	0	4	0	0	0	0	0	0	0	0	
1137	34	6	10	2	0	2	0	0	0	0	0	0	0	0	
1138	40	16	2	-999	-999	2	0	0	0	0	0	0	0	0	
1139	32	4	0	-999	-999	2	0	0	0	0	0	0	0	0	
1160	1160	1140	1140	1144	1144	1148	1148	1152	1152	1156	1156	1162	1162	
1160	1160	1140	1140	1144	1144	1148	1148	1152	1152	1156	1156	1162	1162	
1141	1141	1164	1164	1165	1165	1166	1166	NULL	NULL	NULL	NULL	1143	1143	
1141	1141	1164	1164	1165	1165	1166	1166	1167	1167	NULL	NULL	1143	1143	
1145	1145	1168	1168	NULL	NULL	NULL	NULL	1167	1167	NULL	NULL	1147	1147	
1145	1145	1168	1168	1169	1169	NULL	NULL	NULL	1170	1170	NULL	1147	1147	
1149	1149	1171	1171	1169	1169	1172	1172	NULL	1170	1170	NULL	1151	1151	
1149	1149	1171	1171	1173	1173	1172	1172	NULL	NULL	1174	1174	1151	1151	
1153	1153	1175	1175	1173	1173	1176	1176	1177	1177	1174	1174	1155	1155	
1153	1153	1175	1175	148	148	1176	1176	1177	1177	NULL	NULL	1155	1155	
1157	1157	NULL	NULL	148	148	NULL	150	150	NULL	NULL	NULL	1159	1159	
1157	1157	NULL	NULL	NULL	NULL	NULL	150	150	NULL	NULL	NULL	1159	1159	
1161	1161	1142	1142	1146	1146	1150	1150	1154	1154	1158	1158	1163	1163	
1161	1161	1142	1142	1146	1146	1150	1150	1154	1154	1158	1158	1163	1163	
1140	43	2	0	4	0	2	0	0	0	0	0	0	0	0	
1141	43	0	2	4	0	2	0	0	0	0	0	0	0	0	
1142	43	2	12	4	0	2	0	0	0	0	0	0	0	0	
1143	43	12	2	4	0	2	0	0	0	0	0	0	0	0	
1144	43	4	0	4	0	2	0	0	0	0	0	0	0	0	
1145	43	0	4	4	0	2	0	0	0	0	0	0	0	0	
1146	43	4	12	4	0	2	0	0	0	0	0	0	0	0	
1147	43	12	4	4	0	2	0	0	0	0	0	0	0	0	
1148	43	6	0	4	0	2	0	0	0	0	0	0	0	0	
1149	42	0	6	4	0	2	0	0	0	0	0	0	0	0	
1150	43	6	12	4	0	2	0	0	0	0	0	0	0	0	
1151	42	12	6	4	0	3	0	0	0	0	0	0	0	0	
1152	43	8	0	4	0	2	0	0	0	0	0	0	0	0	
1153	43	0	8	4	0	2	0	0	0	0	0	0	0	0	
1154	43	8	12	4	0	2	0	0	0	0	0	0	0	0	
1155	43	12	8	4	0	2	0	0	0	0	0	0	0	0	
1156	43	10	0	4	0	2	0	0	0	0	0	0	0	0	
1157	43	0	10	4	0	2	0	0	0	0	0	0	0	0	
1158	43	10	12	4	0	2	0	0	0	0	0	0	0	0	
1159	43	12	10	4	0	2	0	0	0	0	0	0	0	0	
1160	43	0	0	4	0	2	0	0	0	0	0	0	0	0	
1161	43	0	12	4	0	2	0	0	0	0	0	0	0	0	
1162	43	12	0	4	0	2	0	0	0	0	0	0	0	0	
1163	43	12	12	4	0	2	0	0	0	0	0	0	0	0	
1164	5	2	2	4	0	2	0	0	0	0	0	0	0	0	
1165	37	4	2	4	0	2	0	0	0	0	0	0	0	0	
1166	37	6	2	4	0	2	0	0	0	0	0	0	0	0	
1167	37	8	3	4	0	2	0	0	0	0	0	0	0	0	
1168	23	2	4	4	0	2	0	0	0	0	0	0	0	0	
1169	24	4	5	4	0	2	0	0	0	0	0	0	0	0	
1170	37	9	5	4	0	2	0	0	0	0	0	0	0	0	
1171	37	2	6	4	0	2	0	0	0	0	0	0	0	0	
1172	37	6	6	4	0	1	0	0	0	0	0	0	0	0	
1173	25	4	7	4	0	2	0	0	0	0	0	0	0	0	
1174	37	10	7	4	0	2	0	0	0	0	0	0	0	0	
1175	26	2	8	4	0	2	0	0	0	0	0	0	0	0	
1176	5	6	8	4	0	2	0	0	0	0	0	0	0	0	
1177	6	8	8	4	0	2	0	0	0	0	0	0	0	0	
1178	23	12	6	-999	-999	2	0	0	0	0	0	0	0	0	
1179	32	18	0	-999	-999	2	0	0	0	0	0	0	0	0	
1200	1200	1180	1180	1184	1184	1188	1188	1192	1192	1196	1196	1202	1202	
1200	1200	1180	1180	1184	1184	1188	1188	1192	1192	1196	1196	1202	1202	
1181	1181	1204	1204	1205	1205	1206	1206	NULL	NULL	NULL	NULL	1183	1183	
1181	1181	1204	1204	1205	1205	1206	1206	1207	1207	NULL	NULL	1183	1183	
1185	1185	1208	1208	NULL	NULL	NULL	NULL	1207	1207	NULL	NULL	1187	1187	
1185	1185	1208	1208	1209	1209	NULL	NULL	NULL	1210	1210	NULL	1187	1187	
1189	1189	1211	1211	1209	1209	1212	1212	NULL	1210	1210	NULL	1191	1191	
1189	1189	1211	1211	1213	1213	1212	1212	NULL	NULL	1214	1214	1191	1191	
1193	1193	1215	1215	1213	1213	1216	1216	1217	1217	1214	1214	1195	1195	
1193	1193	1215	1215	1218	1218	1216	1216	1217	1217	NULL	NULL	1195	1195	
1197	1197	NULL	NULL	1218	1218	NULL	1219	1219	NULL	NULL	NULL	1199	1199	
1197	1197	NULL	NULL	NULL	NULL	NULL	1219	1219	NULL	NULL	NULL	1199	1199	
1201	1201	1182	1182	1186	1186	1190	1190	1194	1194	1198	1198	1203	1203	
1201	1201	1182	1182	1186	1186	1190	1190	1194	1194	1198	1198	1203	1203	
1180	43	2	0	18	0	2	0	0	0	0	0	0	0	0	
1181	43	0	2	18	0	2	0	0	0	0	0	0	0	0	
1182	43	2	12	18	0	2	0	0	0	0	0	0	0	0	
1183	43	12	2	18	0	2	0	0	0	0	0	0	0	0	
1184	43	4	0	18	0	2	0	0	0	0	0	0	0	0	
1185	43	0	4	18	0	2	0	0	0	0	0	0	0	0	
1186	43	4	12	18	0	2	0	0	0	0	0	0	0	0	
1187	43	12	4	18	0	2	0	0	0	0	0	0	0	0	
1188	43	6	0	18	0	2	0	0	0	0	0	0	0	0	
1189	42	0	6	18	0	2	0	0	0	0	0	0	0	0	
1190	43	6	12	18	0	2	0	0	0	0	0	0	0	0	
1191	42	12	6	18	0	3	0	0	0	0	0	0	0	0	
1192	43	8	0	18	0	2	0	0	0	0	0	0	0	0	
1193	43	0	8	18	0	2	0	0	0	0	0	0	0	0	
1194	43	8	12	18	0	2	0	0	0	0	0	0	0	0	
1195	43	12	8	18	0	2	0	0	0	0	0	0	0	0	
1196	43	10	0	18	0	2	0	0	0	0	0	0	0	0	
1197	43	0	10	18	0	2	0	0	0	0	0	0	0	0	
1198	43	10	12	18	0	2	0	0	0	0	0	0	0	0	
1199	43	12	10	18	0	2	0	0	0	0	0	0	0	0	
1200	43	0	0	18	0	2	0	0	0	0	0	0	0	0	
1201	43	0	12	18	0	2	0	0	0	0	0	0	0	0	
1202	43	12	0	18	0	2	0	0	0	0	0	0	0	0	
1203	43	12	12	18	0	2	0	0	0	0	0	0	0	0	
1204	5	2	2	18	0	2	0	0	0	0	0	0	0	0	
1205	37	4	2	18	0	2	0	0	0	0	0	0	0	0	
1206	37	6	2	18	0	2	0	0	0	0	0	0	0	0	
1207	37	8	3	18	0	2	0	0	0	0	0	0	0	0	
1208	23	2	4	18	0	2	0	0	0	0	0	0	0	0	
1209	24	4	5	18	0	2	0	0	0	0	0	0	0	0	
1210	37	9	5	18	0	2	0	0	0	0	0	0	0	0	
1211	37	2	6	18	0	2	0	0	0	0	0	0	0	0	
1212	37	6	6	18	0	1	0	0	0	0	0	0	0	0	
1213	25	4	7	18	0	2	0	0	0	0	0	0	0	0	
1214	37	10	7	18	0	2	0	0	0	0	0	0	0	0	
1215	26	2	8	18	0	2	0	0	0	0	0	0	0	0	
1216	5	6	8	18	0	2	0	0	0	0	0	0	0	0	
1217	6	8	8	18	0	2	0	0	0	0	0	0	0	0	
1218	37	4	9	18	0	1	0	0	0	0	0	0	0	0	
1219	34	7	10	18	0	2	0	0	0	0	0	0	0	0	
1220	32	20	0	-999	-999	2	0	0	0	0	0	0	0	0	
1241	1241	1221	1221	1225	1225	1229	1229	1233	1233	1237	1237	1243	1243	
1241	1241	1221	1221	1225	1225	1229	1229	1233	1233	1237	1237	1243	1243	
1222	1222	1245	1245	1246	1246	1247	1247	NULL	NULL	NULL	NULL	1224	1224	
1222	1222	1245	1245	1246	1246	1247	1247	1248	1248	NULL	NULL	1224	1224	
1226	1226	1249	1249	NULL	NULL	NULL	NULL	1248	1248	NULL	NULL	1228	1228	
1226	1226	1249	1249	1250	1250	NULL	NULL	NULL	1251	1251	NULL	1228	1228	
1230	1230	1252	1252	1250	1250	1253	1253	NULL	1251	1251	NULL	1232	1232	
1230	1230	1252	1252	1254	1254	1253	1253	NULL	NULL	1255	1255	1232	1232	
1234	1234	1256	1256	1254	1254	1257	1257	1258	1258	1255	1255	1236	1236	
1234	1234	1256	1256	1259	1259	1257	1257	1258	1258	NULL	NULL	1236	1236	
1238	1238	NULL	NULL	1259	1259	NULL	1260	1260	NULL	NULL	NULL	1240	1240	
1238	1238	NULL	NULL	NULL	NULL	NULL	1260	1260	NULL	NULL	NULL	1240	1240	
1242	1242	1223	1223	1227	1227	1231	1231	1235	1235	1239	1239	1244	1244	
1242	1242	1223	1223	1227	1227	1231	1231	1235	1235	1239	1239	1244	1244	
1221	43	2	0	20	0	2	0	0	0	0	0	0	0	0	
1222	43	0	2	20	0	2	0	0	0	0	0	0	0	0	
1223	43	2	12	20	0	2	0	0	0	0	0	0	0	0	
1224	43	12	2	20	0	2	0	0	0	0	0	0	0	0	
1225	43	4	0	20	0	2	0	0	0	0	0	0	0	0	
1226	43	0	4	20	0	2	0	0	0	0	0	0	0	0	
1227	43	4	12	20	0	2	0	0	0	0	0	0	0	0	
1228	43	12	4	20	0	2	0	0	0	0	0	0	0	0	
1229	43	6	0	20	0	2	0	0	0	0	0	0	0	0	
1230	42	0	6	20	0	2	0	0	0	0	0	0	0	0	
1231	43	6	12	20	0	2	0	0	0	0	0	0	0	0	
1232	42	12	6	20	0	3	0	0	0	0	0	0	0	0	
1233	43	8	0	20	0	2	0	0	0	0	0	0	0	0	
1234	43	0	8	20	0	2	0	0	0	0	0	0	0	0	
1235	43	8	12	20	0	2	0	0	0	0	0	0	0	0	
1236	43	12	8	20	0	2	0	0	0	0	0	0	0	0	
1237	43	10	0	20	0	2	0	0	0	0	0	0	0	0	
1238	43	0	10	20	0	2	0	0	0	0	0	0	0	0	
1239	43	10	12	20	0	2	0	0	0	0	0	0	0	0	
1240	43	12	10	20	0	2	0	0	0	0	0	0	0	0	
1241	43	0	0	20	0	2	0	0	0	0	0	0	0	0	
1242	43	0	12	20	0	2	0	0	0	0	0	0	0	0	
1243	43	12	0	20	0	2	0	0	0	0	0	0	0	0	
1244	43	12	12	20	0	2	0	0	0	0	0	0	0	0	
1245	5	2	2	20	0	2	0	0	0	0	0	0	0	0	
1246	37	4	2	20	0	2	0	0	0	0	0	0	0	0	
1247	37	6	2	20	0	2	0	0	0	0	0	0	0	0	
1248	37	8	3	20	0	2	0	0	0	0	0	0	0	0	
1249	23	2	4	20	0	2	0	0	0	0	0	0	0	0	
1250	24	4	5	20	0	2	0	0	0	0	0	0	0	0	
1251	37	9	5	20	0	2	0	0	0	0	0	0	0	0	
1252	37	2	6	20	0	2	0	0	0	0	0	0	0	0	
1253	37	6	6	20	0	1	0	0	0	0	0	0	0	0	
1254	25	4	7	20	0	2	0	0	0	0	0	0	0	0	
1255	37	10	7	20	0	2	0	0	0	0	0	0	0	0	
1256	26	2	8	20	0	2	0	0	0	0	0	0	0	0	
1257	5	6	8	20	0	2	0	0	0	0	0	0	0	0	
1258	6	8	8	20	0	2	0	0	0	0	0	0	0	0	
1259	37	4	9	20	0	1	0	0	0	0	0	0	0	0	
1260	34	7	10	20	0	2	0	0	0	0	0	0	0	0	
1261	32	8	0	-999	-999	2	0	0	0	0	0	0	0	0	
1282	1282	1262	1262	1266	1266	1270	1270	1274	1274	1278	1278	1284	1284	
1282	1282	1262	1262	1266	1266	1270	1270	1274	1274	1278	1278	1284	1284	
1263	1263	1286	1286	1287	1287	1288	1288	NULL	NULL	NULL	NULL	1265	1265	
1263	1263	1286	1286	1287	1287	1288	1288	1289	1289	NULL	NULL	1265	1265	
1267	1267	1290	1290	NULL	NULL	NULL	NULL	1289	1289	NULL	NULL	1269	1269	
1267	1267	1290	1290	1291	1291	NULL	NULL	NULL	1292	1292	NULL	1269	1269	
1271	1271	1293	1293	1291	1291	1294	1294	NULL	1292	1292	NULL	1273	1273	
1271	1271	1293	1293	1295	1295	1294	1294	NULL	NULL	1296	1296	1273	1273	
1275	1275	1297	1297	1295	1295	1298	1298	1299	1299	1296	1296	1277	1277	
1275	1275	1297	1297	1300	1300	1298	1298	1299	1299	NULL	NULL	1277	1277	
1279	1279	NULL	NULL	1300	1300	NULL	1301	1301	NULL	NULL	NULL	1281	1281	
1279	1279	NULL	NULL	NULL	NULL	NULL	1301	1301	NULL	NULL	NULL	1281	1281	
1283	1283	1264	1264	1268	1268	1272	1272	1276	1276	1280	1280	1285	1285	
1283	1283	1264	1264	1268	1268	1272	1272	1276	1276	1280	1280	1285	1285	
1262	43	2	0	8	0	2	0	0	0	0	0	0	0	0	
1263	43	0	2	8	0	2	0	0	0	0	0	0	0	0	
1264	43	2	12	8	0	2	0	0	0	0	0	0	0	0	
1265	43	12	2	8	0	2	0	0	0	0	0	0	0	0	
1266	43	4	0	8	0	2	0	0	0	0	0	0	0	0	
1267	43	0	4	8	0	2	0	0	0	0	0	0	0	0	
1268	43	4	12	8	0	2	0	0	0	0	0	0	0	0	
1269	43	12	4	8	0	2	0	0	0	0	0	0	0	0	
1270	43	6	0	8	0	2	0	0	0	0	0	0	0	0	
1271	42	0	6	8	0	2	0	0	0	0	0	0	0	0	
1272	43	6	12	8	0	2	0	0	0	0	0	0	0	0	
1273	42	12	6	8	0	3	0	0	0	0	0	0	0	0	
1274	43	8	0	8	0	2	0	0	0	0	0	0	0	0	
1275	43	0	8	8	0	2	0	0	0	0	0	0	0	0	
1276	43	8	12	8	0	2	0	0	0	0	0	0	0	0	
1277	43	12	8	8	0	2	0	0	0	0	0	0	0	0	
1278	43	10	0	8	0	2	0	0	0	0	0	0	0	0	
1279	43	0	10	8	0	2	0	0	0	0	0	0	0	0	
1280	43	10	12	8	0	2	0	0	0	0	0	0	0	0	
1281	43	12	10	8	0	2	0	0	0	0	0	0	0	0	
1282	43	0	0	8	0	2	0	0	0	0	0	0	0	0	
1283	43	0	12	8	0	2	0	0	0	0	0	0	0	0	
1284	43	12	0	8	0	2	0	0	0	0	0	0	0	0	
1285	43	12	12	8	0	2	0	0	0	0	0	0	0	0	
1286	5	2	2	8	0	2	0	0	0	0	0	0	0	0	
1287	37	4	2	8	0	2	0	0	0	0	0	0	0	0	
1288	37	6	2	8	0	2	0	0	0	0	0	0	0	0	
1289	37	8	3	8	0	2	0	0	0	0	0	0	0	0	
1290	23	2	4	8	0	2	0	0	0	0	0	0	0	0	
1291	24	4	5	8	0	2	0	0	0	0	0	0	0	0	
1292	37	9	5	8	0	2	0	0	0	0	0	0	0	0	
1293	37	2	6	8	0	2	0	0	0	0	0	0	0	0	
1294	37	6	6	8	0	1	0	0	0	0	0	0	0	0	
1295	25	4	7	8	0	2	0	0	0	0	0	0	0	0	
1296	37	10	7	8	0	2	0	0	0	0	0	0	0	0	
1297	26	2	8	8	0	2	0	0	0	0	0	0	0	0	
1298	5	6	8	8	0	2	0	0	0	0	0	0	0	0	
1299	6	8	8	8	0	2	0	0	0	0	0	0	0	0	
1300	37	4	9	8	0	1	0	0	0	0	0	0	0	0	
1301	34	7	10	8	0	2	0	0	0	0	0	0	0	0	
1302	32	14	0	-999	-999	2	0	0	0	0	0	0	0	0	
1323	1323	1303	1303	1307	1307	1311	1311	1315	1315	1319	1319	1325	1325	
1323	1323	1303	1303	1307	1307	1311	1311	1315	1315	1319	1319	1325	1325	
1304	1304	1327	1327	1328	1328	1329	1329	NULL	NULL	NULL	NULL	1306	1306	
1304	1304	1327	1327	1328	1328	1329	1329	1330	1330	NULL	NULL	1306	1306	
1308	1308	1331	1331	NULL	NULL	NULL	NULL	1330	1330	NULL	NULL	1310	1310	
1308	1308	1331	1331	1332	1332	NULL	NULL	NULL	1333	1333	NULL	1310	1310	
1312	1312	1334	1334	1332	1332	1335	1335	NULL	1333	1333	NULL	1314	1314	
1312	1312	1334	1334	1336	1336	1335	1335	NULL	NULL	1337	1337	1314	1314	
1316	1316	1338	1338	1336	1336	1339	1339	1340	1340	1337	1337	1318	1318	
1316	1316	1338	1338	1341	1341	1339	1339	1340	1340	NULL	NULL	1318	1318	
1320	1320	NULL	NULL	1341	1341	NULL	1342	1342	NULL	NULL	NULL	1322	1322	
1320	1320	NULL	NULL	NULL	NULL	NULL	1342	1342	NULL	NULL	NULL	1322	1322	
1324	1324	1305	1305	1309	1309	1313	1313	1317	1317	1321	1321	1326	1326	
1324	1324	1305	1305	1309	1309	1313	1313	1317	1317	1321	1321	1326	1326	
1303	43	2	0	14	0	2	0	0	0	0	0	0	0	0	
1304	43	0	2	14	0	2	0	0	0	0	0	0	0	0	
1305	43	2	12	14	0	2	0	0	0	0	0	0	0	0	
1306	43	12	2	14	0	2	0	0	0	0	0	0	0	0	
1307	43	4	0	14	0	2	0	0	0	0	0	0	0	0	
1308	43	0	4	14	0	2	0	0	0	0	0	0	0	0	
1309	43	4	12	14	0	2	0	0	0	0	0	0	0	0	
1310	43	12	4	14	0	2	0	0	0	0	0	0	0	0	
1311	43	6	0	14	0	2	0	0	0	0	0	0	0	0	
1312	42	0	6	14	0	2	0	0	0	0	0	0	0	0	
1313	43	6	12	14	0	2	0	0	0	0	0	0	0	0	
1314	42	12	6	14	0	3	0	0	0	0	0	0	0	0	
1315	43	8	0	14	0	2	0	0	0	0	0	0	0	0	
1316	43	0	8	14	0	2	0	0	0	0	0	0	0	0	
1317	43	8	12	14	0	2	0	0	0	0	0	0	0	0	
1318	43	12	8	14	0	2	0	0	0	0	0	0	0	0	
1319	43	10	0	14	0	2	0	0	0	0	0	0	0	0	
1320	43	0	10	14	0	2	0	0	0	0	0	0	0	0	
1321	43	10	12	14	0	2	0	0	0	0	0	0	0	0	
1322	43	12	10	14	0	2	0	0	0	0	0	0	0	0	
1323	43	0	0	14	0	2	0	0	0	0	0	0	0	0	
1324	43	0	12	14	0	2	0	0	0	0	0	0	0	0	
1325	43	12	0	14	0	2	0	0	0	0	0	0	0	0	
1326	43	12	12	14	0	2	0	0	0	0	0	0	0	0	
1327	5	2	2	14	0	2	0	0	0	0	0	0	0	0	
1328	37	4	2	14	0	2	0	0	0	0	0	0	0	0	
1329	37	6	2	14	0	2	0	0	0	0	0	0	0	0	
1330	37	8	3	14	0	2	0	0	0	0	0	0	0	0	
1331	23	2	4	14	0	2	0	0	0	0	0	0	0	0	
1332	24	4	5	14	0	2	0	0	0	0	0	0	0	0	
1333	37	9	5	14	0	2	0	0	0	0	0	0	0	0	
1334	37	2	6	14	0	2	0	0	0	0	0	0	0	0	
1335	37	6	6	14	0	1	0	0	0	0	0	0	0	0	
1336	25	4	7	14	0	2	0	0	0	0	0	0	0	0	
1337	37	10	7	14	0	2	0	0	0	0	0	0	0	0	
1338	26	2	8	14	0	2	0	0	0	0	0	0	0	0	
1339	5	6	8	14	0	2	0	0	0	0	0	0	0	0	
1340	6	8	8	14	0	2	0	0	0	0	0	0	0	0	
1341	37	4	9	14	0	1	0	0	0	0	0	0	0	0	
1342	34	7	10	14	0	2	0	0	0	0	0	0	0	0	
1343	32	12	0	-999	-999	2	0	0	0	0	0	0	0	0	
1364	1364	1344	1344	1348	1348	1352	1352	1356	1356	1360	1360	1366	1366	
1364	1364	1344	1344	1348	1348	1352	1352	1356	1356	1360	1360	1366	1366	
1345	1345	1368	1368	1369	1369	1370	1370	1371	1371	1372	1372	1347	1347	
1345	1345	1368	1368	1369	1369	1370	1370	1371	1371	1372	1372	1347	1347	
1349	1349	NULL	NULL	1373	1373	1374	1374	1375	1375	1376	1376	1351	1351	
1349	1349	NULL	NULL	1373	1373	1374	1374	1375	1375	1376	1376	1351	1351	
1353	1353	NULL	NULL	1377	1377	1378	1378	NULL	NULL	NULL	NULL	1355	1355	
1353	1353	NULL	NULL	1377	1377	1378	1378	NULL	NULL	1379	1379	1355	1355	
1357	1357	NULL	NULL	1380	1380	1381	1381	1382	1382	1379	1379	1359	1359	
1357	1357	NULL	NULL	1380	1380	1381	1381	1382	1382	NULL	NULL	1359	1359	
1361	1361	1383	1383	1384	1384	1385	1385	NULL	NULL	NULL	NULL	1363	1363	
1361	1361	1383	1383	1384	1384	1385	1385	NULL	NULL	NULL	NULL	1363	1363	
1365	1365	1346	1346	1350	1350	1354	1354	1358	1358	1362	1362	1367	1367	
1365	1365	1346	1346	1350	1350	1354	1354	1358	1358	1362	1362	1367	1367	
1344	43	2	0	12	0	2	0	0	0	0	0	0	0	0	
1345	43	0	2	12	0	2	0	0	0	0	0	0	0	0	
1346	43	2	12	12	0	2	0	0	0	0	0	0	0	0	
1347	43	12	2	12	0	2	0	0	0	0	0	0	0	0	
1348	43	4	0	12	0	2	0	0	0	0	0	0	0	0	
1349	43	0	4	12	0	2	0	0	0	0	0	0	0	0	
1350	43	4	12	12	0	2	0	0	0	0	0	0	0	0	
1351	43	12	4	12	0	2	0	0	0	0	0	0	0	0	
1352	43	6	0	12	0	2	0	0	0	0	0	0	0	0	
1353	42	0	6	12	0	2	0	0	0	0	0	0	0	0	
1354	42	6	12	12	0	2	0	0	0	0	0	0	0	0	
1355	42	12	6	12	0	2	0	0	0	0	0	0	0	0	
1356	43	8	0	12	0	2	0	0	0	0	0	0	0	0	
1357	43	0	8	12	0	2	0	0	0	0	0	0	0	0	
1358	43	8	12	12	0	2	0	0	0	0	0	0	0	0	
1359	43	12	8	12	0	2	0	0	0	0	0	0	0	0	
1360	43	10	0	12	0	2	0	0	0	0	0	0	0	0	
1361	42	0	10	12	0	2	0	0	0	0	0	0	0	0	
1362	43	10	12	12	0	2	0	0	0	0	0	0	0	0	
1363	42	12	10	12	0	2	0	0	0	0	0	0	0	0	
1364	43	0	0	12	0	2	0	0	0	0	0	0	0	0	
1365	43	0	12	12	0	2	0	0	0	0	0	0	0	0	
1366	43	12	0	12	0	2	0	0	0	0	0	0	0	0	
1367	43	12	12	12	0	2	0	0	0	0	0	0	0	0	
1368	17	2	2	12	0	2	0	0	0	0	0	0	0	0	
1369	6	4	2	12	0	3	0	0	0	0	0	0	0	0	
1370	5	6	2	12	0	2	0	0	0	0	0	0	0	0	
1371	6	8	2	12	0	1	0	0	0	0	0	0	0	0	
1372	27	10	2	12	0	3	0	0	0	0	0	0	0	0	
1373	36	4	4	12	0	2	0	0	0	0	0	0	0	0	
1374	5	6	4	12	0	2	0	0	0	0	0	0	0	0	
1375	36	8	4	12	0	1	0	0	0	0	0	0	0	0	
1376	4	10	4	12	0	2	0	1	2	0	0	0	0	0	
1377	78	4	6	12	0	2	0	0	0	0	0	0	0	0	
1378	76	6	6	12	0	2	0	0	0	0	0	0	0	0	
1379	37	10	7	12	0	2	0	0	0	0	0	0	0	0	
1380	34	4	8	12	0	2	0	0	0	0	0	0	0	0	
1381	6	6	8	12	0	1	0	0	0	0	0	0	0	0	
1382	78	8	8	12	0	4	0	0	0	0	0	0	0	0	
1383	37	2	10	12	0	4	0	0	0	0	0	0	0	0	
1384	26	4	10	12	0	4	0	0	0	0	0	0	0	0	
1385	34	6	10	12	0	2	0	0	0	0	0	0	0	0	
1386	32	10	2	-999	-999	2	0	0	0	0	0	0	0	0	
1408	1408	1389	1389	1393	1393	1397	1397	1401	1401	1405	1405	1410	1410	
1408	1408	1389	1389	1393	1393	1397	1397	1401	1401	1405	1405	1410	1410	
1404	1404	1426	1426	1427	1427	1428	1428	NULL	NULL	NULL	NULL	1406	1406	
1404	1404	1426	1426	1427	1427	1428	1428	NULL	NULL	NULL	NULL	1406	1406	
1400	1400	NULL	NULL	1423	1423	1424	1424	1425	1425	NULL	NULL	1402	1402	
1400	1400	NULL	NULL	1423	1423	1424	1424	1425	1425	1422	1422	1402	1402	
1396	1396	NULL	NULL	1420	1420	1421	1421	NULL	NULL	1422	1422	1398	1398	
1396	1396	NULL	NULL	1420	1420	1421	1421	NULL	NULL	NULL	NULL	1398	1398	
1392	1392	NULL	NULL	1416	1416	1417	1417	1418	1418	1419	1419	1394	1394	
1392	1392	NULL	NULL	1416	1416	1417	1417	1418	1418	1419	1419	1394	1394	
1388	1388	1411	1411	1412	1412	1413	1413	1414	1414	1415	1415	1390	1390	
1388	1388	1411	1411	1412	1412	1413	1413	1414	1414	1415	1415	1390	1390	
1407	1407	1387	1387	1391	1391	1395	1395	1399	1399	1403	1403	1409	1409	
1407	1407	1387	1387	1391	1391	1395	1395	1399	1399	1403	1403	1409	1409	
1387	43	2	12	10	2	2	0	0	0	0	0	0	0	0	
1388	43	0	10	10	2	2	0	0	0	0	0	0	0	0	
1389	43	2	0	10	2	2	0	0	0	0	0	0	0	0	
1390	43	12	10	10	2	2	0	0	0	0	0	0	0	0	
1391	43	4	12	10	2	2	0	0	0	0	0	0	0	0	
1392	43	0	8	10	2	2	0	0	0	0	0	0	0	0	
1393	43	4	0	10	2	2	0	0	0	0	0	0	0	0	
1394	43	12	8	10	2	2	0	0	0	0	0	0	0	0	
1395	43	6	12	10	2	2	0	0	0	0	0	0	0	0	
1396	42	0	6	10	2	2	0	0	0	0	0	0	0	0	
1397	42	6	0	10	2	2	0	0	0	0	0	0	0	0	
1398	42	12	6	10	2	2	0	0	0	0	0	0	0	0	
1399	43	8	12	10	2	2	0	0	0	0	0	0	0	0	
1400	43	0	4	10	2	2	0	0	0	0	0	0	0	0	
1401	43	8	0	10	2	2	0	0	0	0	0	0	0	0	
1402	43	12	4	10	2	2	0	0	0	0	0	0	0	0	
1403	43	10	12	10	2	2	0	0	0	0	0	0	0	0	
1404	42	0	2	10	2	2	0	0	0	0	0	0	0	0	
1405	43	10	0	10	2	2	0	0	0	0	0	0	0	0	
1406	42	12	2	10	2	2	0	0	0	0	0	0	0	0	
1407	43	0	12	10	2	2	0	0	0	0	0	0	0	0	
1408	43	0	0	10	2	2	0	0	0	0	0	0	0	0	
1409	43	12	12	10	2	2	0	0	0	0	0	0	0	0	
1410	43	12	0	10	2	2	0	0	0	0	0	0	0	0	
1411	17	2	10	10	2	2	0	0	0	0	0	0	0	0	
1412	6	4	10	10	2	3	0	0	0	0	0	0	0	0	
1413	5	6	10	10	2	2	0	0	0	0	0	0	0	0	
1414	6	8	10	10	2	1	0	0	0	0	0	0	0	0	
1415	27	10	10	10	2	3	0	0	0	0	0	0	0	0	
1416	36	4	8	10	2	2	0	0	0	0	0	0	0	0	
1417	5	6	8	10	2	2	0	0	0	0	0	0	0	0	
1418	36	8	8	10	2	1	0	0	0	0	0	0	0	0	
1419	4	10	8	10	2	2	0	1	2	0	0	0	0	0	
1420	78	4	6	10	2	2	0	0	0	0	0	0	0	0	
1421	76	6	6	10	2	2	0	0	0	0	0	0	0	0	
1422	37	10	5	10	2	2	0	0	0	0	0	0	0	0	
1423	34	4	4	10	2	2	0	0	0	0	0	0	0	0	
1424	6	6	4	10	2	1	0	0	0	0	0	0	0	0	
1425	78	8	4	10	2	4	0	0	0	0	0	0	0	0	
1426	37	2	2	10	2	4	0	0	0	0	0	0	0	0	
1427	26	4	2	10	2	4	0	0	0	0	0	0	0	0	
1428	34	6	2	10	2	2	0	0	0	0	0	0	0	0	
1429	32	12	2	-999	-999	2	0	0	0	0	0	0	0	0	
1450	1450	1430	1430	1434	1434	1438	1438	1442	1442	1446	1446	1452	1452	
1450	1450	1430	1430	1434	1434	1438	1438	1442	1442	1446	1446	1452	1452	
1431	1431	NULL	NULL	NULL	1454	1454	NULL	1455	1455	1456	1456	1433	1433	
1431	1431	NULL	NULL	NULL	1454	1454	NULL	1455	1455	1456	1456	1433	1433	
1435	1435	NULL	NULL	1457	1457	NULL	NULL	1458	1458	1459	1459	1437	1437	
1435	1435	NULL	NULL	1457	1457	NULL	NULL	1458	1458	1459	1459	1437	1437	
1439	1439	1460	1460	1461	1461	1462	1462	1463	1463	1464	1464	1441	1441	
1439	1439	1460	1460	1461	1461	1462	1462	1463	1463	1464	1464	1441	1441	
1443	1443	1465	1465	1466	1466	1467	1467	1468	1468	1469	1469	1445	1445	
1443	1443	1465	1465	1466	1466	1467	1467	1468	1468	1469	1469	1445	1445	
1447	1447	1470	1470	NULL	NULL	NULL	NULL	NULL	NULL	1471	1471	1449	1449	
1447	1447	1470	1470	NULL	NULL	NULL	NULL	NULL	NULL	1471	1471	1449	1449	
1451	1451	1432	1432	1436	1436	1440	1440	1444	1444	1448	1448	1453	1453	
1451	1451	1432	1432	1436	1436	1440	1440	1444	1444	1448	1448	1453	1453	
1430	42	2	0	12	2	2	0	0	0	0	0	0	0	0	
1431	43	0	2	12	2	2	0	0	0	0	0	0	0	0	
1432	42	2	12	12	2	2	0	0	0	0	0	0	0	0	
1433	43	12	2	12	2	2	0	0	0	0	0	0	0	0	
1434	43	4	0	12	2	2	0	0	0	0	0	0	0	0	
1435	43	0	4	12	2	2	0	0	0	0	0	0	0	0	
1436	43	4	12	12	2	2	0	0	0	0	0	0	0	0	
1437	43	12	4	12	2	2	0	0	0	0	0	0	0	0	
1438	42	6	0	12	2	2	0	0	0	0	0	0	0	0	
1439	42	0	6	12	2	2	0	0	0	0	0	0	0	0	
1440	42	6	12	12	2	2	0	0	0	0	0	0	0	0	
1441	43	12	6	12	2	2	0	0	0	0	0	0	0	0	
1442	43	8	0	12	2	2	0	0	0	0	0	0	0	0	
1443	43	0	8	12	2	2	0	0	0	0	0	0	0	0	
1444	43	8	12	12	2	2	0	0	0	0	0	0	0	0	
1445	43	12	8	12	2	2	0	0	0	0	0	0	0	0	
1446	43	10	0	12	2	2	0	0	0	0	0	0	0	0	
1447	43	0	10	12	2	2	0	0	0	0	0	0	0	0	
1448	43	10	12	12	2	2	0	0	0	0	0	0	0	0	
1449	43	12	10	12	2	2	0	0	0	0	0	0	0	0	
1450	43	0	0	12	2	2	0	0	0	0	0	0	0	0	
1451	43	0	12	12	2	2	0	0	0	0	0	0	0	0	
1452	43	12	0	12	2	2	0	0	0	0	0	0	0	0	
1453	43	12	12	12	2	2	0	0	0	0	0	0	0	0	
1454	37	5	2	12	2	2	0	0	0	0	0	0	0	0	
1455	4	8	2	12	2	2	0	1	2	0	0	0	0	0	
1456	27	10	2	12	2	3	0	0	0	0	0	0	0	0	
1457	78	4	4	12	2	4	0	0	0	0	0	0	0	0	
1458	36	8	4	12	2	1	0	0	0	0	0	0	0	0	
1459	6	10	4	12	2	1	0	0	0	0	0	0	0	0	
1460	34	2	6	12	2	2	0	0	0	0	0	0	0	0	
1461	6	4	6	12	2	1	0	0	0	0	0	0	0	0	
1462	76	6	6	12	2	2	0	0	0	0	0	0	0	0	
1463	5	8	6	12	2	2	0	0	0	0	0	0	0	0	
1464	5	10	6	12	2	2	0	0	0	0	0	0	0	0	
1465	26	2	8	12	2	4	0	0	0	0	0	0	0	0	
1466	34	4	8	12	2	2	0	0	0	0	0	0	0	0	
1467	78	6	8	12	2	2	0	0	0	0	0	0	0	0	
1468	36	8	8	12	2	2	0	0	0	0	0	0	0	0	
1469	6	10	8	12	2	3	0	0	0	0	0	0	0	0	
1470	37	2	10	12	2	4	0	0	0	0	0	0	0	0	
1471	17	10	10	12	2	2	0	0	0	0	0	0	0	0	
1472	32	10	0	-999	-999	2	0	0	0	0	0	0	0	0	
1493	1493	1473	1473	1477	1477	1481	1481	1485	1485	1489	1489	1495	1495	
1493	1493	1473	1473	1477	1477	1481	1481	1485	1485	1489	1489	1495	1495	
1474	1474	1497	1497	NULL	NULL	NULL	NULL	NULL	NULL	1498	1498	1476	1476	
1474	1474	1497	1497	NULL	NULL	NULL	NULL	NULL	NULL	1498	1498	1476	1476	
1478	1478	1499	1499	1500	1500	1501	1501	1502	1502	1503	1503	1480	1480	
1478	1478	1499	1499	1500	1500	1501	1501	1502	1502	1503	1503	1480	1480	
1482	1482	1504	1504	1505	1505	1506	1506	1507	1507	1508	1508	1484	1484	
1482	1482	1504	1504	1505	1505	1506	1506	1507	1507	1508	1508	1484	1484	
1486	1486	NULL	NULL	1509	1509	NULL	NULL	1510	1510	1511	1511	1488	1488	
1486	1486	NULL	NULL	1509	1509	NULL	NULL	1510	1510	1511	1511	1488	1488	
1490	1490	NULL	NULL	NULL	1512	1512	NULL	170	170	136	136	1492	1492	
1490	1490	NULL	NULL	NULL	1512	1512	NULL	170	170	136	136	1492	1492	
1494	1494	1475	1475	1479	1479	1483	1483	1487	1487	1491	1491	1496	1496	
1494	1494	1475	1475	1479	1479	1483	1483	1487	1487	1491	1491	1496	1496	
1473	42	2	0	10	0	2	0	0	0	0	0	0	0	0	
1474	43	0	2	10	0	2	0	0	0	0	0	0	0	0	
1475	42	2	12	10	0	2	0	0	0	0	0	0	0	0	
1476	43	12	2	10	0	2	0	0	0	0	0	0	0	0	
1477	43	4	0	10	0	2	0	0	0	0	0	0	0	0	
1478	43	0	4	10	0	2	0	0	0	0	0	0	0	0	
1479	43	4	12	10	0	2	0	0	0	0	0	0	0	0	
1480	43	12	4	10	0	2	0	0	0	0	0	0	0	0	
1481	42	6	0	10	0	2	0	0	0	0	0	0	0	0	
1482	42	0	6	10	0	2	0	0	0	0	0	0	0	0	
1483	42	6	12	10	0	2	0	0	0	0	0	0	0	0	
1484	43	12	6	10	0	2	0	0	0	0	0	0	0	0	
1485	43	8	0	10	0	2	0	0	0	0	0	0	0	0	
1486	43	0	8	10	0	2	0	0	0	0	0	0	0	0	
1487	43	8	12	10	0	2	0	0	0	0	0	0	0	0	
1488	43	12	8	10	0	2	0	0	0	0	0	0	0	0	
1489	43	10	0	10	0	2	0	0	0	0	0	0	0	0	
1490	43	0	10	10	0	2	0	0	0	0	0	0	0	0	
1491	43	10	12	10	0	2	0	0	0	0	0	0	0	0	
1492	43	12	10	10	0	2	0	0	0	0	0	0	0	0	
1493	43	0	0	10	0	2	0	0	0	0	0	0	0	0	
1494	43	0	12	10	0	2	0	0	0	0	0	0	0	0	
1495	43	12	0	10	0	2	0	0	0	0	0	0	0	0	
1496	43	12	12	10	0	2	0	0	0	0	0	0	0	0	
1497	37	2	2	10	0	4	0	0	0	0	0	0	0	0	
1498	17	10	2	10	0	2	0	0	0	0	0	0	0	0	
1499	26	2	4	10	0	4	0	0	0	0	0	0	0	0	
1500	34	4	4	10	0	2	0	0	0	0	0	0	0	0	
1501	78	6	4	10	0	2	0	0	0	0	0	0	0	0	
1502	36	8	4	10	0	2	0	0	0	0	0	0	0	0	
1503	6	10	4	10	0	3	0	0	0	0	0	0	0	0	
1504	34	2	6	10	0	2	0	0	0	0	0	0	0	0	
1505	6	4	6	10	0	1	0	0	0	0	0	0	0	0	
1506	76	6	6	10	0	2	0	0	0	0	0	0	0	0	
1507	5	8	6	10	0	2	0	0	0	0	0	0	0	0	
1508	5	10	6	10	0	2	0	0	0	0	0	0	0	0	
1509	78	4	8	10	0	4	0	0	0	0	0	0	0	0	
1510	36	8	8	10	0	1	0	0	0	0	0	0	0	0	
1511	6	10	8	10	0	1	0	0	0	0	0	0	0	0	
1512	37	5	10	10	0	2	0	0	0	0	0	0	0	0	
1513	32	6	16	-999	-999	2	0	0	0	0	0	0	0	0	
1534	1534	1514	1514	1518	1518	1522	1522	1526	1526	1530	1530	1536	1536	
1534	1534	1514	1514	1518	1518	1522	1522	1526	1526	1530	1530	1536	1536	
1515	1515	NULL	NULL	NULL	NULL	NULL	1538	1538	NULL	NULL	NULL	1517	1517	
1515	1515	NULL	NULL	NULL	1539	1539	1538	1538	NULL	NULL	NULL	1517	1517	
1519	1519	NULL	1540	1540	1539	1539	NULL	1541	1541	NULL	NULL	1521	1521	
1519	1519	NULL	1540	1540	NULL	NULL	NULL	1541	1541	1542	1542	1521	1521	
1523	1523	1543	1543	NULL	NULL	1544	1544	1545	1545	1542	1542	1525	1525	
1523	1523	1543	1543	NULL	NULL	1544	1544	1545	1545	NULL	NULL	1525	1525	
1527	1527	1546	1546	NULL	1547	1547	1548	1548	1549	1549	NULL	1529	1529	
1527	1527	1546	1546	NULL	1547	1547	1548	1548	1549	1549	NULL	1529	1529	
1531	1531	1550	1550	1551	1551	1552	1552	1553	1553	NULL	NULL	1533	1533	
1531	1531	1550	1550	1551	1551	1552	1552	1553	1553	NULL	NULL	1533	1533	
1535	1535	1516	1516	1520	1520	1524	1524	1528	1528	1532	1532	1537	1537	
1535	1535	1516	1516	1520	1520	1524	1524	1528	1528	1532	1532	1537	1537	
1514	43	2	0	6	16	2	0	0	0	0	0	0	0	0	
1515	43	0	2	6	16	2	0	0	0	0	0	0	0	0	
1516	43	2	12	6	16	2	0	0	0	0	0	0	0	0	
1517	43	12	2	6	16	2	0	0	0	0	0	0	0	0	
1518	43	4	0	6	16	2	0	0	0	0	0	0	0	0	
1519	43	0	4	6	16	2	0	0	0	0	0	0	0	0	
1520	43	4	12	6	16	2	0	0	0	0	0	0	0	0	
1521	43	12	4	6	16	2	0	0	0	0	0	0	0	0	
1522	42	6	0	6	16	3	0	0	0	0	0	0	0	0	
1523	43	0	6	6	16	2	0	0	0	0	0	0	0	0	
1524	42	6	12	6	16	2	0	0	0	0	0	0	0	0	
1525	43	12	6	6	16	2	0	0	0	0	0	0	0	0	
1526	43	8	0	6	16	2	0	0	0	0	0	0	0	0	
1527	43	0	8	6	16	2	0	0	0	0	0	0	0	0	
1528	43	8	12	6	16	2	0	0	0	0	0	0	0	0	
1529	43	12	8	6	16	2	0	0	0	0	0	0	0	0	
1530	43	10	0	6	16	2	0	0	0	0	0	0	0	0	
1531	43	0	10	6	16	2	0	0	0	0	0	0	0	0	
1532	43	10	12	6	16	2	0	0	0	0	0	0	0	0	
1533	43	12	10	6	16	2	0	0	0	0	0	0	0	0	
1534	43	0	0	6	16	2	0	0	0	0	0	0	0	0	
1535	43	0	12	6	16	2	0	0	0	0	0	0	0	0	
1536	43	12	0	6	16	2	0	0	0	0	0	0	0	0	
1537	43	12	12	6	16	2	0	0	0	0	0	0	0	0	
1538	37	7	2	6	16	2	0	0	0	0	0	0	0	0	
1539	37	5	3	6	16	2	0	0	0	0	0	0	0	0	
1540	37	3	4	6	16	2	0	0	0	0	0	0	0	0	
1541	6	8	4	6	16	2	0	0	0	0	0	0	0	0	
1542	34	10	5	6	16	2	0	0	0	0	0	0	0	0	
1543	37	2	6	6	16	2	0	0	0	0	0	0	0	0	
1544	37	6	6	6	16	1	0	0	0	0	0	0	0	0	
1545	5	8	6	6	16	2	0	0	0	0	0	0	0	0	
1546	37	2	8	6	16	2	0	0	0	0	0	0	0	0	
1547	24	5	8	6	16	2	0	0	0	0	0	0	0	0	
1548	25	7	8	6	16	2	0	0	0	0	0	0	0	0	
1549	37	9	8	6	16	1	0	0	0	0	0	0	0	0	
1550	5	2	10	6	16	2	0	0	0	0	0	0	0	0	
1551	23	4	10	6	16	2	0	0	0	0	0	0	0	0	
1552	37	6	10	6	16	2	0	0	0	0	0	0	0	0	
1553	26	8	10	6	16	2	0	0	0	0	0	0	0	0	
1554	32	16	6	-999	-999	2	0	0	0	0	0	0	0	0	
1575	1575	1555	1555	1559	1559	1563	1563	1567	1567	1571	1571	1577	1577	
1575	1575	1555	1555	1559	1559	1563	1563	1567	1567	1571	1571	1577	1577	
1556	1556	1579	1579	1580	1580	1581	1581	1582	1582	1583	1583	1558	1558	
1556	1556	1579	1579	1580	1580	1581	1581	1582	1582	1583	1583	1558	1558	
1560	1560	NULL	NULL	1584	1584	1585	1585	1586	1586	1587	1587	1562	1562	
1560	1560	NULL	NULL	1584	1584	1585	1585	1586	1586	1587	1587	1562	1562	
1564	1564	NULL	NULL	1588	1588	1589	1589	NULL	NULL	NULL	NULL	1566	1566	
1564	1564	NULL	NULL	1588	1588	1589	1589	NULL	NULL	1590	1590	1566	1566	
1568	1568	NULL	NULL	1591	1591	1592	1592	1593	1593	1590	1590	1570	1570	
1568	1568	NULL	NULL	1591	1591	1592	1592	1593	1593	NULL	NULL	1570	1570	
1572	1572	1594	1594	1595	1595	1596	1596	NULL	NULL	NULL	NULL	1574	1574	
1572	1572	1594	1594	1595	1595	1596	1596	NULL	NULL	NULL	NULL	1574	1574	
1576	1576	1557	1557	1561	1561	1565	1565	1569	1569	1573	1573	1578	1578	
1576	1576	1557	1557	1561	1561	1565	1565	1569	1569	1573	1573	1578	1578	
1555	43	2	0	16	6	2	0	0	0	0	0	0	0	0	
1556	43	0	2	16	6	2	0	0	0	0	0	0	0	0	
1557	43	2	12	16	6	2	0	0	0	0	0	0	0	0	
1558	43	12	2	16	6	2	0	0	0	0	0	0	0	0	
1559	43	4	0	16	6	2	0	0	0	0	0	0	0	0	
1560	43	0	4	16	6	2	0	0	0	0	0	0	0	0	
1561	43	4	12	16	6	2	0	0	0	0	0	0	0	0	
1562	43	12	4	16	6	2	0	0	0	0	0	0	0	0	
1563	43	6	0	16	6	2	0	0	0	0	0	0	0	0	
1564	42	0	6	16	6	2	0	0	0	0	0	0	0	0	
1565	42	6	12	16	6	2	0	0	0	0	0	0	0	0	
1566	42	12	6	16	6	2	0	0	0	0	0	0	0	0	
1567	43	8	0	16	6	2	0	0	0	0	0	0	0	0	
1568	43	0	8	16	6	2	0	0	0	0	0	0	0	0	
1569	43	8	12	16	6	2	0	0	0	0	0	0	0	0	
1570	43	12	8	16	6	2	0	0	0	0	0	0	0	0	
1571	43	10	0	16	6	2	0	0	0	0	0	0	0	0	
1572	42	0	10	16	6	2	0	0	0	0	0	0	0	0	
1573	43	10	12	16	6	2	0	0	0	0	0	0	0	0	
1574	42	12	10	16	6	2	0	0	0	0	0	0	0	0	
1575	43	0	0	16	6	2	0	0	0	0	0	0	0	0	
1576	43	0	12	16	6	2	0	0	0	0	0	0	0	0	
1577	43	12	0	16	6	2	0	0	0	0	0	0	0	0	
1578	43	12	12	16	6	2	0	0	0	0	0	0	0	0	
1579	17	2	2	16	6	2	0	0	0	0	0	0	0	0	
1580	6	4	2	16	6	3	0	0	0	0	0	0	0	0	
1581	5	6	2	16	6	2	0	0	0	0	0	0	0	0	
1582	6	8	2	16	6	1	0	0	0	0	0	0	0	0	
1583	27	10	2	16	6	3	0	0	0	0	0	0	0	0	
1584	36	4	4	16	6	2	0	0	0	0	0	0	0	0	
1585	5	6	4	16	6	2	0	0	0	0	0	0	0	0	
1586	36	8	4	16	6	1	0	0	0	0	0	0	0	0	
1587	4	10	4	16	6	2	0	1	2	0	0	0	0	0	
1588	78	4	6	16	6	2	0	0	0	0	0	0	0	0	
1589	76	6	6	16	6	2	0	0	0	0	0	0	0	0	
1590	37	10	7	16	6	2	0	0	0	0	0	0	0	0	
1591	34	4	8	16	6	2	0	0	0	0	0	0	0	0	
1592	6	6	8	16	6	1	0	0	0	0	0	0	0	0	
1593	78	8	8	16	6	4	0	0	0	0	0	0	0	0	
1594	37	2	10	16	6	4	0	0	0	0	0	0	0	0	
1595	26	4	10	16	6	4	0	0	0	0	0	0	0	0	
1596	34	6	10	16	6	2	0	0	0	0	0	0	0	0	
NULL	NULL	1095	1095	1139	1139	151	151	1261	1261	1472	1472	1343	1343	1302	1302	152	152	1179	1179	1220	1220	159	159	
NULL	NULL	1095	1095	1139	1139	151	151	1261	1261	1472	1472	1343	1343	1302	1302	152	152	1179	1179	1220	1220	159	159	
NULL	NULL	1054	1054	NULL	NULL	135	135	NULL	NULL	1386	1386	1429	1429	NULL	NULL	1138	1138	NULL	NULL	NULL	NULL	NULL	NULL	
NULL	NULL	1054	1054	NULL	NULL	135	135	NULL	NULL	1386	1386	1429	1429	NULL	NULL	1138	1138	NULL	NULL	NULL	NULL	NULL	NULL	
NULL	NULL	1013	1013	NULL	NULL	153	153	NULL	NULL	NULL	NULL	NULL	NULL	NULL	NULL	140	140	NULL	NULL	NULL	NULL	NULL	NULL	
NULL	NULL	1013	1013	NULL	NULL	153	153	NULL	NULL	NULL	NULL	NULL	NULL	NULL	NULL	140	140	NULL	NULL	NULL	NULL	NULL	NULL	
65	65	137	137	1	1	22	22	145	145	146	146	1178	1178	1011	1011	1554	1554	138	138	139	139	162	162	
65	65	137	137	1	1	22	22	145	145	146	146	1178	1178	1011	1011	1554	1554	138	138	139	139	162	162	
NULL	NULL	122	122	NULL	NULL	144	144	886	886	845	845	802	802	NULL	NULL	164	164	NULL	NULL	NULL	NULL	NULL	NULL	
NULL	NULL	122	122	NULL	NULL	144	144	886	886	845	845	802	802	NULL	NULL	164	164	NULL	NULL	NULL	NULL	NULL	NULL	
NULL	NULL	76	76	972	972	547	547	929	929	NULL	NULL	761	761	NULL	NULL	147	147	NULL	NULL	NULL	NULL	NULL	NULL	
NULL	NULL	76	76	972	972	547	547	929	929	NULL	NULL	761	761	NULL	NULL	147	147	NULL	NULL	NULL	NULL	NULL	NULL	
NULL	NULL	NULL	NULL	NULL	NULL	142	142	634	634	677	677	718	718	NULL	NULL	1012	1012	NULL	NULL	NULL	NULL	NULL	NULL	
NULL	NULL	NULL	NULL	NULL	NULL	142	142	634	634	677	677	718	718	NULL	NULL	1012	1012	NULL	NULL	NULL	NULL	NULL	NULL	
NULL	NULL	NULL	NULL	NULL	NULL	141	141	591	591	548	548	NULL	NULL	NULL	NULL	161	161	NULL	NULL	NULL	NULL	NULL	NULL	
NULL	NULL	NULL	NULL	NULL	NULL	141	141	591	591	548	548	NULL	NULL	NULL	NULL	161	161	NULL	NULL	NULL	NULL	NULL	NULL	
156	156	169	169	154	154	1513	1513	58	58	165	165	166	166	423	423	160	160	78	78	52	52	73	73	
156	156	169	169	154	154	1513	1513	58	58	165	165	166	166	423	423	160	160	78	78	52	52	73	73	
295	295	213	213	338	338	163	163	NULL	NULL	7	7	NULL	NULL	NULL	NULL	168	168	NULL	NULL	NULL	NULL	NULL	NULL	
295	295	213	213	338	338	163	163	NULL	NULL	7	7	NULL	NULL	NULL	NULL	168	168	NULL	NULL	NULL	NULL	NULL	NULL	
172	172	NULL	NULL	254	254	158	158	NULL	NULL	508	508	NULL	NULL	NULL	NULL	32	32	NULL	NULL	NULL	NULL	NULL	NULL	
172	172	NULL	NULL	254	254	158	158	NULL	NULL	508	508	NULL	NULL	NULL	NULL	32	32	NULL	NULL	NULL	NULL	NULL	NULL	
155	155	NULL	NULL	381	381	171	171	424	424	465	465	NULL	NULL	NULL	NULL	90	90	NULL	NULL	NULL	NULL	NULL	NULL	
155	155	NULL	NULL	381	381	171	171	424	424	465	465	NULL	NULL	NULL	NULL	90	90	NULL	NULL	NULL	NULL	NULL	NULL	
