433
0	3	0	8	-999	-999	2	0	2	1	0	0	0	0	0	
1	0	14	22	-999	-999	2	0	2	1	0	0	0	0	0	
2	2	22	8	-999	-999	2	0	2	1	0	0	0	0	0	
3	1	14	0	-999	-999	2	0	2	1	0	0	0	0	0	
4	0	8	0	-999	-999	2	0	2	1	0	0	0	0	0	
5	2	0	14	-999	-999	2	0	2	1	0	0	0	0	0	
6	1	8	22	-999	-999	2	0	2	1	0	0	0	0	0	
7	3	22	14	-999	-999	2	0	2	1	0	0	0	0	0	
8	24	14	18	-999	-999	2	0	0	0	0	0	0	0	0	
9	43	0	8	2	22	2	0	0	0	0	0	0	0	0	
10	40	6	22	-999	-999	2	0	0	0	0	0	0	0	0	
11	22	10	4	-999	-999	2	0	0	0	0	0	0	0	0	
12	40	18	4	-999	-999	2	0	0	0	0	0	0	0	0	
13	43	12	2	22	20	2	0	0	0	0	0	0	0	0	
14	43	12	10	20	0	2	0	0	0	0	0	0	0	0	
15	43	0	8	20	0	2	0	0	0	0	0	0	0	0	
16	43	12	10	2	22	2	0	0	0	0	0	0	0	0	
17	23	18	8	-999	-999	2	0	0	0	0	0	0	0	0	
18	37	6	10	2	22	2	0	0	0	0	0	0	0	0	
19	40	6	4	-999	-999	2	0	0	0	0	0	0	0	0	
20	40	6	0	-999	-999	2	0	0	0	0	0	0	0	0	
21	40	4	4	-999	-999	2	0	0	0	0	0	0	0	0	
22	40	14	4	-999	-999	2	0	0	0	0	0	0	0	0	
23	40	18	18	-999	-999	2	0	0	0	0	0	0	0	0	
24	40	8	18	-999	-999	2	0	0	0	0	0	0	0	0	
25	25	12	18	-999	-999	2	0	0	0	0	0	0	0	0	
26	22	18	12	-999	-999	2	0	0	0	0	0	0	0	0	
27	40	22	6	-999	-999	2	0	0	0	0	0	0	0	0	
28	42	12	6	22	20	2	0	0	0	0	0	0	0	0	
29	42	6	0	0	20	2	0	0	0	0	0	0	0	0	
30	37	10	5	20	0	2	0	0	0	0	0	0	0	0	
31	43	0	0	20	0	2	0	0	0	0	0	0	0	0	
32	37	6	2	2	0	2	0	0	0	0	0	0	0	0	
33	43	2	12	22	20	2	0	0	0	0	0	0	0	0	
34	24	4	8	-999	-999	2	0	0	0	0	0	0	0	0	
35	37	6	6	0	20	2	0	0	0	0	0	0	0	0	
36	14	6	2	10	10	2	100000	0	0	0	0	0	0	0	
37	43	10	12	12	10	2	0	0	0	0	0	0	0	0	
38	43	12	10	12	10	2	0	0	0	0	0	0	0	0	
39	12	2	6	10	10	2	100000	0	0	0	0	0	0	0	
40	43	0	0	12	10	2	0	0	0	0	0	0	0	0	
41	43	0	12	12	10	2	0	0	0	0	0	0	0	0	
42	43	12	12	12	10	2	0	0	0	0	0	0	0	0	
43	43	12	0	12	10	2	0	0	0	0	0	0	0	0	
44	32	10	10	-999	-999	2	0	0	0	0	0	0	0	0	
65	65	45	45	49	49	53	53	57	57	61	61	67	67	
65	65	45	45	49	49	53	53	57	57	61	61	67	67	
46	46	NULL	NULL	NULL	NULL	36	36	NULL	NULL	NULL	NULL	48	48	
46	46	NULL	NULL	NULL	NULL	36	36	NULL	NULL	NULL	NULL	48	48	
50	50	NULL	NULL	NULL	NULL	NULL	NULL	NULL	NULL	NULL	NULL	52	52	
50	50	NULL	NULL	NULL	NULL	NULL	NULL	NULL	NULL	NULL	NULL	52	52	
54	54	39	39	NULL	NULL	NULL	NULL	NULL	NULL	428	428	56	56	
54	54	39	39	NULL	NULL	NULL	NULL	NULL	NULL	428	428	56	56	
58	58	NULL	NULL	NULL	NULL	NULL	NULL	256	256	188	188	60	60	
58	58	NULL	NULL	NULL	NULL	NULL	NULL	256	256	188	188	60	60	
62	62	NULL	NULL	NULL	NULL	259	259	401	401	NULL	NULL	64	64	
62	62	NULL	NULL	NULL	NULL	259	259	401	401	NULL	NULL	64	64	
66	66	47	47	51	51	55	55	59	59	63	63	68	68	
66	66	47	47	51	51	55	55	59	59	63	63	68	68	
45	43	2	0	10	10	2	0	0	0	0	0	0	0	0	
46	43	0	2	10	10	2	0	0	0	0	0	0	0	0	
47	43	2	12	10	10	2	0	0	0	0	0	0	0	0	
48	43	12	2	10	10	2	0	0	0	0	0	0	0	0	
49	43	4	0	10	10	2	0	0	0	0	0	0	0	0	
50	43	0	4	10	10	2	0	0	0	0	0	0	0	0	
51	43	4	12	10	10	2	0	0	0	0	0	0	0	0	
52	43	12	4	10	10	2	0	0	0	0	0	0	0	0	
53	42	6	0	10	10	2	0	0	0	0	0	0	0	0	
54	42	0	6	10	10	2	0	0	0	0	0	0	0	0	
55	43	6	12	10	10	2	0	0	0	0	0	0	0	0	
56	43	12	6	10	10	2	0	0	0	0	0	0	0	0	
57	43	8	0	10	10	2	0	0	0	0	0	0	0	0	
58	43	0	8	10	10	2	0	0	0	0	0	0	0	0	
59	42	8	12	10	10	2	0	0	0	0	0	0	0	0	
60	42	12	8	10	10	4	0	0	0	0	0	0	0	0	
61	43	10	0	10	10	2	0	0	0	0	0	0	0	0	
62	43	0	10	10	10	2	0	0	0	0	0	0	0	0	
63	43	10	12	10	10	2	0	0	0	0	0	0	0	0	
64	43	12	10	10	10	2	0	0	0	0	0	0	0	0	
65	43	0	0	10	10	2	0	0	0	0	0	0	0	0	
66	43	0	12	10	10	2	0	0	0	0	0	0	0	0	
67	43	12	0	10	10	2	0	0	0	0	0	0	0	0	
68	43	12	12	10	10	2	0	0	0	0	0	0	0	0	
69	32	10	12	-999	-999	2	0	0	0	0	0	0	0	0	
90	90	70	70	74	74	78	78	82	82	86	86	92	92	
90	90	70	70	74	74	78	78	82	82	86	86	92	92	
71	71	NULL	NULL	NULL	NULL	398	398	192	192	NULL	NULL	73	73	
71	71	NULL	NULL	NULL	NULL	398	398	192	192	NULL	NULL	73	73	
75	75	NULL	NULL	NULL	NULL	NULL	NULL	283	283	253	253	77	77	
75	75	NULL	NULL	NULL	NULL	NULL	NULL	283	283	253	253	77	77	
79	79	142	142	NULL	NULL	NULL	NULL	NULL	NULL	237	237	81	81	
79	79	142	142	NULL	NULL	NULL	NULL	NULL	NULL	237	237	81	81	
83	83	NULL	NULL	NULL	NULL	NULL	NULL	NULL	NULL	NULL	NULL	85	85	
83	83	NULL	NULL	NULL	NULL	NULL	NULL	NULL	NULL	NULL	NULL	85	85	
87	87	NULL	NULL	NULL	NULL	143	143	NULL	NULL	NULL	NULL	89	89	
87	87	NULL	NULL	NULL	NULL	143	143	NULL	NULL	NULL	NULL	89	89	
91	91	72	72	76	76	80	80	84	84	88	88	93	93	
91	91	72	72	76	76	80	80	84	84	88	88	93	93	
70	43	2	0	10	12	2	0	0	0	0	0	0	0	0	
71	43	0	2	10	12	2	0	0	0	0	0	0	0	0	
72	43	2	12	10	12	2	0	0	0	0	0	0	0	0	
73	43	12	2	10	12	2	0	0	0	0	0	0	0	0	
74	43	4	0	10	12	2	0	0	0	0	0	0	0	0	
75	43	0	4	10	12	2	0	0	0	0	0	0	0	0	
76	43	4	12	10	12	2	0	0	0	0	0	0	0	0	
77	42	12	4	10	12	2	0	0	0	0	0	0	0	0	
78	43	6	0	10	12	2	0	0	0	0	0	0	0	0	
79	42	0	6	10	12	2	0	0	0	0	0	0	0	0	
80	42	6	12	10	12	2	0	0	0	0	0	0	0	0	
81	43	12	6	10	12	2	0	0	0	0	0	0	0	0	
82	42	8	0	10	12	4	0	0	0	0	0	0	0	0	
83	43	0	8	10	12	2	0	0	0	0	0	0	0	0	
84	43	8	12	10	12	2	0	0	0	0	0	0	0	0	
85	43	12	8	10	12	2	0	0	0	0	0	0	0	0	
86	43	10	0	10	12	2	0	0	0	0	0	0	0	0	
87	43	0	10	10	12	2	0	0	0	0	0	0	0	0	
88	43	10	12	10	12	2	0	0	0	0	0	0	0	0	
89	43	12	10	10	12	2	0	0	0	0	0	0	0	0	
90	43	0	0	10	12	2	0	0	0	0	0	0	0	0	
91	43	0	12	10	12	2	0	0	0	0	0	0	0	0	
92	43	12	0	10	12	2	0	0	0	0	0	0	0	0	
93	43	12	12	10	12	2	0	0	0	0	0	0	0	0	
94	32	12	12	-999	-999	2	0	0	0	0	0	0	0	0	
115	115	95	95	99	99	103	103	107	107	111	111	117	117	
115	115	95	95	99	99	103	103	107	107	111	111	117	117	
96	96	NULL	NULL	265	265	408	408	NULL	NULL	NULL	NULL	98	98	
96	96	NULL	NULL	265	265	408	408	NULL	NULL	NULL	NULL	98	98	
100	100	285	285	268	268	NULL	NULL	NULL	NULL	NULL	NULL	102	102	
100	100	285	285	268	268	NULL	NULL	NULL	NULL	NULL	NULL	102	102	
104	104	397	397	NULL	NULL	NULL	NULL	NULL	NULL	138	138	106	106	
104	104	397	397	NULL	NULL	NULL	NULL	NULL	NULL	138	138	106	106	
108	108	NULL	NULL	NULL	NULL	NULL	NULL	NULL	NULL	NULL	NULL	110	110	
108	108	NULL	NULL	NULL	NULL	NULL	NULL	NULL	NULL	NULL	NULL	110	110	
112	112	NULL	NULL	NULL	NULL	139	139	NULL	NULL	NULL	NULL	114	114	
112	112	NULL	NULL	NULL	NULL	139	139	NULL	NULL	NULL	NULL	114	114	
116	116	97	97	101	101	105	105	109	109	113	113	118	118	
116	116	97	97	101	101	105	105	109	109	113	113	118	118	
95	43	2	0	12	12	2	0	0	0	0	0	0	0	0	
96	43	0	2	12	12	2	0	0	0	0	0	0	0	0	
97	43	2	12	12	12	2	0	0	0	0	0	0	0	0	
98	43	12	2	12	12	2	0	0	0	0	0	0	0	0	
99	42	4	0	12	12	2	0	0	0	0	0	0	0	0	
100	42	0	4	12	12	4	0	0	0	0	0	0	0	0	
101	43	4	12	12	12	2	0	0	0	0	0	0	0	0	
102	43	12	4	12	12	2	0	0	0	0	0	0	0	0	
103	43	6	0	12	12	2	0	0	0	0	0	0	0	0	
104	43	0	6	12	12	2	0	0	0	0	0	0	0	0	
105	42	6	12	12	12	2	0	0	0	0	0	0	0	0	
106	42	12	6	12	12	2	0	0	0	0	0	0	0	0	
107	43	8	0	12	12	2	0	0	0	0	0	0	0	0	
108	43	0	8	12	12	2	0	0	0	0	0	0	0	0	
109	43	8	12	12	12	2	0	0	0	0	0	0	0	0	
110	43	12	8	12	12	2	0	0	0	0	0	0	0	0	
111	43	10	0	12	12	2	0	0	0	0	0	0	0	0	
112	43	0	10	12	12	2	0	0	0	0	0	0	0	0	
113	43	10	12	12	12	2	0	0	0	0	0	0	0	0	
114	43	12	10	12	12	2	0	0	0	0	0	0	0	0	
115	43	0	0	12	12	2	0	0	0	0	0	0	0	0	
116	43	0	12	12	12	2	0	0	0	0	0	0	0	0	
117	43	12	0	12	12	2	0	0	0	0	0	0	0	0	
118	43	12	12	12	12	2	0	0	0	0	0	0	0	0	
119	32	12	10	-999	-999	2	0	0	0	0	0	0	0	0	
40	40	120	120	124	124	128	128	132	132	136	136	43	43	
40	40	120	120	124	124	128	128	132	132	136	136	43	43	
121	121	NULL	NULL	NULL	NULL	140	140	NULL	NULL	NULL	NULL	123	123	
121	121	NULL	NULL	NULL	NULL	140	140	NULL	NULL	NULL	NULL	123	123	
125	125	NULL	NULL	NULL	NULL	NULL	NULL	NULL	NULL	NULL	NULL	127	127	
125	125	NULL	NULL	NULL	NULL	NULL	NULL	NULL	NULL	NULL	NULL	127	127	
129	129	402	402	NULL	NULL	NULL	NULL	NULL	NULL	141	141	131	131	
129	129	402	402	NULL	NULL	NULL	NULL	NULL	NULL	141	141	131	131	
133	133	317	317	233	233	NULL	NULL	NULL	NULL	NULL	NULL	135	135	
133	133	317	317	233	233	NULL	NULL	NULL	NULL	NULL	NULL	135	135	
137	137	NULL	NULL	185	185	287	287	NULL	NULL	NULL	NULL	38	38	
137	137	NULL	NULL	185	185	287	287	NULL	NULL	NULL	NULL	38	38	
41	41	122	122	126	126	130	130	134	134	37	37	42	42	
41	41	122	122	126	126	130	130	134	134	37	37	42	42	
120	43	2	0	12	10	2	0	0	0	0	0	0	0	0	
121	43	0	2	12	10	2	0	0	0	0	0	0	0	0	
122	43	2	12	12	10	2	0	0	0	0	0	0	0	0	
123	43	12	2	12	10	2	0	0	0	0	0	0	0	0	
124	43	4	0	12	10	2	0	0	0	0	0	0	0	0	
125	43	0	4	12	10	2	0	0	0	0	0	0	0	0	
126	42	4	12	12	10	4	0	0	0	0	0	0	0	0	
127	43	12	4	12	10	2	0	0	0	0	0	0	0	0	
128	42	6	0	12	10	2	0	0	0	0	0	0	0	0	
129	43	0	6	12	10	2	0	0	0	0	0	0	0	0	
130	43	6	12	12	10	2	0	0	0	0	0	0	0	0	
131	42	12	6	12	10	2	0	0	0	0	0	0	0	0	
132	43	8	0	12	10	2	0	0	0	0	0	0	0	0	
133	42	0	8	12	10	2	0	0	0	0	0	0	0	0	
134	43	8	12	12	10	2	0	0	0	0	0	0	0	0	
135	43	12	8	12	10	2	0	0	0	0	0	0	0	0	
136	43	10	0	12	10	2	0	0	0	0	0	0	0	0	
137	43	0	10	12	10	2	0	0	0	0	0	0	0	0	
138	12	10	6	12	12	2	100000	0	0	0	0	0	0	0	
139	14	6	10	12	12	2	100000	0	0	0	0	0	0	0	
140	15	6	2	12	10	2	100000	0	0	0	0	0	0	0	
141	13	10	6	12	10	2	100000	0	0	0	0	0	0	0	
142	13	2	6	10	12	2	100000	0	0	0	0	0	0	0	
143	15	6	10	10	12	2	100000	0	0	0	0	0	0	0	
144	43	10	12	2	22	2	0	0	0	0	0	0	0	0	
145	37	8	6	2	0	3	0	0	0	0	0	0	0	0	
146	43	12	12	22	2	2	0	0	0	0	0	0	0	0	
147	43	8	0	22	20	2	0	0	0	0	0	0	0	0	
148	43	0	10	20	22	2	0	0	0	0	0	0	0	0	
149	43	12	4	2	0	2	0	0	0	0	0	0	0	0	
150	43	4	12	20	22	2	0	0	0	0	0	0	0	0	
151	43	10	0	22	20	2	0	0	0	0	0	0	0	0	
152	43	12	4	22	20	2	0	0	0	0	0	0	0	0	
153	37	8	4	22	2	2	0	0	0	0	0	0	0	0	
154	43	12	8	22	2	2	0	0	0	0	0	0	0	0	
155	43	0	0	2	22	2	0	0	0	0	0	0	0	0	
156	37	4	8	22	2	2	0	0	0	0	0	0	0	0	
157	42	6	0	2	22	2	0	0	0	0	0	0	0	0	
158	43	12	10	2	0	2	0	0	0	0	0	0	0	0	
159	42	6	0	22	20	2	0	0	0	0	0	0	0	0	
160	43	0	4	22	2	2	0	0	0	0	0	0	0	0	
161	40	22	16	-999	-999	2	0	0	0	0	0	0	0	0	
162	37	5	10	22	2	2	0	0	0	0	0	0	0	0	
163	43	0	12	2	22	2	0	0	0	0	0	0	0	0	
164	43	0	0	22	2	2	0	0	0	0	0	0	0	0	
165	37	7	2	20	0	2	0	0	0	0	0	0	0	0	
166	37	6	6	2	0	2	0	0	0	0	0	0	0	0	
167	43	12	8	2	22	2	0	0	0	0	0	0	0	0	
168	40	22	12	-999	-999	2	0	0	0	0	0	0	0	0	
169	32	20	22	-999	-999	2	0	0	0	0	0	0	0	0	
335	335	197	197	178	178	234	234	261	261	330	330	331	331	
335	335	197	197	178	178	234	234	261	261	330	330	331	331	
247	247	NULL	NULL	NULL	NULL	NULL	NULL	NULL	NULL	NULL	NULL	244	244	
247	247	NULL	NULL	NULL	NULL	NULL	NULL	NULL	NULL	NULL	NULL	244	244	
249	249	NULL	NULL	NULL	NULL	NULL	NULL	NULL	NULL	NULL	NULL	190	190	
249	249	NULL	NULL	NULL	NULL	NULL	NULL	NULL	NULL	NULL	NULL	190	190	
418	418	NULL	NULL	NULL	NULL	NULL	NULL	NULL	NULL	NULL	NULL	421	421	
418	418	246	246	NULL	NULL	NULL	NULL	NULL	NULL	248	248	421	421	
275	275	246	246	272	272	NULL	NULL	299	299	248	248	262	262	
275	275	NULL	NULL	272	272	NULL	NULL	299	299	NULL	NULL	262	262	
148	148	NULL	NULL	NULL	217	217	338	338	NULL	NULL	NULL	323	323	
148	148	NULL	NULL	NULL	217	217	338	338	NULL	NULL	NULL	323	323	
254	254	396	396	150	150	410	410	264	264	209	209	326	326	
254	254	396	396	150	150	410	410	264	264	209	209	326	326	
170	43	0	0	0	20	2	0	0	0	0	0	0	0	0	
171	40	0	12	-999	-999	2	0	0	0	0	0	0	0	0	
172	43	0	2	2	0	2	0	0	0	0	0	0	0	0	
173	43	0	10	2	0	2	0	0	0	0	0	0	0	0	
174	43	4	0	20	0	2	0	0	0	0	0	0	0	0	
175	43	12	8	20	0	2	0	0	0	0	0	0	0	0	
176	40	4	18	-999	-999	2	0	0	0	0	0	0	0	0	
177	43	0	2	20	0	2	0	0	0	0	0	0	0	0	
178	43	4	0	20	22	2	0	0	0	0	0	0	0	0	
179	43	0	10	22	20	2	0	0	0	0	0	0	0	0	
180	25	8	4	-999	-999	2	0	0	0	0	0	0	0	0	
181	43	12	2	20	0	2	0	0	0	0	0	0	0	0	
182	32	2	22	-999	-999	2	0	0	0	0	0	0	0	0	
155	155	183	183	206	206	157	157	210	210	280	280	392	392	
155	155	183	183	206	206	157	157	210	210	280	280	392	392	
414	414	NULL	NULL	NULL	NULL	228	228	NULL	NULL	NULL	NULL	413	413	
414	414	NULL	NULL	NULL	NULL	228	228	NULL	NULL	NULL	NULL	413	413	
375	375	NULL	NULL	NULL	NULL	388	388	NULL	NULL	NULL	NULL	374	374	
375	375	NULL	NULL	NULL	NULL	388	388	371	371	NULL	NULL	374	374	
232	232	NULL	NULL	NULL	NULL	214	214	371	371	378	378	207	207	
232	232	NULL	NULL	NULL	NULL	214	214	NULL	NULL	378	378	207	207	
9	9	NULL	NULL	NULL	NULL	377	377	NULL	NULL	NULL	NULL	167	167	
9	9	NULL	NULL	NULL	NULL	377	377	NULL	NULL	NULL	NULL	167	167	
373	373	NULL	NULL	NULL	NULL	18	18	NULL	NULL	NULL	NULL	16	16	
373	373	NULL	NULL	NULL	NULL	18	18	NULL	NULL	NULL	NULL	16	16	
163	163	370	370	383	383	276	276	196	196	144	144	200	200	
163	163	370	370	383	383	276	276	196	196	144	144	200	200	
183	43	2	0	2	22	2	0	0	0	0	0	0	0	0	
184	40	18	14	-999	-999	2	0	0	0	0	0	0	0	0	
185	37	4	10	12	10	2	0	0	0	0	0	0	0	0	
186	40	18	16	-999	-999	2	0	0	0	0	0	0	0	0	
187	37	8	4	20	0	2	0	0	0	0	0	0	0	0	
188	37	10	8	10	10	2	0	0	0	0	0	0	0	0	
189	43	12	8	2	0	2	0	0	0	0	0	0	0	0	
190	43	12	4	20	22	2	0	0	0	0	0	0	0	0	
191	40	10	0	-999	-999	2	0	0	0	0	0	0	0	0	
192	37	8	2	10	12	2	0	0	0	0	0	0	0	0	
193	37	6	4	2	0	2	0	0	0	0	0	0	0	0	
194	23	4	10	-999	-999	2	0	0	0	0	0	0	0	0	
195	43	10	12	20	0	2	0	0	0	0	0	0	0	0	
196	43	8	12	2	22	2	0	0	0	0	0	0	0	0	
197	43	2	0	20	22	2	0	0	0	0	0	0	0	0	
198	37	10	5	22	2	2	0	0	0	0	0	0	0	0	
199	43	4	0	22	20	2	0	0	0	0	0	0	0	0	
200	43	12	12	2	22	2	0	0	0	0	0	0	0	0	
201	40	18	10	-999	-999	2	0	0	0	0	0	0	0	0	
202	40	0	10	-999	-999	2	0	0	0	0	0	0	0	0	
203	37	2	7	20	0	2	0	0	0	0	0	0	0	0	
204	43	8	0	20	0	2	0	0	0	0	0	0	0	0	
205	43	0	10	20	0	2	0	0	0	0	0	0	0	0	
206	43	4	0	2	22	2	0	0	0	0	0	0	0	0	
207	42	12	6	2	22	2	0	0	0	0	0	0	0	0	
208	42	0	6	20	0	2	0	0	0	0	0	0	0	0	
209	43	10	12	20	22	2	0	0	0	0	0	0	0	0	
210	43	8	0	2	22	2	0	0	0	0	0	0	0	0	
211	40	0	16	-999	-999	2	0	0	0	0	0	0	0	0	
212	40	4	12	-999	-999	2	0	0	0	0	0	0	0	0	
213	43	2	0	20	0	2	0	0	0	0	0	0	0	0	
214	37	6	6	2	22	3	0	0	0	0	0	0	0	0	
215	42	12	6	22	2	2	0	0	0	0	0	0	0	0	
216	37	6	2	22	20	2	0	0	0	0	0	0	0	0	
217	37	5	10	20	22	2	0	0	0	0	0	0	0	0	
218	42	6	0	20	0	2	0	0	0	0	0	0	0	0	
219	37	10	6	2	0	2	0	0	0	0	0	0	0	0	
220	32	22	2	-999	-999	2	0	0	0	0	0	0	0	0	
164	164	334	334	405	405	417	417	336	336	321	321	277	277	
164	164	334	334	405	405	417	417	336	336	321	321	277	277	
273	273	NULL	NULL	NULL	NULL	NULL	328	328	NULL	NULL	NULL	325	325	
273	273	NULL	NULL	NULL	NULL	NULL	328	328	NULL	NULL	NULL	325	325	
160	160	NULL	NULL	NULL	NULL	NULL	NULL	153	153	NULL	NULL	333	333	
160	160	NULL	NULL	NULL	NULL	NULL	NULL	153	153	198	198	333	333	
224	224	NULL	NULL	NULL	NULL	NULL	NULL	NULL	NULL	198	198	215	215	
224	224	271	271	NULL	NULL	NULL	NULL	NULL	NULL	NULL	NULL	215	215	
319	319	271	271	156	156	NULL	NULL	NULL	NULL	NULL	NULL	154	154	
319	319	NULL	NULL	156	156	NULL	NULL	NULL	NULL	NULL	NULL	154	154	
281	281	NULL	NULL	NULL	162	162	NULL	NULL	NULL	NULL	NULL	266	266	
281	281	NULL	NULL	NULL	162	162	NULL	NULL	NULL	NULL	NULL	266	266	
279	279	341	341	403	403	412	412	390	390	332	332	146	146	
279	279	341	341	403	403	412	412	390	390	332	332	146	146	
221	43	0	0	2	0	2	0	0	0	0	0	0	0	0	
222	43	8	0	2	0	2	0	0	0	0	0	0	0	0	
223	42	6	12	2	0	2	0	0	0	0	0	0	0	0	
224	42	0	6	22	2	2	0	0	0	0	0	0	0	0	
225	42	12	6	2	0	2	0	0	0	0	0	0	0	0	
226	43	2	0	2	0	2	0	0	0	0	0	0	0	0	
227	43	0	4	2	0	2	0	0	0	0	0	0	0	0	
228	37	6	2	2	22	4	0	0	0	0	0	0	0	0	
229	43	0	6	2	0	2	0	0	0	0	0	0	0	0	
230	43	10	12	2	0	2	0	0	0	0	0	0	0	0	
231	43	4	0	2	0	2	0	0	0	0	0	0	0	0	
232	42	0	6	2	22	2	0	0	0	0	0	0	0	0	
233	37	4	8	12	10	3	0	0	0	0	0	0	0	0	
234	42	6	0	20	22	2	0	0	0	0	0	0	0	0	
235	37	6	10	2	0	2	0	0	0	0	0	0	0	0	
236	43	12	12	20	0	2	0	0	0	0	0	0	0	0	
237	4	10	6	10	12	2	0	2	1	0	0	0	0	0	
238	32	2	0	-999	-999	2	0	0	0	0	0	0	0	0	
221	221	226	226	231	231	267	267	222	222	324	324	291	291	
221	221	226	226	231	231	267	267	222	222	324	324	291	291	
172	172	NULL	NULL	NULL	NULL	32	32	NULL	NULL	NULL	NULL	243	243	
172	172	NULL	NULL	NULL	NULL	32	32	NULL	NULL	NULL	NULL	243	243	
227	227	NULL	NULL	NULL	NULL	193	193	NULL	NULL	NULL	NULL	149	149	
227	227	NULL	NULL	NULL	NULL	193	193	NULL	NULL	NULL	NULL	149	149	
229	229	NULL	NULL	NULL	NULL	166	166	145	145	219	219	225	225	
229	229	NULL	NULL	NULL	NULL	166	166	145	145	219	219	225	225	
260	260	NULL	NULL	NULL	NULL	251	251	NULL	NULL	NULL	NULL	189	189	
260	260	NULL	NULL	NULL	NULL	251	251	NULL	NULL	NULL	NULL	189	189	
173	173	NULL	NULL	NULL	NULL	235	235	NULL	NULL	NULL	NULL	158	158	
173	173	NULL	NULL	NULL	NULL	235	235	NULL	NULL	NULL	NULL	158	158	
239	239	406	406	411	411	223	223	245	245	230	230	394	394	
239	239	406	406	411	411	223	223	245	245	230	230	394	394	
239	43	0	12	2	0	2	0	0	0	0	0	0	0	0	
240	40	4	14	-999	-999	2	0	0	0	0	0	0	0	0	
241	43	8	12	20	0	2	0	0	0	0	0	0	0	0	
242	40	10	18	-999	-999	2	0	0	0	0	0	0	0	0	
243	43	12	2	2	0	2	0	0	0	0	0	0	0	0	
244	43	12	2	20	22	2	0	0	0	0	0	0	0	0	
245	43	8	12	2	0	2	0	0	0	0	0	0	0	0	
246	37	2	7	20	22	2	0	0	0	0	0	0	0	0	
247	43	0	2	20	22	2	0	0	0	0	0	0	0	0	
248	37	10	7	20	22	2	0	0	0	0	0	0	0	0	
249	43	0	4	20	22	2	0	0	0	0	0	0	0	0	
250	42	6	12	22	20	2	0	0	0	0	0	0	0	0	
251	74	6	8	2	0	4	0	0	0	0	0	0	0	0	
252	22	4	16	-999	-999	2	0	0	0	0	0	0	0	0	
253	37	10	4	10	12	2	0	0	0	0	0	0	0	0	
254	43	0	12	20	22	2	0	0	0	0	0	0	0	0	
255	40	10	22	-999	-999	2	0	0	0	0	0	0	0	0	
256	37	8	8	10	10	3	0	0	0	0	0	0	0	0	
257	42	6	12	20	0	2	0	0	0	0	0	0	0	0	
258	24	12	4	-999	-999	2	0	0	0	0	0	0	0	0	
259	4	6	10	10	10	2	0	2	1	0	0	0	0	0	
260	43	0	8	2	0	2	0	0	0	0	0	0	0	0	
261	43	8	0	20	22	2	0	0	0	0	0	0	0	0	
262	43	12	8	20	22	2	0	0	0	0	0	0	0	0	
263	37	6	2	0	20	4	0	0	0	0	0	0	0	0	
264	43	8	12	20	22	2	0	0	0	0	0	0	0	0	
265	37	4	2	12	12	2	0	0	0	0	0	0	0	0	
266	43	12	10	22	2	2	0	0	0	0	0	0	0	0	
267	42	6	0	2	0	2	0	0	0	0	0	0	0	0	
268	37	4	4	12	12	3	0	0	0	0	0	0	0	0	
269	37	6	8	22	20	2	0	0	0	0	0	0	0	0	
270	43	10	0	0	20	2	0	0	0	0	0	0	0	0	
271	37	2	7	22	2	2	0	0	0	0	0	0	0	0	
272	37	4	8	20	22	2	0	0	0	0	0	0	0	0	
273	43	0	2	22	2	2	0	0	0	0	0	0	0	0	
274	43	10	12	0	20	2	0	0	0	0	0	0	0	0	
275	43	0	8	20	22	2	0	0	0	0	0	0	0	0	
276	42	6	12	2	22	2	0	0	0	0	0	0	0	0	
277	43	12	0	22	2	2	0	0	0	0	0	0	0	0	
278	43	0	8	0	20	2	0	0	0	0	0	0	0	0	
279	43	0	12	22	2	2	0	0	0	0	0	0	0	0	
280	43	10	0	2	22	2	0	0	0	0	0	0	0	0	
281	43	0	10	22	2	2	0	0	0	0	0	0	0	0	
282	42	12	6	0	20	2	0	0	0	0	0	0	0	0	
283	37	8	4	10	12	3	0	0	0	0	0	0	0	0	
284	37	6	6	22	20	2	0	0	0	0	0	0	0	0	
285	37	2	4	12	12	2	0	0	0	0	0	0	0	0	
286	42	0	6	0	20	2	0	0	0	0	0	0	0	0	
287	4	6	10	12	10	2	0	2	1	0	0	0	0	0	
288	43	0	12	22	20	2	0	0	0	0	0	0	0	0	
289	43	12	10	22	20	2	0	0	0	0	0	0	0	0	
290	43	8	12	0	20	2	0	0	0	0	0	0	0	0	
291	43	12	0	2	0	2	0	0	0	0	0	0	0	0	
292	32	0	20	-999	-999	2	0	0	0	0	0	0	0	0	
170	170	314	314	297	297	29	29	306	306	270	270	301	301	
170	170	314	314	297	297	29	29	306	306	270	270	301	301	
304	304	NULL	NULL	NULL	NULL	263	263	NULL	NULL	NULL	NULL	294	294	
304	304	NULL	NULL	NULL	NULL	263	263	NULL	NULL	NULL	NULL	294	294	
315	315	NULL	NULL	NULL	NULL	316	316	NULL	NULL	NULL	NULL	313	313	
315	315	NULL	NULL	NULL	NULL	316	316	307	307	NULL	NULL	313	313	
286	286	NULL	NULL	NULL	NULL	35	35	307	307	312	312	282	282	
286	286	NULL	NULL	NULL	NULL	35	35	NULL	NULL	312	312	282	282	
278	278	NULL	NULL	NULL	NULL	309	309	NULL	NULL	NULL	NULL	296	296	
278	278	NULL	NULL	NULL	NULL	309	309	NULL	NULL	NULL	NULL	296	296	
318	318	NULL	NULL	NULL	NULL	298	298	NULL	NULL	NULL	NULL	302	302	
318	318	NULL	NULL	NULL	NULL	298	298	NULL	NULL	NULL	NULL	302	302	
305	305	300	300	310	310	308	308	290	290	274	274	303	303	
305	305	300	300	310	310	308	308	290	290	274	274	303	303	
293	43	4	12	22	20	2	0	0	0	0	0	0	0	0	
294	43	12	2	0	20	2	0	0	0	0	0	0	0	0	
295	40	16	0	-999	-999	2	0	0	0	0	0	0	0	0	
296	43	12	8	0	20	2	0	0	0	0	0	0	0	0	
297	43	4	0	0	20	2	0	0	0	0	0	0	0	0	
298	37	6	10	0	20	2	0	0	0	0	0	0	0	0	
299	37	8	8	20	22	2	0	0	0	0	0	0	0	0	
300	43	2	12	0	20	2	0	0	0	0	0	0	0	0	
301	43	12	0	0	20	2	0	0	0	0	0	0	0	0	
302	43	12	10	0	20	2	0	0	0	0	0	0	0	0	
303	43	12	12	0	20	2	0	0	0	0	0	0	0	0	
304	43	0	2	0	20	2	0	0	0	0	0	0	0	0	
305	43	0	12	0	20	2	0	0	0	0	0	0	0	0	
306	43	8	0	0	20	2	0	0	0	0	0	0	0	0	
307	37	8	5	0	20	3	0	0	0	0	0	0	0	0	
308	42	6	12	0	20	2	0	0	0	0	0	0	0	0	
309	37	6	8	0	20	2	0	0	0	0	0	0	0	0	
310	43	4	12	0	20	2	0	0	0	0	0	0	0	0	
311	32	20	0	-999	-999	2	0	0	0	0	0	0	0	0	
31	31	213	213	174	174	218	218	204	204	407	407	387	387	
31	31	213	213	174	174	218	218	204	204	407	407	387	387	
177	177	NULL	NULL	NULL	NULL	NULL	165	165	NULL	NULL	NULL	181	181	
177	177	NULL	NULL	NULL	NULL	NULL	165	165	NULL	NULL	NULL	181	181	
322	322	NULL	NULL	NULL	NULL	NULL	NULL	187	187	NULL	NULL	340	340	
322	322	NULL	NULL	NULL	NULL	NULL	NULL	187	187	30	30	340	340	
208	208	NULL	NULL	NULL	NULL	NULL	NULL	NULL	NULL	30	30	327	327	
208	208	203	203	NULL	NULL	NULL	NULL	NULL	NULL	NULL	NULL	327	327	
15	15	203	203	426	426	NULL	NULL	NULL	NULL	NULL	NULL	175	175	
15	15	NULL	NULL	426	426	NULL	NULL	NULL	NULL	NULL	NULL	175	175	
205	205	NULL	NULL	NULL	337	337	NULL	NULL	NULL	NULL	NULL	14	14	
205	205	NULL	NULL	NULL	337	337	NULL	NULL	NULL	NULL	NULL	14	14	
386	386	430	430	339	339	257	257	241	241	195	195	236	236	
386	386	430	430	339	339	257	257	241	241	195	195	236	236	
312	37	10	6	0	20	3	0	0	0	0	0	0	0	0	
313	43	12	4	0	20	2	0	0	0	0	0	0	0	0	
314	43	2	0	0	20	2	0	0	0	0	0	0	0	0	
315	43	0	4	0	20	2	0	0	0	0	0	0	0	0	
316	37	6	4	0	20	4	0	0	0	0	0	0	0	0	
317	37	2	8	12	10	2	0	0	0	0	0	0	0	0	
318	43	0	10	0	20	2	0	0	0	0	0	0	0	0	
319	43	0	8	22	2	2	0	0	0	0	0	0	0	0	
320	43	12	0	22	20	2	0	0	0	0	0	0	0	0	
321	43	10	0	22	2	2	0	0	0	0	0	0	0	0	
322	43	0	4	20	0	2	0	0	0	0	0	0	0	0	
323	43	12	10	20	22	2	0	0	0	0	0	0	0	0	
324	43	10	0	2	0	2	0	0	0	0	0	0	0	0	
325	43	12	2	22	2	2	0	0	0	0	0	0	0	0	
326	43	12	12	20	22	2	0	0	0	0	0	0	0	0	
327	42	12	6	20	0	2	0	0	0	0	0	0	0	0	
328	37	7	2	22	2	2	0	0	0	0	0	0	0	0	
329	43	12	8	22	20	2	0	0	0	0	0	0	0	0	
330	43	10	0	20	22	2	0	0	0	0	0	0	0	0	
331	43	12	0	20	22	2	0	0	0	0	0	0	0	0	
332	43	10	12	22	2	2	0	0	0	0	0	0	0	0	
333	43	12	4	22	2	2	0	0	0	0	0	0	0	0	
334	43	2	0	22	2	2	0	0	0	0	0	0	0	0	
335	43	0	0	20	22	2	0	0	0	0	0	0	0	0	
336	43	8	0	22	2	2	0	0	0	0	0	0	0	0	
337	37	5	10	20	0	2	0	0	0	0	0	0	0	0	
338	37	7	10	20	22	3	0	0	0	0	0	0	0	0	
339	43	4	12	20	0	2	0	0	0	0	0	0	0	0	
340	43	12	4	20	0	2	0	0	0	0	0	0	0	0	
341	43	2	12	22	2	2	0	0	0	0	0	0	0	0	
342	17	2	6	22	20	2	0	0	0	0	0	0	0	0	
343	43	0	8	22	20	2	0	0	0	0	0	0	0	0	
344	43	2	12	0	2	2	0	0	0	0	0	0	0	0	
345	43	0	0	0	2	2	0	0	0	0	0	0	0	0	
346	43	12	0	0	2	2	0	0	0	0	0	0	0	0	
347	43	8	0	0	2	2	0	0	0	0	0	0	0	0	
348	43	0	8	0	2	2	0	0	0	0	0	0	0	0	
349	42	6	12	0	2	2	0	0	0	0	0	0	0	0	
350	74	8	6	0	2	4	0	0	0	0	0	0	0	0	
351	43	0	10	0	2	2	0	0	0	0	0	0	0	0	
352	37	10	6	0	2	2	0	0	0	0	0	0	0	0	
353	43	10	0	0	2	2	0	0	0	0	0	0	0	0	
354	37	6	4	0	2	2	0	0	0	0	0	0	0	0	
355	37	6	10	0	2	2	0	0	0	0	0	0	0	0	
356	43	2	0	0	2	2	0	0	0	0	0	0	0	0	
357	43	0	4	0	2	2	0	0	0	0	0	0	0	0	
358	42	6	0	0	2	2	0	0	0	0	0	0	0	0	
359	43	0	6	0	2	2	0	0	0	0	0	0	0	0	
360	42	12	6	0	2	2	0	0	0	0	0	0	0	0	
361	37	6	8	0	2	3	0	0	0	0	0	0	0	0	
362	43	4	0	0	2	2	0	0	0	0	0	0	0	0	
363	43	12	2	0	2	2	0	0	0	0	0	0	0	0	
364	43	4	12	0	2	2	0	0	0	0	0	0	0	0	
365	43	12	10	0	2	2	0	0	0	0	0	0	0	0	
366	43	0	2	0	2	2	0	0	0	0	0	0	0	0	
367	43	0	12	0	2	2	0	0	0	0	0	0	0	0	
368	37	6	6	0	2	2	0	0	0	0	0	0	0	0	
369	43	2	0	22	20	2	0	0	0	0	0	0	0	0	
370	43	2	12	2	22	2	0	0	0	0	0	0	0	0	
371	37	8	5	2	22	2	0	0	0	0	0	0	0	0	
372	40	12	22	-999	-999	2	0	0	0	0	0	0	0	0	
373	43	0	10	2	22	2	0	0	0	0	0	0	0	0	
374	43	12	4	2	22	2	0	0	0	0	0	0	0	0	
375	43	0	4	2	22	2	0	0	0	0	0	0	0	0	
376	43	10	12	22	20	2	0	0	0	0	0	0	0	0	
377	37	6	8	2	22	3	0	0	0	0	0	0	0	0	
378	37	10	6	2	22	2	0	0	0	0	0	0	0	0	
379	43	0	0	22	20	2	0	0	0	0	0	0	0	0	
380	40	16	22	-999	-999	2	0	0	0	0	0	0	0	0	
381	27	10	6	22	20	2	0	0	0	0	0	0	0	0	
382	40	16	4	-999	-999	2	0	0	0	0	0	0	0	0	
383	43	4	12	2	22	2	0	0	0	0	0	0	0	0	
384	43	0	4	22	20	2	0	0	0	0	0	0	0	0	
385	42	0	6	22	20	2	0	0	0	0	0	0	0	0	
386	43	0	12	20	0	2	0	0	0	0	0	0	0	0	
387	43	12	0	20	0	2	0	0	0	0	0	0	0	0	
388	37	6	4	2	22	4	0	0	0	0	0	0	0	0	
389	43	12	12	22	20	2	0	0	0	0	0	0	0	0	
390	43	8	12	22	2	2	0	0	0	0	0	0	0	0	
391	40	0	6	-999	-999	2	0	0	0	0	0	0	0	0	
392	43	12	0	2	22	2	0	0	0	0	0	0	0	0	
393	40	12	0	-999	-999	2	0	0	0	0	0	0	0	0	
394	43	12	12	2	0	2	0	0	0	0	0	0	0	0	
395	40	4	6	-999	-999	2	0	0	0	0	0	0	0	0	
396	43	2	12	20	22	2	0	0	0	0	0	0	0	0	
397	4	2	6	12	12	2	0	2	1	0	0	0	0	0	
398	4	6	2	10	12	2	0	2	1	0	0	0	0	0	
399	32	22	20	-999	-999	2	0	0	0	0	0	0	0	0	
379	379	369	369	199	199	159	159	147	147	151	151	320	320	
379	379	369	369	199	199	159	159	147	147	151	151	320	320	
432	432	NULL	NULL	NULL	NULL	216	216	NULL	NULL	NULL	NULL	13	13	
432	432	NULL	NULL	NULL	NULL	216	216	NULL	NULL	NULL	NULL	13	13	
384	384	NULL	NULL	NULL	NULL	425	425	NULL	NULL	NULL	NULL	152	152	
384	384	NULL	NULL	NULL	NULL	425	425	NULL	NULL	NULL	NULL	152	152	
385	385	342	342	NULL	NULL	284	284	NULL	NULL	381	381	28	28	
385	385	342	342	NULL	NULL	284	284	NULL	NULL	381	381	28	28	
343	343	NULL	NULL	NULL	NULL	269	269	NULL	NULL	NULL	NULL	329	329	
343	343	NULL	NULL	NULL	NULL	269	269	NULL	NULL	NULL	NULL	329	329	
179	179	NULL	NULL	NULL	NULL	415	415	NULL	NULL	NULL	NULL	289	289	
179	179	NULL	NULL	NULL	NULL	415	415	NULL	NULL	NULL	NULL	289	289	
288	288	33	33	293	293	250	250	404	404	376	376	389	389	
288	288	33	33	293	293	250	250	404	404	376	376	389	389	
400	43	10	12	0	2	2	0	0	0	0	0	0	0	0	
401	37	8	10	10	10	2	0	0	0	0	0	0	0	0	
402	4	2	6	12	10	2	0	2	1	0	0	0	0	0	
403	43	4	12	22	2	2	0	0	0	0	0	0	0	0	
404	43	8	12	22	20	2	0	0	0	0	0	0	0	0	
405	43	4	0	22	2	2	0	0	0	0	0	0	0	0	
406	43	2	12	2	0	2	0	0	0	0	0	0	0	0	
407	43	10	0	20	0	2	0	0	0	0	0	0	0	0	
408	4	6	2	12	12	2	0	2	1	0	0	0	0	0	
409	40	22	10	-999	-999	2	0	0	0	0	0	0	0	0	
410	42	6	12	20	22	4	0	0	0	0	0	0	0	0	
411	43	4	12	2	0	2	0	0	0	0	0	0	0	0	
412	42	6	12	22	2	2	0	0	0	0	0	0	0	0	
413	43	12	2	2	22	2	0	0	0	0	0	0	0	0	
414	43	0	2	2	22	2	0	0	0	0	0	0	0	0	
415	37	6	10	22	20	2	0	0	0	0	0	0	0	0	
416	43	8	12	0	2	2	0	0	0	0	0	0	0	0	
417	42	6	0	22	2	2	0	0	0	0	0	0	0	0	
418	42	0	6	20	22	2	0	0	0	0	0	0	0	0	
419	37	6	2	0	2	2	0	0	0	0	0	0	0	0	
420	43	12	8	0	2	2	0	0	0	0	0	0	0	0	
421	42	12	6	20	22	2	0	0	0	0	0	0	0	0	
422	25	18	6	-999	-999	2	0	0	0	0	0	0	0	0	
423	43	12	4	0	2	2	0	0	0	0	0	0	0	0	
424	23	16	18	-999	-999	2	0	0	0	0	0	0	0	0	
425	37	6	4	22	20	2	0	0	0	0	0	0	0	0	
426	37	4	8	20	0	2	0	0	0	0	0	0	0	0	
427	40	6	18	-999	-999	2	0	0	0	0	0	0	0	0	
428	4	10	6	10	10	2	0	2	1	0	0	0	0	0	
429	32	0	2	-999	-999	2	0	0	0	0	0	0	0	0	
345	345	356	356	362	362	358	358	347	347	353	353	346	346	
345	345	356	356	362	362	358	358	347	347	353	353	346	346	
366	366	NULL	NULL	NULL	NULL	419	419	NULL	NULL	NULL	NULL	363	363	
366	366	NULL	NULL	NULL	NULL	419	419	NULL	NULL	NULL	NULL	363	363	
357	357	NULL	NULL	NULL	NULL	354	354	NULL	NULL	NULL	NULL	423	423	
357	357	NULL	NULL	NULL	NULL	354	354	NULL	NULL	NULL	NULL	423	423	
359	359	NULL	NULL	NULL	NULL	368	368	350	350	352	352	360	360	
359	359	NULL	NULL	NULL	NULL	368	368	350	350	352	352	360	360	
348	348	NULL	NULL	NULL	NULL	361	361	NULL	NULL	NULL	NULL	420	420	
348	348	NULL	NULL	NULL	NULL	361	361	NULL	NULL	NULL	NULL	420	420	
351	351	NULL	NULL	NULL	NULL	355	355	NULL	NULL	NULL	NULL	365	365	
351	351	NULL	NULL	NULL	NULL	355	355	NULL	NULL	NULL	NULL	365	365	
367	367	344	344	364	364	349	349	416	416	400	400	431	431	
367	367	344	344	364	364	349	349	416	416	400	400	431	431	
430	43	2	12	20	0	2	0	0	0	0	0	0	0	0	
431	43	12	12	0	2	2	0	0	0	0	0	0	0	0	
432	43	0	2	22	20	2	0	0	0	0	0	0	0	0	
NULL	NULL	238	238	NULL	NULL	20	20	4	4	191	191	393	393	3	3	295	295	NULL	NULL	311	311	NULL	NULL	
NULL	NULL	238	238	NULL	NULL	20	20	4	4	191	191	393	393	3	3	295	295	NULL	NULL	311	311	NULL	NULL	
429	429	NULL	NULL	NULL	NULL	NULL	NULL	NULL	NULL	NULL	NULL	NULL	NULL	NULL	NULL	NULL	NULL	NULL	NULL	NULL	NULL	220	220	
429	429	NULL	NULL	NULL	NULL	NULL	NULL	NULL	NULL	NULL	NULL	NULL	NULL	NULL	NULL	NULL	NULL	NULL	NULL	NULL	NULL	220	220	
NULL	NULL	NULL	NULL	21	21	19	19	180	180	11	11	258	258	22	22	382	382	12	12	NULL	NULL	NULL	NULL	
NULL	NULL	NULL	NULL	21	21	19	19	180	180	11	11	258	258	22	22	382	382	12	12	NULL	NULL	NULL	NULL	
391	391	NULL	NULL	395	395	NULL	NULL	NULL	NULL	NULL	NULL	NULL	NULL	NULL	NULL	NULL	NULL	422	422	NULL	NULL	27	27	
391	391	NULL	NULL	395	395	NULL	NULL	NULL	NULL	NULL	NULL	NULL	NULL	NULL	NULL	NULL	NULL	422	422	NULL	NULL	27	27	
0	0	NULL	NULL	34	34	NULL	NULL	NULL	NULL	NULL	NULL	NULL	NULL	NULL	NULL	NULL	NULL	17	17	NULL	NULL	2	2	
0	0	NULL	NULL	34	34	NULL	NULL	NULL	NULL	NULL	NULL	NULL	NULL	NULL	NULL	NULL	NULL	17	17	NULL	NULL	2	2	
202	202	NULL	NULL	194	194	NULL	NULL	NULL	NULL	44	44	119	119	NULL	NULL	NULL	NULL	201	201	NULL	NULL	409	409	
202	202	NULL	NULL	194	194	NULL	NULL	NULL	NULL	44	44	119	119	NULL	NULL	NULL	NULL	201	201	NULL	NULL	409	409	
171	171	NULL	NULL	212	212	NULL	NULL	NULL	NULL	69	69	94	94	NULL	NULL	NULL	NULL	26	26	NULL	NULL	168	168	
171	171	NULL	NULL	212	212	NULL	NULL	NULL	NULL	69	69	94	94	NULL	NULL	NULL	NULL	26	26	NULL	NULL	168	168	
5	5	NULL	NULL	240	240	NULL	NULL	NULL	NULL	NULL	NULL	NULL	NULL	NULL	NULL	NULL	NULL	184	184	NULL	NULL	7	7	
5	5	NULL	NULL	240	240	NULL	NULL	NULL	NULL	NULL	NULL	NULL	NULL	NULL	NULL	NULL	NULL	184	184	NULL	NULL	7	7	
211	211	NULL	NULL	252	252	NULL	NULL	NULL	NULL	NULL	NULL	NULL	NULL	NULL	NULL	NULL	NULL	186	186	NULL	NULL	161	161	
211	211	NULL	NULL	252	252	NULL	NULL	NULL	NULL	NULL	NULL	NULL	NULL	NULL	NULL	NULL	NULL	186	186	NULL	NULL	161	161	
NULL	NULL	NULL	NULL	176	176	427	427	24	24	242	242	25	25	8	8	424	424	23	23	NULL	NULL	NULL	NULL	
NULL	NULL	NULL	NULL	176	176	427	427	24	24	242	242	25	25	8	8	424	424	23	23	NULL	NULL	NULL	NULL	
292	292	NULL	NULL	NULL	NULL	NULL	NULL	NULL	NULL	NULL	NULL	NULL	NULL	NULL	NULL	NULL	NULL	NULL	NULL	NULL	NULL	399	399	
292	292	NULL	NULL	NULL	NULL	NULL	NULL	NULL	NULL	NULL	NULL	NULL	NULL	NULL	NULL	NULL	NULL	NULL	NULL	NULL	NULL	399	399	
NULL	NULL	182	182	NULL	NULL	10	10	6	6	255	255	372	372	1	1	380	380	NULL	NULL	169	169	NULL	NULL	
NULL	NULL	182	182	NULL	NULL	10	10	6	6	255	255	372	372	1	1	380	380	NULL	NULL	169	169	NULL	NULL	
