1290
0	32	22	11	-999	-999	2	0	0	0	0	0	0	0	0	
21	21	1	1	5	5	9	9	13	13	17	17	23	23	
21	21	1	1	5	5	9	9	13	13	17	17	23	23	
2	2	37	37	38	38	39	39	40	40	25	25	4	4	
2	2	37	37	38	38	39	39	40	40	25	25	4	4	
6	6	36	36	43	43	42	42	41	41	26	26	8	8	
6	6	36	36	43	43	42	42	41	41	26	26	8	8	
10	10	35	35	44	44	49	49	48	48	27	27	12	12	
10	10	35	35	44	44	49	49	48	48	27	27	12	12	
14	14	34	34	45	45	46	46	47	47	28	28	16	16	
14	14	34	34	45	45	46	46	47	47	28	28	16	16	
18	18	33	33	32	32	31	31	30	30	29	29	20	20	
18	18	33	33	32	32	31	31	30	30	29	29	20	20	
22	22	3	3	7	7	11	11	15	15	19	19	24	24	
22	22	3	3	7	7	11	11	15	15	19	19	24	24	
1	43	2	0	22	11	2	0	0	0	0	0	0	0	0	
2	42	0	2	22	11	2	0	0	0	0	0	0	0	0	
3	43	2	12	22	11	2	0	0	0	0	0	0	0	0	
4	43	12	2	22	11	2	0	0	0	0	0	0	0	0	
5	43	4	0	22	11	2	0	0	0	0	0	0	0	0	
6	42	0	4	22	11	2	0	0	0	0	0	0	0	0	
7	43	4	12	22	11	2	0	0	0	0	0	0	0	0	
8	43	12	4	22	11	2	0	0	0	0	0	0	0	0	
9	43	6	0	22	11	2	0	0	0	0	0	0	0	0	
10	42	0	6	22	11	2	0	0	0	0	0	0	0	0	
11	43	6	12	22	11	2	0	0	0	0	0	0	0	0	
12	43	12	6	22	11	2	0	0	0	0	0	0	0	0	
13	43	8	0	22	11	2	0	0	0	0	0	0	0	0	
14	42	0	8	22	11	2	0	0	0	0	0	0	0	0	
15	43	8	12	22	11	2	0	0	0	0	0	0	0	0	
16	43	12	8	22	11	2	0	0	0	0	0	0	0	0	
17	43	10	0	22	11	2	0	0	0	0	0	0	0	0	
18	42	0	10	22	11	2	0	0	0	0	0	0	0	0	
19	43	10	12	22	11	2	0	0	0	0	0	0	0	0	
20	43	12	10	22	11	2	0	0	0	0	0	0	0	0	
21	43	0	0	22	11	2	0	0	0	0	0	0	0	0	
22	43	0	12	22	11	2	0	0	0	0	0	0	0	0	
23	43	12	0	22	11	2	0	0	0	0	0	0	0	0	
24	43	12	12	22	11	2	0	0	0	0	0	0	0	0	
25	12	10	2	22	11	2	100000	0	0	0	0	0	0	0	
26	13	10	4	22	11	2	100000	0	0	0	0	0	0	0	
27	14	10	6	22	11	2	100000	0	0	0	0	0	0	0	
28	15	10	8	22	11	2	100000	0	0	0	0	0	0	0	
29	16	10	10	22	11	2	100000	0	0	0	0	0	0	0	
30	12	8	10	22	11	2	100000	0	0	0	0	0	0	0	
31	13	6	10	22	11	2	100000	0	0	0	0	0	0	0	
32	14	4	10	22	11	2	100000	0	0	0	0	0	0	0	
33	15	2	10	22	11	2	100000	0	0	0	0	0	0	0	
34	14	2	8	22	11	2	100000	0	0	0	0	0	0	0	
35	13	2	6	22	11	2	100000	0	0	0	0	0	0	0	
36	12	2	4	22	11	2	100000	0	0	0	0	0	0	0	
37	16	2	2	22	11	2	100000	0	0	0	0	0	0	0	
38	15	4	2	22	11	2	100000	0	0	0	0	0	0	0	
39	14	6	2	22	11	2	100000	0	0	0	0	0	0	0	
40	13	8	2	22	11	2	100000	0	0	0	0	0	0	0	
41	14	8	4	22	11	2	100000	0	0	0	0	0	0	0	
42	15	6	4	22	11	2	100000	0	0	0	0	0	0	0	
43	16	4	4	22	11	2	100000	0	0	0	0	0	0	0	
44	12	4	6	22	11	2	100000	0	0	0	0	0	0	0	
45	13	4	8	22	11	2	100000	0	0	0	0	0	0	0	
46	12	6	8	22	11	2	100000	0	0	0	0	0	0	0	
47	16	8	8	22	11	2	100000	0	0	0	0	0	0	0	
48	15	8	6	22	11	2	100000	0	0	0	0	0	0	0	
49	16	6	6	22	11	2	100000	0	0	0	0	0	0	0	
50	32	20	11	-999	-999	2	0	0	0	0	0	0	0	0	
71	71	51	51	55	55	59	59	63	63	67	67	73	73	
71	71	51	51	55	55	59	59	63	63	67	67	73	73	
52	52	90	90	85	85	79	79	80	80	99	99	54	54	
52	52	90	90	85	85	79	79	80	80	99	99	54	54	
56	56	91	91	86	86	78	78	81	81	98	98	58	58	
56	56	91	91	86	86	78	78	81	81	98	98	58	58	
60	60	92	92	87	87	77	77	82	82	97	97	62	62	
60	60	92	92	87	87	77	77	82	82	97	97	62	62	
64	64	93	93	88	88	76	76	83	83	96	96	66	66	
64	64	93	93	88	88	76	76	83	83	96	96	66	66	
68	68	94	94	89	89	75	75	84	84	95	95	70	70	
68	68	94	94	89	89	75	75	84	84	95	95	70	70	
72	72	53	53	57	57	61	61	65	65	69	69	74	74	
72	72	53	53	57	57	61	61	65	65	69	69	74	74	
51	43	2	0	20	11	2	0	0	0	0	0	0	0	0	
52	42	0	2	20	11	2	0	0	0	0	0	0	0	0	
53	43	2	12	20	11	2	0	0	0	0	0	0	0	0	
54	42	12	2	20	11	2	0	0	0	0	0	0	0	0	
55	43	4	0	20	11	2	0	0	0	0	0	0	0	0	
56	42	0	4	20	11	2	0	0	0	0	0	0	0	0	
57	43	4	12	20	11	2	0	0	0	0	0	0	0	0	
58	42	12	4	20	11	2	0	0	0	0	0	0	0	0	
59	43	6	0	20	11	2	0	0	0	0	0	0	0	0	
60	42	0	6	20	11	2	0	0	0	0	0	0	0	0	
61	42	6	12	20	11	2	0	0	0	0	0	0	0	0	
62	42	12	6	20	11	2	0	0	0	0	0	0	0	0	
63	43	8	0	20	11	2	0	0	0	0	0	0	0	0	
64	42	0	8	20	11	2	0	0	0	0	0	0	0	0	
65	43	8	12	20	11	2	0	0	0	0	0	0	0	0	
66	42	12	8	20	11	2	0	0	0	0	0	0	0	0	
67	43	10	0	20	11	2	0	0	0	0	0	0	0	0	
68	42	0	10	20	11	2	0	0	0	0	0	0	0	0	
69	43	10	12	20	11	2	0	0	0	0	0	0	0	0	
70	42	12	10	20	11	2	0	0	0	0	0	0	0	0	
71	43	0	0	20	11	2	0	0	0	0	0	0	0	0	
72	43	0	12	20	11	2	0	0	0	0	0	0	0	0	
73	43	12	0	20	11	2	0	0	0	0	0	0	0	0	
74	43	12	12	20	11	2	0	0	0	0	0	0	0	0	
75	34	6	10	20	11	2	0	0	0	0	0	0	0	0	
76	34	6	8	20	11	2	0	0	0	0	0	0	0	0	
77	34	6	6	20	11	2	0	0	0	0	0	0	0	0	
78	34	6	4	20	11	2	0	0	0	0	0	0	0	0	
79	34	6	2	20	11	2	0	0	0	0	0	0	0	0	
80	55	8	2	20	11	4	0	0	0	0	0	0	0	0	
81	55	8	4	20	11	4	0	0	0	0	0	0	0	0	
82	55	8	6	20	11	4	0	0	0	0	0	0	0	0	
83	55	8	8	20	11	4	0	0	0	0	0	0	0	0	
84	55	8	10	20	11	4	0	0	0	0	0	0	0	0	
85	55	4	2	20	11	2	0	0	0	0	0	0	0	0	
86	55	4	4	20	11	2	0	0	0	0	0	0	0	0	
87	55	4	6	20	11	2	0	0	0	0	0	0	0	0	
88	55	4	8	20	11	2	0	0	0	0	0	0	0	0	
89	55	4	10	20	11	2	0	0	0	0	0	0	0	0	
90	37	2	2	20	11	2	0	0	0	0	0	0	0	0	
91	37	2	4	20	11	2	0	0	0	0	0	0	0	0	
92	37	2	6	20	11	2	0	0	0	0	0	0	0	0	
93	37	2	8	20	11	2	0	0	0	0	0	0	0	0	
94	37	2	10	20	11	2	0	0	0	0	0	0	0	0	
95	37	10	10	20	11	2	0	0	0	0	0	0	0	0	
96	37	10	8	20	11	2	0	0	0	0	0	0	0	0	
97	37	10	6	20	11	2	0	0	0	0	0	0	0	0	
98	37	10	4	20	11	2	0	0	0	0	0	0	0	0	
99	37	10	2	20	11	2	0	0	0	0	0	0	0	0	
100	32	18	11	-999	-999	2	0	0	0	0	0	0	0	0	
121	121	101	101	105	105	109	109	113	113	117	117	123	123	
121	121	101	101	105	105	109	109	113	113	117	117	123	123	
102	102	125	125	126	126	127	127	128	128	129	129	104	104	
102	102	125	125	126	126	127	127	128	128	129	129	104	104	
106	106	130	130	131	131	132	132	133	133	134	134	108	108	
106	106	130	130	131	131	132	132	133	133	134	134	108	108	
110	110	135	135	136	136	137	137	138	138	139	139	112	112	
110	110	135	135	136	136	137	137	138	138	139	139	112	112	
114	114	140	140	141	141	142	142	143	143	144	144	116	116	
114	114	140	140	141	141	142	142	143	143	144	144	116	116	
118	118	145	145	146	146	147	147	148	148	149	149	120	120	
118	118	145	145	146	146	147	147	148	148	149	149	120	120	
122	122	103	103	107	107	111	111	115	115	119	119	124	124	
122	122	103	103	107	107	111	111	115	115	119	119	124	124	
101	43	2	0	18	11	2	0	0	0	0	0	0	0	0	
102	42	0	2	18	11	2	0	0	0	0	0	0	0	0	
103	43	2	12	18	11	2	0	0	0	0	0	0	0	0	
104	42	12	2	18	11	2	0	0	0	0	0	0	0	0	
105	43	4	0	18	11	2	0	0	0	0	0	0	0	0	
106	42	0	4	18	11	2	0	0	0	0	0	0	0	0	
107	43	4	12	18	11	2	0	0	0	0	0	0	0	0	
108	42	12	4	18	11	2	0	0	0	0	0	0	0	0	
109	43	6	0	18	11	2	0	0	0	0	0	0	0	0	
110	42	0	6	18	11	2	0	0	0	0	0	0	0	0	
111	42	6	12	18	11	2	0	0	0	0	0	0	0	0	
112	42	12	6	18	11	2	0	0	0	0	0	0	0	0	
113	43	8	0	18	11	2	0	0	0	0	0	0	0	0	
114	42	0	8	18	11	2	0	0	0	0	0	0	0	0	
115	43	8	12	18	11	2	0	0	0	0	0	0	0	0	
116	42	12	8	18	11	2	0	0	0	0	0	0	0	0	
117	43	10	0	18	11	2	0	0	0	0	0	0	0	0	
118	42	0	10	18	11	2	0	0	0	0	0	0	0	0	
119	43	10	12	18	11	2	0	0	0	0	0	0	0	0	
120	42	12	10	18	11	2	0	0	0	0	0	0	0	0	
121	43	0	0	18	11	2	0	0	0	0	0	0	0	0	
122	43	0	12	18	11	2	0	0	0	0	0	0	0	0	
123	43	12	0	18	11	2	0	0	0	0	0	0	0	0	
124	43	12	12	18	11	2	0	0	0	0	0	0	0	0	
125	37	2	2	18	11	2	0	0	0	0	0	0	0	0	
126	55	4	2	18	11	2	0	0	0	0	0	0	0	0	
127	34	6	2	18	11	2	0	0	0	0	0	0	0	0	
128	55	8	2	18	11	4	0	0	0	0	0	0	0	0	
129	37	10	2	18	11	2	0	0	0	0	0	0	0	0	
130	37	2	4	18	11	2	0	0	0	0	0	0	0	0	
131	55	4	4	18	11	2	0	0	0	0	0	0	0	0	
132	34	6	4	18	11	2	0	0	0	0	0	0	0	0	
133	55	8	4	18	11	4	0	0	0	0	0	0	0	0	
134	37	10	4	18	11	2	0	0	0	0	0	0	0	0	
135	37	2	6	18	11	2	0	0	0	0	0	0	0	0	
136	55	4	6	18	11	2	0	0	0	0	0	0	0	0	
137	34	6	6	18	11	2	0	0	0	0	0	0	0	0	
138	55	8	6	18	11	4	0	0	0	0	0	0	0	0	
139	37	10	6	18	11	2	0	0	0	0	0	0	0	0	
140	37	2	8	18	11	2	0	0	0	0	0	0	0	0	
141	55	4	8	18	11	2	0	0	0	0	0	0	0	0	
142	34	6	8	18	11	2	0	0	0	0	0	0	0	0	
143	55	8	8	18	11	4	0	0	0	0	0	0	0	0	
144	37	10	8	18	11	2	0	0	0	0	0	0	0	0	
145	37	2	10	18	11	2	0	0	0	0	0	0	0	0	
146	55	4	10	18	11	2	0	0	0	0	0	0	0	0	
147	34	6	10	18	11	2	0	0	0	0	0	0	0	0	
148	55	8	10	18	11	4	0	0	0	0	0	0	0	0	
149	37	10	10	18	11	2	0	0	0	0	0	0	0	0	
150	32	16	11	-999	-999	2	0	0	0	0	0	0	0	0	
171	171	151	151	155	155	159	159	163	163	167	167	173	173	
171	171	151	151	155	155	159	159	163	163	167	167	173	173	
152	152	175	175	176	176	177	177	178	178	179	179	154	154	
152	152	175	175	176	176	177	177	178	178	179	179	154	154	
156	156	180	180	181	181	182	182	183	183	184	184	158	158	
156	156	180	180	181	181	182	182	183	183	184	184	158	158	
160	160	185	185	186	186	187	187	188	188	189	189	162	162	
160	160	185	185	186	186	187	187	188	188	189	189	162	162	
164	164	190	190	191	191	192	192	193	193	194	194	166	166	
164	164	190	190	191	191	192	192	193	193	194	194	166	166	
168	168	195	195	196	196	197	197	198	198	199	199	170	170	
168	168	195	195	196	196	197	197	198	198	199	199	170	170	
172	172	153	153	157	157	161	161	165	165	169	169	174	174	
172	172	153	153	157	157	161	161	165	165	169	169	174	174	
151	43	2	0	16	11	2	0	0	0	0	0	0	0	0	
152	42	0	2	16	11	2	0	0	0	0	0	0	0	0	
153	43	2	12	16	11	2	0	0	0	0	0	0	0	0	
154	42	12	2	16	11	2	0	0	0	0	0	0	0	0	
155	43	4	0	16	11	2	0	0	0	0	0	0	0	0	
156	42	0	4	16	11	2	0	0	0	0	0	0	0	0	
157	43	4	12	16	11	2	0	0	0	0	0	0	0	0	
158	42	12	4	16	11	2	0	0	0	0	0	0	0	0	
159	43	6	0	16	11	2	0	0	0	0	0	0	0	0	
160	42	0	6	16	11	2	0	0	0	0	0	0	0	0	
161	42	6	12	16	11	2	0	0	0	0	0	0	0	0	
162	42	12	6	16	11	2	0	0	0	0	0	0	0	0	
163	43	8	0	16	11	2	0	0	0	0	0	0	0	0	
164	42	0	8	16	11	2	0	0	0	0	0	0	0	0	
165	43	8	12	16	11	2	0	0	0	0	0	0	0	0	
166	42	12	8	16	11	2	0	0	0	0	0	0	0	0	
167	43	10	0	16	11	2	0	0	0	0	0	0	0	0	
168	42	0	10	16	11	2	0	0	0	0	0	0	0	0	
169	43	10	12	16	11	2	0	0	0	0	0	0	0	0	
170	42	12	10	16	11	2	0	0	0	0	0	0	0	0	
171	43	0	0	16	11	2	0	0	0	0	0	0	0	0	
172	43	0	12	16	11	2	0	0	0	0	0	0	0	0	
173	43	12	0	16	11	2	0	0	0	0	0	0	0	0	
174	43	12	12	16	11	2	0	0	0	0	0	0	0	0	
175	37	2	2	16	11	2	0	0	0	0	0	0	0	0	
176	55	4	2	16	11	2	0	0	0	0	0	0	0	0	
177	34	6	2	16	11	2	0	0	0	0	0	0	0	0	
178	55	8	2	16	11	4	0	0	0	0	0	0	0	0	
179	37	10	2	16	11	2	0	0	0	0	0	0	0	0	
180	37	2	4	16	11	2	0	0	0	0	0	0	0	0	
181	55	4	4	16	11	2	0	0	0	0	0	0	0	0	
182	34	6	4	16	11	2	0	0	0	0	0	0	0	0	
183	55	8	4	16	11	4	0	0	0	0	0	0	0	0	
184	37	10	4	16	11	2	0	0	0	0	0	0	0	0	
185	37	2	6	16	11	2	0	0	0	0	0	0	0	0	
186	55	4	6	16	11	2	0	0	0	0	0	0	0	0	
187	34	6	6	16	11	2	0	0	0	0	0	0	0	0	
188	55	8	6	16	11	4	0	0	0	0	0	0	0	0	
189	37	10	6	16	11	2	0	0	0	0	0	0	0	0	
190	37	2	8	16	11	2	0	0	0	0	0	0	0	0	
191	55	4	8	16	11	2	0	0	0	0	0	0	0	0	
192	34	6	8	16	11	2	0	0	0	0	0	0	0	0	
193	55	8	8	16	11	4	0	0	0	0	0	0	0	0	
194	37	10	8	16	11	2	0	0	0	0	0	0	0	0	
195	37	2	10	16	11	2	0	0	0	0	0	0	0	0	
196	55	4	10	16	11	2	0	0	0	0	0	0	0	0	
197	34	6	10	16	11	2	0	0	0	0	0	0	0	0	
198	55	8	10	16	11	4	0	0	0	0	0	0	0	0	
199	37	10	10	16	11	2	0	0	0	0	0	0	0	0	
200	32	14	11	-999	-999	2	0	0	0	0	0	0	0	0	
221	221	201	201	205	205	209	209	213	213	217	217	223	223	
221	221	201	201	205	205	209	209	213	213	217	217	223	223	
202	202	225	225	226	226	227	227	228	228	229	229	204	204	
202	202	225	225	226	226	227	227	228	228	229	229	204	204	
206	206	230	230	231	231	232	232	233	233	234	234	208	208	
206	206	230	230	231	231	232	232	233	233	234	234	208	208	
210	210	235	235	236	236	237	237	238	238	239	239	212	212	
210	210	235	235	236	236	237	237	238	238	239	239	212	212	
214	214	240	240	241	241	242	242	243	243	244	244	216	216	
214	214	240	240	241	241	242	242	243	243	244	244	216	216	
218	218	245	245	246	246	247	247	248	248	249	249	220	220	
218	218	245	245	246	246	247	247	248	248	249	249	220	220	
222	222	203	203	207	207	211	211	215	215	219	219	224	224	
222	222	203	203	207	207	211	211	215	215	219	219	224	224	
201	43	2	0	14	11	2	0	0	0	0	0	0	0	0	
202	42	0	2	14	11	2	0	0	0	0	0	0	0	0	
203	43	2	12	14	11	2	0	0	0	0	0	0	0	0	
204	42	12	2	14	11	2	0	0	0	0	0	0	0	0	
205	43	4	0	14	11	2	0	0	0	0	0	0	0	0	
206	42	0	4	14	11	2	0	0	0	0	0	0	0	0	
207	43	4	12	14	11	2	0	0	0	0	0	0	0	0	
208	42	12	4	14	11	2	0	0	0	0	0	0	0	0	
209	43	6	0	14	11	2	0	0	0	0	0	0	0	0	
210	42	0	6	14	11	2	0	0	0	0	0	0	0	0	
211	42	6	12	14	11	2	0	0	0	0	0	0	0	0	
212	42	12	6	14	11	2	0	0	0	0	0	0	0	0	
213	43	8	0	14	11	2	0	0	0	0	0	0	0	0	
214	42	0	8	14	11	2	0	0	0	0	0	0	0	0	
215	43	8	12	14	11	2	0	0	0	0	0	0	0	0	
216	42	12	8	14	11	2	0	0	0	0	0	0	0	0	
217	43	10	0	14	11	2	0	0	0	0	0	0	0	0	
218	42	0	10	14	11	2	0	0	0	0	0	0	0	0	
219	43	10	12	14	11	2	0	0	0	0	0	0	0	0	
220	42	12	10	14	11	2	0	0	0	0	0	0	0	0	
221	43	0	0	14	11	2	0	0	0	0	0	0	0	0	
222	43	0	12	14	11	2	0	0	0	0	0	0	0	0	
223	43	12	0	14	11	2	0	0	0	0	0	0	0	0	
224	43	12	12	14	11	2	0	0	0	0	0	0	0	0	
225	37	2	2	14	11	2	0	0	0	0	0	0	0	0	
226	55	4	2	14	11	2	0	0	0	0	0	0	0	0	
227	34	6	2	14	11	2	0	0	0	0	0	0	0	0	
228	55	8	2	14	11	4	0	0	0	0	0	0	0	0	
229	37	10	2	14	11	2	0	0	0	0	0	0	0	0	
230	37	2	4	14	11	2	0	0	0	0	0	0	0	0	
231	55	4	4	14	11	2	0	0	0	0	0	0	0	0	
232	34	6	4	14	11	2	0	0	0	0	0	0	0	0	
233	55	8	4	14	11	4	0	0	0	0	0	0	0	0	
234	37	10	4	14	11	2	0	0	0	0	0	0	0	0	
235	37	2	6	14	11	2	0	0	0	0	0	0	0	0	
236	55	4	6	14	11	2	0	0	0	0	0	0	0	0	
237	34	6	6	14	11	2	0	0	0	0	0	0	0	0	
238	55	8	6	14	11	4	0	0	0	0	0	0	0	0	
239	37	10	6	14	11	2	0	0	0	0	0	0	0	0	
240	37	2	8	14	11	2	0	0	0	0	0	0	0	0	
241	55	4	8	14	11	2	0	0	0	0	0	0	0	0	
242	34	6	8	14	11	2	0	0	0	0	0	0	0	0	
243	55	8	8	14	11	4	0	0	0	0	0	0	0	0	
244	37	10	8	14	11	2	0	0	0	0	0	0	0	0	
245	37	2	10	14	11	2	0	0	0	0	0	0	0	0	
246	55	4	10	14	11	2	0	0	0	0	0	0	0	0	
247	34	6	10	14	11	2	0	0	0	0	0	0	0	0	
248	55	8	10	14	11	4	0	0	0	0	0	0	0	0	
249	37	10	10	14	11	2	0	0	0	0	0	0	0	0	
250	32	12	11	-999	-999	2	0	0	0	0	0	0	0	0	
271	271	251	251	255	255	259	259	263	263	267	267	273	273	
271	271	251	251	255	255	259	259	263	263	267	267	273	273	
252	252	NULL	NULL	NULL	NULL	277	277	278	278	279	279	254	254	
252	252	NULL	NULL	NULL	NULL	277	277	278	278	279	279	254	254	
256	256	NULL	NULL	NULL	NULL	282	282	283	283	284	284	258	258	
256	256	NULL	NULL	NULL	NULL	282	282	283	283	284	284	258	258	
260	260	NULL	NULL	NULL	NULL	287	287	288	288	289	289	262	262	
260	260	NULL	NULL	NULL	NULL	287	287	288	288	289	289	262	262	
264	264	NULL	NULL	NULL	NULL	286	286	285	285	275	275	266	266	
264	264	NULL	NULL	NULL	NULL	286	286	285	285	275	275	266	266	
268	268	NULL	NULL	NULL	NULL	280	280	281	281	276	276	270	270	
268	268	NULL	NULL	NULL	NULL	280	280	281	281	276	276	270	270	
272	272	253	253	257	257	261	261	265	265	269	269	274	274	
272	272	253	253	257	257	261	261	265	265	269	269	274	274	
251	43	2	0	12	11	2	0	0	0	0	0	0	0	0	
252	43	0	2	12	11	2	0	0	0	0	0	0	0	0	
253	43	2	12	12	11	2	0	0	0	0	0	0	0	0	
254	42	12	2	12	11	2	0	0	0	0	0	0	0	0	
255	43	4	0	12	11	2	0	0	0	0	0	0	0	0	
256	43	0	4	12	11	2	0	0	0	0	0	0	0	0	
257	43	4	12	12	11	2	0	0	0	0	0	0	0	0	
258	42	12	4	12	11	2	0	0	0	0	0	0	0	0	
259	43	6	0	12	11	2	0	0	0	0	0	0	0	0	
260	43	0	6	12	11	2	0	0	0	0	0	0	0	0	
261	42	6	12	12	11	2	0	0	0	0	0	0	0	0	
262	42	12	6	12	11	2	0	0	0	0	0	0	0	0	
263	43	8	0	12	11	2	0	0	0	0	0	0	0	0	
264	43	0	8	12	11	2	0	0	0	0	0	0	0	0	
265	43	8	12	12	11	2	0	0	0	0	0	0	0	0	
266	42	12	8	12	11	2	0	0	0	0	0	0	0	0	
267	43	10	0	12	11	2	0	0	0	0	0	0	0	0	
268	43	0	10	12	11	2	0	0	0	0	0	0	0	0	
269	43	10	12	12	11	2	0	0	0	0	0	0	0	0	
270	42	12	10	12	11	2	0	0	0	0	0	0	0	0	
271	43	0	0	12	11	2	0	0	0	0	0	0	0	0	
272	43	0	12	12	11	2	0	0	0	0	0	0	0	0	
273	43	12	0	12	11	2	0	0	0	0	0	0	0	0	
274	43	12	12	12	11	2	0	0	0	0	0	0	0	0	
275	37	10	8	12	11	2	0	0	0	0	0	0	0	0	
276	37	10	10	12	11	2	0	0	0	0	0	0	0	0	
277	34	6	2	12	11	2	0	0	0	0	0	0	0	0	
278	55	8	2	12	11	4	0	0	0	0	0	0	0	0	
279	37	10	2	12	11	2	0	0	0	0	0	0	0	0	
280	34	6	10	12	11	2	0	0	0	0	0	0	0	0	
281	55	8	10	12	11	4	0	0	0	0	0	0	0	0	
282	34	6	4	12	11	2	0	0	0	0	0	0	0	0	
283	55	8	4	12	11	4	0	0	0	0	0	0	0	0	
284	37	10	4	12	11	2	0	0	0	0	0	0	0	0	
285	55	8	8	12	11	4	0	0	0	0	0	0	0	0	
286	34	6	8	12	11	2	0	0	0	0	0	0	0	0	
287	34	6	6	12	11	2	0	0	0	0	0	0	0	0	
288	55	8	6	12	11	4	0	0	0	0	0	0	0	0	
289	37	10	6	12	11	2	0	0	0	0	0	0	0	0	
290	32	12	15	-999	-999	2	0	0	0	0	0	0	0	0	
310	310	311	311	312	312	319	319	294	294	302	302	323	323	
310	310	311	311	312	312	319	319	294	294	302	302	323	323	
307	307	NULL	NULL	301	301	320	320	315	315	321	321	304	304	
307	307	NULL	NULL	301	301	320	320	315	315	321	321	304	304	
305	305	NULL	NULL	322	322	NULL	NULL	309	309	NULL	NULL	303	303	
305	305	NULL	NULL	322	322	NULL	NULL	309	309	NULL	NULL	303	303	
327	327	NULL	NULL	291	291	NULL	NULL	292	292	NULL	NULL	313	313	
327	327	NULL	NULL	291	291	NULL	NULL	292	292	NULL	NULL	313	313	
318	318	NULL	NULL	300	300	NULL	NULL	308	308	NULL	NULL	298	298	
318	318	NULL	NULL	300	300	NULL	NULL	308	308	NULL	NULL	298	298	
317	317	NULL	NULL	297	297	314	314	299	299	NULL	NULL	306	306	
317	317	NULL	NULL	297	297	314	314	299	299	NULL	NULL	306	306	
316	316	296	296	295	295	326	326	325	325	324	324	293	293	
316	316	296	296	295	295	326	326	325	325	324	324	293	293	
291	37	4	6	12	15	2	0	0	0	0	0	0	0	0	
292	34	8	6	12	15	2	0	0	0	0	0	0	0	0	
293	43	12	12	12	15	2	0	0	0	0	0	0	0	0	
294	43	8	0	12	15	2	0	0	0	0	0	0	0	0	
295	43	4	12	12	15	2	0	0	0	0	0	0	0	0	
296	43	2	12	12	15	2	0	0	0	0	0	0	0	0	
297	37	4	10	12	15	2	0	0	0	0	0	0	0	0	
298	43	12	8	12	15	2	0	0	0	0	0	0	0	0	
299	34	8	10	12	15	3	0	0	0	0	0	0	0	0	
300	37	4	8	12	15	2	0	0	0	0	0	0	0	0	
301	37	4	2	12	15	2	0	0	0	0	0	0	0	0	
302	42	10	0	12	15	2	0	0	0	0	0	0	0	0	
303	43	12	4	12	15	2	0	0	0	0	0	0	0	0	
304	43	12	2	12	15	2	0	0	0	0	0	0	0	0	
305	43	0	4	12	15	2	0	0	0	0	0	0	0	0	
306	43	12	10	12	15	2	0	0	0	0	0	0	0	0	
307	43	0	2	12	15	2	0	0	0	0	0	0	0	0	
308	34	8	8	12	15	2	0	0	0	0	0	0	0	0	
309	34	8	4	12	15	2	0	0	0	0	0	0	0	0	
310	43	0	0	12	15	2	0	0	0	0	0	0	0	0	
311	43	2	0	12	15	2	0	0	0	0	0	0	0	0	
312	43	4	0	12	15	2	0	0	0	0	0	0	0	0	
313	43	12	6	12	15	2	0	0	0	0	0	0	0	0	
314	37	6	10	12	15	2	0	0	0	0	0	0	0	0	
315	34	8	2	12	15	2	0	0	0	0	0	0	0	0	
316	43	0	12	12	15	2	0	0	0	0	0	0	0	0	
317	43	0	10	12	15	2	0	0	0	0	0	0	0	0	
318	43	0	8	12	15	2	0	0	0	0	0	0	0	0	
319	43	6	0	12	15	2	0	0	0	0	0	0	0	0	
320	77	6	2	12	15	2	0	0	0	0	0	0	0	0	
321	59	10	2	12	15	2	0	0	0	0	0	0	0	0	
322	37	4	4	12	15	2	0	0	0	0	0	0	0	0	
323	43	12	0	12	15	2	0	0	0	0	0	0	0	0	
324	43	10	12	12	15	2	0	0	0	0	0	0	0	0	
325	43	8	12	12	15	2	0	0	0	0	0	0	0	0	
326	42	6	12	12	15	2	0	0	0	0	0	0	0	0	
327	43	0	6	12	15	2	0	0	0	0	0	0	0	0	
328	32	12	13	-999	-999	2	0	0	0	0	0	0	0	0	
351	351	345	345	341	341	337	337	333	333	329	329	349	349	
351	351	345	345	341	341	337	337	333	333	329	329	349	349	
332	332	NULL	NULL	NULL	NULL	NULL	353	353	NULL	NULL	NULL	330	330	
332	332	NULL	NULL	NULL	NULL	NULL	353	353	NULL	NULL	NULL	330	330	
336	336	NULL	NULL	NULL	NULL	NULL	NULL	354	354	NULL	NULL	334	334	
336	336	NULL	NULL	NULL	NULL	NULL	NULL	354	354	NULL	NULL	334	334	
340	340	NULL	NULL	NULL	NULL	NULL	NULL	NULL	355	355	NULL	338	338	
340	340	NULL	NULL	NULL	NULL	NULL	NULL	NULL	355	355	NULL	338	338	
344	344	NULL	NULL	NULL	NULL	NULL	NULL	NULL	NULL	356	356	342	342	
344	344	NULL	NULL	NULL	NULL	NULL	NULL	NULL	NULL	356	356	342	342	
348	348	NULL	NULL	NULL	NULL	NULL	NULL	NULL	NULL	357	357	346	346	
348	348	NULL	NULL	NULL	NULL	NULL	NULL	NULL	NULL	357	357	346	346	
352	352	347	347	343	343	339	339	335	335	331	331	350	350	
352	352	347	347	343	343	339	339	335	335	331	331	350	350	
329	43	10	0	12	13	2	0	0	0	0	0	0	0	0	
330	43	12	2	12	13	2	0	0	0	0	0	0	0	0	
331	42	10	12	12	13	2	0	0	0	0	0	0	0	0	
332	43	0	2	12	13	2	0	0	0	0	0	0	0	0	
333	43	8	0	12	13	2	0	0	0	0	0	0	0	0	
334	43	12	4	12	13	2	0	0	0	0	0	0	0	0	
335	43	8	12	12	13	2	0	0	0	0	0	0	0	0	
336	43	0	4	12	13	2	0	0	0	0	0	0	0	0	
337	42	6	0	12	13	2	0	0	0	0	0	0	0	0	
338	43	12	6	12	13	2	0	0	0	0	0	0	0	0	
339	43	6	12	12	13	2	0	0	0	0	0	0	0	0	
340	43	0	6	12	13	2	0	0	0	0	0	0	0	0	
341	43	4	0	12	13	2	0	0	0	0	0	0	0	0	
342	43	12	8	12	13	2	0	0	0	0	0	0	0	0	
343	43	4	12	12	13	2	0	0	0	0	0	0	0	0	
344	43	0	8	12	13	2	0	0	0	0	0	0	0	0	
345	43	2	0	12	13	2	0	0	0	0	0	0	0	0	
346	43	12	10	12	13	2	0	0	0	0	0	0	0	0	
347	43	2	12	12	13	2	0	0	0	0	0	0	0	0	
348	43	0	10	12	13	2	0	0	0	0	0	0	0	0	
349	43	12	0	12	13	2	0	0	0	0	0	0	0	0	
350	43	12	12	12	13	2	0	0	0	0	0	0	0	0	
351	43	0	0	12	13	2	0	0	0	0	0	0	0	0	
352	43	0	12	12	13	2	0	0	0	0	0	0	0	0	
353	37	7	2	12	13	2	0	0	0	0	0	0	0	0	
354	37	8	4	12	13	2	0	0	0	0	0	0	0	0	
355	37	9	6	12	13	2	0	0	0	0	0	0	0	0	
356	37	10	8	12	13	2	0	0	0	0	0	0	0	0	
357	37	10	10	12	13	2	0	0	0	0	0	0	0	0	
358	2	0	11	-999	-999	2	2	2	5	0	0	0	0	0	
359	1	0	9	-999	-999	2	2	2	5	0	0	0	0	0	
360	0	0	7	-999	-999	2	0	2	6	0	0	0	0	0	
361	3	0	13	-999	-999	2	2	2	5	0	0	0	0	0	
362	4	0	15	-999	-999	2	2	2	5	0	0	0	0	0	
363	32	12	17	-999	-999	2	0	0	0	0	0	0	0	0	
384	384	364	364	368	368	372	372	376	376	380	380	386	386	
384	384	364	364	368	368	372	372	376	376	380	380	386	386	
365	365	NULL	NULL	NULL	NULL	394	394	NULL	NULL	NULL	NULL	367	367	
365	365	NULL	NULL	NULL	NULL	394	394	NULL	NULL	NULL	NULL	367	367	
369	369	NULL	NULL	NULL	NULL	393	393	NULL	NULL	NULL	NULL	371	371	
369	369	NULL	NULL	NULL	NULL	393	393	NULL	NULL	NULL	NULL	371	371	
373	373	388	388	389	389	390	390	391	391	392	392	375	375	
373	373	388	388	389	389	390	390	391	391	392	392	375	375	
377	377	NULL	NULL	NULL	NULL	NULL	NULL	NULL	NULL	NULL	NULL	379	379	
377	377	NULL	NULL	NULL	NULL	NULL	NULL	NULL	NULL	NULL	NULL	379	379	
381	381	NULL	NULL	NULL	NULL	NULL	NULL	NULL	NULL	NULL	NULL	383	383	
381	381	NULL	NULL	NULL	NULL	NULL	NULL	NULL	NULL	NULL	NULL	383	383	
385	385	366	366	370	370	374	374	378	378	382	382	387	387	
385	385	366	366	370	370	374	374	378	378	382	382	387	387	
364	43	2	0	12	17	2	0	0	0	0	0	0	0	0	
365	43	0	2	12	17	2	0	0	0	0	0	0	0	0	
366	43	2	12	12	17	2	0	0	0	0	0	0	0	0	
367	43	12	2	12	17	2	0	0	0	0	0	0	0	0	
368	43	4	0	12	17	2	0	0	0	0	0	0	0	0	
369	43	0	4	12	17	2	0	0	0	0	0	0	0	0	
370	43	4	12	12	17	2	0	0	0	0	0	0	0	0	
371	43	12	4	12	17	2	0	0	0	0	0	0	0	0	
372	42	6	0	12	17	2	0	0	0	0	0	0	0	0	
373	42	0	6	12	17	2	0	0	0	0	0	0	0	0	
374	43	6	12	12	17	2	0	0	0	0	0	0	0	0	
375	42	12	6	12	17	2	0	0	0	0	0	0	0	0	
376	43	8	0	12	17	2	0	0	0	0	0	0	0	0	
377	43	0	8	12	17	2	0	0	0	0	0	0	0	0	
378	43	8	12	12	17	2	0	0	0	0	0	0	0	0	
379	43	12	8	12	17	2	0	0	0	0	0	0	0	0	
380	43	10	0	12	17	2	0	0	0	0	0	0	0	0	
381	43	0	10	12	17	2	0	0	0	0	0	0	0	0	
382	43	10	12	12	17	2	0	0	0	0	0	0	0	0	
383	43	12	10	12	17	2	0	0	0	0	0	0	0	0	
384	43	0	0	12	17	2	0	0	0	0	0	0	0	0	
385	43	0	12	12	17	2	0	0	0	0	0	0	0	0	
386	43	12	0	12	17	2	0	0	0	0	0	0	0	0	
387	43	12	12	12	17	2	0	0	0	0	0	0	0	0	
388	37	2	6	12	17	2	0	0	0	0	0	0	0	0	
389	37	4	6	12	17	2	0	0	0	0	0	0	0	0	
390	37	6	6	12	17	2	0	0	0	0	0	0	0	0	
391	37	8	6	12	17	2	0	0	0	0	0	0	0	0	
392	37	10	6	12	17	2	0	0	0	0	0	0	0	0	
393	77	6	4	12	17	4	0	0	0	0	0	0	0	0	
394	37	6	2	12	17	2	0	0	0	0	0	0	0	0	
395	32	14	17	-999	-999	2	0	0	0	0	0	0	0	0	
416	416	396	396	400	400	404	404	408	408	412	412	418	418	
416	416	396	396	400	400	404	404	408	408	412	412	418	418	
397	397	NULL	NULL	NULL	NULL	420	420	NULL	NULL	NULL	NULL	399	399	
397	397	NULL	NULL	NULL	NULL	420	420	NULL	NULL	NULL	NULL	399	399	
401	401	NULL	NULL	NULL	NULL	421	421	NULL	NULL	NULL	NULL	403	403	
401	401	NULL	NULL	NULL	NULL	421	421	NULL	NULL	NULL	NULL	403	403	
405	405	422	422	423	423	424	424	425	425	426	426	407	407	
405	405	422	422	423	423	424	424	425	425	426	426	407	407	
409	409	NULL	NULL	NULL	NULL	NULL	NULL	NULL	NULL	NULL	NULL	411	411	
409	409	NULL	NULL	NULL	NULL	NULL	NULL	NULL	NULL	NULL	NULL	411	411	
413	413	NULL	NULL	NULL	NULL	NULL	NULL	NULL	NULL	NULL	NULL	415	415	
413	413	NULL	NULL	NULL	NULL	NULL	NULL	NULL	NULL	NULL	NULL	415	415	
417	417	398	398	402	402	406	406	410	410	414	414	419	419	
417	417	398	398	402	402	406	406	410	410	414	414	419	419	
396	43	2	0	14	17	2	0	0	0	0	0	0	0	0	
397	43	0	2	14	17	2	0	0	0	0	0	0	0	0	
398	43	2	12	14	17	2	0	0	0	0	0	0	0	0	
399	43	12	2	14	17	2	0	0	0	0	0	0	0	0	
400	43	4	0	14	17	2	0	0	0	0	0	0	0	0	
401	43	0	4	14	17	2	0	0	0	0	0	0	0	0	
402	43	4	12	14	17	2	0	0	0	0	0	0	0	0	
403	43	12	4	14	17	2	0	0	0	0	0	0	0	0	
404	42	6	0	14	17	2	0	0	0	0	0	0	0	0	
405	42	0	6	14	17	2	0	0	0	0	0	0	0	0	
406	43	6	12	14	17	2	0	0	0	0	0	0	0	0	
407	42	12	6	14	17	2	0	0	0	0	0	0	0	0	
408	43	8	0	14	17	2	0	0	0	0	0	0	0	0	
409	43	0	8	14	17	2	0	0	0	0	0	0	0	0	
410	43	8	12	14	17	2	0	0	0	0	0	0	0	0	
411	43	12	8	14	17	2	0	0	0	0	0	0	0	0	
412	43	10	0	14	17	2	0	0	0	0	0	0	0	0	
413	43	0	10	14	17	2	0	0	0	0	0	0	0	0	
414	43	10	12	14	17	2	0	0	0	0	0	0	0	0	
415	43	12	10	14	17	2	0	0	0	0	0	0	0	0	
416	43	0	0	14	17	2	0	0	0	0	0	0	0	0	
417	43	0	12	14	17	2	0	0	0	0	0	0	0	0	
418	43	12	0	14	17	2	0	0	0	0	0	0	0	0	
419	43	12	12	14	17	2	0	0	0	0	0	0	0	0	
420	37	6	2	14	17	2	0	0	0	0	0	0	0	0	
421	77	6	4	14	17	4	0	0	0	0	0	0	0	0	
422	37	2	6	14	17	2	0	0	0	0	0	0	0	0	
423	37	4	6	14	17	2	0	0	0	0	0	0	0	0	
424	37	6	6	14	17	2	0	0	0	0	0	0	0	0	
425	37	8	6	14	17	2	0	0	0	0	0	0	0	0	
426	37	10	6	14	17	2	0	0	0	0	0	0	0	0	
427	32	16	17	-999	-999	2	0	0	0	0	0	0	0	0	
448	448	428	428	432	432	436	436	440	440	444	444	450	450	
448	448	428	428	432	432	436	436	440	440	444	444	450	450	
429	429	NULL	NULL	NULL	NULL	452	452	NULL	NULL	NULL	NULL	431	431	
429	429	NULL	NULL	NULL	NULL	452	452	NULL	NULL	NULL	NULL	431	431	
433	433	NULL	NULL	NULL	NULL	453	453	NULL	NULL	NULL	NULL	435	435	
433	433	NULL	NULL	NULL	NULL	453	453	NULL	NULL	NULL	NULL	435	435	
437	437	454	454	455	455	456	456	457	457	458	458	439	439	
437	437	454	454	455	455	456	456	457	457	458	458	439	439	
441	441	NULL	NULL	NULL	NULL	NULL	NULL	NULL	NULL	NULL	NULL	443	443	
441	441	NULL	NULL	NULL	NULL	NULL	NULL	NULL	NULL	NULL	NULL	443	443	
445	445	NULL	NULL	NULL	NULL	NULL	NULL	NULL	NULL	NULL	NULL	447	447	
445	445	NULL	NULL	NULL	NULL	NULL	NULL	NULL	NULL	NULL	NULL	447	447	
449	449	430	430	434	434	438	438	442	442	446	446	451	451	
449	449	430	430	434	434	438	438	442	442	446	446	451	451	
428	43	2	0	16	17	2	0	0	0	0	0	0	0	0	
429	43	0	2	16	17	2	0	0	0	0	0	0	0	0	
430	43	2	12	16	17	2	0	0	0	0	0	0	0	0	
431	43	12	2	16	17	2	0	0	0	0	0	0	0	0	
432	43	4	0	16	17	2	0	0	0	0	0	0	0	0	
433	43	0	4	16	17	2	0	0	0	0	0	0	0	0	
434	43	4	12	16	17	2	0	0	0	0	0	0	0	0	
435	43	12	4	16	17	2	0	0	0	0	0	0	0	0	
436	42	6	0	16	17	2	0	0	0	0	0	0	0	0	
437	42	0	6	16	17	2	0	0	0	0	0	0	0	0	
438	43	6	12	16	17	2	0	0	0	0	0	0	0	0	
439	42	12	6	16	17	2	0	0	0	0	0	0	0	0	
440	43	8	0	16	17	2	0	0	0	0	0	0	0	0	
441	43	0	8	16	17	2	0	0	0	0	0	0	0	0	
442	43	8	12	16	17	2	0	0	0	0	0	0	0	0	
443	43	12	8	16	17	2	0	0	0	0	0	0	0	0	
444	43	10	0	16	17	2	0	0	0	0	0	0	0	0	
445	43	0	10	16	17	2	0	0	0	0	0	0	0	0	
446	43	10	12	16	17	2	0	0	0	0	0	0	0	0	
447	43	12	10	16	17	2	0	0	0	0	0	0	0	0	
448	43	0	0	16	17	2	0	0	0	0	0	0	0	0	
449	43	0	12	16	17	2	0	0	0	0	0	0	0	0	
450	43	12	0	16	17	2	0	0	0	0	0	0	0	0	
451	43	12	12	16	17	2	0	0	0	0	0	0	0	0	
452	37	6	2	16	17	2	0	0	0	0	0	0	0	0	
453	77	6	4	16	17	4	0	0	0	0	0	0	0	0	
454	37	2	6	16	17	2	0	0	0	0	0	0	0	0	
455	37	4	6	16	17	2	0	0	0	0	0	0	0	0	
456	37	6	6	16	17	2	0	0	0	0	0	0	0	0	
457	37	8	6	16	17	2	0	0	0	0	0	0	0	0	
458	37	10	6	16	17	2	0	0	0	0	0	0	0	0	
459	32	18	17	-999	-999	2	0	0	0	0	0	0	0	0	
480	480	460	460	464	464	468	468	472	472	476	476	482	482	
480	480	460	460	464	464	468	468	472	472	476	476	482	482	
461	461	NULL	NULL	NULL	NULL	484	484	NULL	NULL	NULL	NULL	463	463	
461	461	NULL	NULL	NULL	NULL	484	484	NULL	NULL	NULL	NULL	463	463	
465	465	NULL	NULL	NULL	NULL	485	485	NULL	NULL	NULL	NULL	467	467	
465	465	NULL	NULL	NULL	NULL	485	485	NULL	NULL	NULL	NULL	467	467	
469	469	486	486	487	487	488	488	489	489	490	490	471	471	
469	469	486	486	487	487	488	488	489	489	490	490	471	471	
473	473	NULL	NULL	NULL	NULL	NULL	NULL	NULL	NULL	NULL	NULL	475	475	
473	473	NULL	NULL	NULL	NULL	NULL	NULL	NULL	NULL	NULL	NULL	475	475	
477	477	NULL	NULL	NULL	NULL	NULL	NULL	NULL	NULL	NULL	NULL	479	479	
477	477	NULL	NULL	NULL	NULL	NULL	NULL	NULL	NULL	NULL	NULL	479	479	
481	481	462	462	466	466	470	470	474	474	478	478	483	483	
481	481	462	462	466	466	470	470	474	474	478	478	483	483	
460	43	2	0	18	17	2	0	0	0	0	0	0	0	0	
461	43	0	2	18	17	2	0	0	0	0	0	0	0	0	
462	43	2	12	18	17	2	0	0	0	0	0	0	0	0	
463	43	12	2	18	17	2	0	0	0	0	0	0	0	0	
464	43	4	0	18	17	2	0	0	0	0	0	0	0	0	
465	43	0	4	18	17	2	0	0	0	0	0	0	0	0	
466	43	4	12	18	17	2	0	0	0	0	0	0	0	0	
467	43	12	4	18	17	2	0	0	0	0	0	0	0	0	
468	42	6	0	18	17	2	0	0	0	0	0	0	0	0	
469	42	0	6	18	17	2	0	0	0	0	0	0	0	0	
470	43	6	12	18	17	2	0	0	0	0	0	0	0	0	
471	42	12	6	18	17	2	0	0	0	0	0	0	0	0	
472	43	8	0	18	17	2	0	0	0	0	0	0	0	0	
473	43	0	8	18	17	2	0	0	0	0	0	0	0	0	
474	43	8	12	18	17	2	0	0	0	0	0	0	0	0	
475	43	12	8	18	17	2	0	0	0	0	0	0	0	0	
476	43	10	0	18	17	2	0	0	0	0	0	0	0	0	
477	43	0	10	18	17	2	0	0	0	0	0	0	0	0	
478	43	10	12	18	17	2	0	0	0	0	0	0	0	0	
479	43	12	10	18	17	2	0	0	0	0	0	0	0	0	
480	43	0	0	18	17	2	0	0	0	0	0	0	0	0	
481	43	0	12	18	17	2	0	0	0	0	0	0	0	0	
482	43	12	0	18	17	2	0	0	0	0	0	0	0	0	
483	43	12	12	18	17	2	0	0	0	0	0	0	0	0	
484	37	6	2	18	17	2	0	0	0	0	0	0	0	0	
485	77	6	4	18	17	4	0	0	0	0	0	0	0	0	
486	37	2	6	18	17	2	0	0	0	0	0	0	0	0	
487	37	4	6	18	17	2	0	0	0	0	0	0	0	0	
488	37	6	6	18	17	2	0	0	0	0	0	0	0	0	
489	37	8	6	18	17	2	0	0	0	0	0	0	0	0	
490	37	10	6	18	17	2	0	0	0	0	0	0	0	0	
491	32	20	17	-999	-999	2	0	0	0	0	0	0	0	0	
512	512	492	492	496	496	500	500	504	504	508	508	514	514	
512	512	492	492	496	496	500	500	504	504	508	508	514	514	
493	493	NULL	NULL	NULL	NULL	516	516	NULL	NULL	NULL	NULL	495	495	
493	493	NULL	NULL	NULL	NULL	516	516	NULL	NULL	NULL	NULL	495	495	
497	497	NULL	NULL	NULL	NULL	520	520	NULL	NULL	NULL	NULL	499	499	
497	497	NULL	NULL	NULL	NULL	520	520	NULL	NULL	NULL	NULL	499	499	
501	501	518	518	519	519	517	517	NULL	NULL	NULL	NULL	503	503	
501	501	518	518	519	519	517	517	NULL	NULL	NULL	NULL	503	503	
505	505	NULL	NULL	NULL	NULL	NULL	NULL	NULL	NULL	NULL	NULL	507	507	
505	505	NULL	NULL	NULL	NULL	NULL	NULL	NULL	NULL	NULL	NULL	507	507	
509	509	NULL	NULL	NULL	NULL	NULL	NULL	NULL	NULL	NULL	NULL	511	511	
509	509	NULL	NULL	NULL	NULL	NULL	NULL	NULL	NULL	NULL	NULL	511	511	
513	513	494	494	498	498	502	502	506	506	510	510	515	515	
513	513	494	494	498	498	502	502	506	506	510	510	515	515	
492	43	2	0	20	17	2	0	0	0	0	0	0	0	0	
493	43	0	2	20	17	2	0	0	0	0	0	0	0	0	
494	43	2	12	20	17	2	0	0	0	0	0	0	0	0	
495	43	12	2	20	17	2	0	0	0	0	0	0	0	0	
496	43	4	0	20	17	2	0	0	0	0	0	0	0	0	
497	43	0	4	20	17	2	0	0	0	0	0	0	0	0	
498	43	4	12	20	17	2	0	0	0	0	0	0	0	0	
499	43	12	4	20	17	2	0	0	0	0	0	0	0	0	
500	42	6	0	20	17	2	0	0	0	0	0	0	0	0	
501	42	0	6	20	17	2	0	0	0	0	0	0	0	0	
502	43	6	12	20	17	2	0	0	0	0	0	0	0	0	
503	43	12	6	20	17	2	0	0	0	0	0	0	0	0	
504	43	8	0	20	17	2	0	0	0	0	0	0	0	0	
505	43	0	8	20	17	2	0	0	0	0	0	0	0	0	
506	43	8	12	20	17	2	0	0	0	0	0	0	0	0	
507	43	12	8	20	17	2	0	0	0	0	0	0	0	0	
508	43	10	0	20	17	2	0	0	0	0	0	0	0	0	
509	43	0	10	20	17	2	0	0	0	0	0	0	0	0	
510	43	10	12	20	17	2	0	0	0	0	0	0	0	0	
511	43	12	10	20	17	2	0	0	0	0	0	0	0	0	
512	43	0	0	20	17	2	0	0	0	0	0	0	0	0	
513	43	0	12	20	17	2	0	0	0	0	0	0	0	0	
514	43	12	0	20	17	2	0	0	0	0	0	0	0	0	
515	43	12	12	20	17	2	0	0	0	0	0	0	0	0	
516	37	6	2	20	17	2	0	0	0	0	0	0	0	0	
517	37	6	6	20	17	2	0	0	0	0	0	0	0	0	
518	37	2	6	20	17	2	0	0	0	0	0	0	0	0	
519	37	4	6	20	17	2	0	0	0	0	0	0	0	0	
520	37	6	4	20	17	2	0	0	0	0	0	0	0	0	
521	37	2	6	10	17	0	0	0	0	0	0	0	0	0	
522	37	10	6	10	17	4	0	0	0	0	0	0	0	0	
523	37	8	6	10	17	3	0	0	0	0	0	0	0	0	
524	37	6	6	10	17	2	0	0	0	0	0	0	0	0	
525	37	4	6	10	17	1	0	0	0	0	0	0	0	0	
526	32	10	17	-999	-999	2	0	0	0	0	0	0	0	0	
547	547	527	527	531	531	535	535	539	539	543	543	549	549	
547	547	527	527	531	531	535	535	539	539	543	543	549	549	
528	528	NULL	NULL	NULL	NULL	NULL	NULL	NULL	NULL	NULL	NULL	530	530	
528	528	NULL	NULL	NULL	NULL	NULL	NULL	NULL	NULL	NULL	NULL	530	530	
532	532	551	551	552	552	553	553	554	554	555	555	534	534	
532	532	551	551	552	552	553	553	554	554	555	555	534	534	
536	536	521	521	525	525	524	524	523	523	522	522	538	538	
536	536	521	521	525	525	524	524	523	523	522	522	538	538	
540	540	NULL	NULL	NULL	NULL	NULL	NULL	NULL	NULL	NULL	NULL	542	542	
540	540	NULL	NULL	NULL	NULL	NULL	NULL	NULL	NULL	NULL	NULL	542	542	
544	544	NULL	NULL	NULL	NULL	NULL	NULL	NULL	NULL	NULL	NULL	546	546	
544	544	NULL	NULL	NULL	NULL	NULL	NULL	NULL	NULL	NULL	NULL	546	546	
548	548	529	529	533	533	537	537	541	541	545	545	550	550	
548	548	529	529	533	533	537	537	541	541	545	545	550	550	
527	43	2	0	10	17	2	0	0	0	0	0	0	0	0	
528	43	0	2	10	17	2	0	0	0	0	0	0	0	0	
529	43	2	12	10	17	2	0	0	0	0	0	0	0	0	
530	43	12	2	10	17	2	0	0	0	0	0	0	0	0	
531	43	4	0	10	17	2	0	0	0	0	0	0	0	0	
532	43	0	4	10	17	2	0	0	0	0	0	0	0	0	
533	43	4	12	10	17	2	0	0	0	0	0	0	0	0	
534	43	12	4	10	17	2	0	0	0	0	0	0	0	0	
535	43	6	0	10	17	2	0	0	0	0	0	0	0	0	
536	43	0	6	10	17	2	0	0	0	0	0	0	0	0	
537	43	6	12	10	17	2	0	0	0	0	0	0	0	0	
538	42	12	6	10	17	4	0	0	0	0	0	0	0	0	
539	43	8	0	10	17	2	0	0	0	0	0	0	0	0	
540	43	0	8	10	17	2	0	0	0	0	0	0	0	0	
541	43	8	12	10	17	2	0	0	0	0	0	0	0	0	
542	43	12	8	10	17	2	0	0	0	0	0	0	0	0	
543	43	10	0	10	17	2	0	0	0	0	0	0	0	0	
544	43	0	10	10	17	2	0	0	0	0	0	0	0	0	
545	43	10	12	10	17	2	0	0	0	0	0	0	0	0	
546	43	12	10	10	17	2	0	0	0	0	0	0	0	0	
547	43	0	0	10	17	2	0	0	0	0	0	0	0	0	
548	43	0	12	10	17	2	0	0	0	0	0	0	0	0	
549	43	12	0	10	17	2	0	0	0	0	0	0	0	0	
550	43	12	12	10	17	2	0	0	0	0	0	0	0	0	
551	31	2	4	10	17	0	0	0	0	0	0	0	0	0	
552	30	4	4	10	17	0	0	0	0	0	0	0	0	0	
553	29	6	4	10	17	0	0	0	0	0	0	0	0	0	
554	28	8	4	10	17	0	0	0	0	0	0	0	0	0	
555	27	10	4	10	17	0	0	0	0	0	0	0	0	0	
556	32	2	7	-999	-999	2	0	0	0	0	0	0	0	0	
577	577	557	557	561	561	565	565	569	569	573	573	579	579	
577	577	557	557	561	561	565	565	569	569	573	573	579	579	
558	558	NULL	NULL	NULL	NULL	NULL	NULL	NULL	NULL	NULL	NULL	560	560	
558	558	NULL	NULL	NULL	NULL	NULL	NULL	NULL	NULL	NULL	NULL	560	560	
562	562	NULL	NULL	NULL	NULL	NULL	NULL	NULL	NULL	NULL	NULL	564	564	
562	562	NULL	NULL	NULL	NULL	NULL	NULL	NULL	NULL	NULL	NULL	564	564	
566	566	682	682	NULL	NULL	NULL	NULL	NULL	NULL	NULL	NULL	568	568	
566	566	682	682	NULL	NULL	NULL	NULL	NULL	NULL	NULL	NULL	568	568	
570	570	NULL	NULL	NULL	NULL	NULL	NULL	NULL	NULL	NULL	NULL	572	572	
570	570	NULL	NULL	NULL	NULL	NULL	NULL	NULL	NULL	NULL	NULL	572	572	
574	574	NULL	NULL	NULL	NULL	NULL	NULL	NULL	NULL	NULL	NULL	576	576	
574	574	NULL	NULL	NULL	NULL	NULL	NULL	NULL	NULL	NULL	NULL	576	576	
578	578	559	559	563	563	567	567	571	571	575	575	580	580	
578	578	559	559	563	563	567	567	571	571	575	575	580	580	
557	43	2	0	2	7	2	0	0	0	0	0	0	0	0	
558	43	0	2	2	7	2	0	0	0	0	0	0	0	0	
559	43	2	12	2	7	2	0	0	0	0	0	0	0	0	
560	43	12	2	2	7	2	0	0	0	0	0	0	0	0	
561	43	4	0	2	7	2	0	0	0	0	0	0	0	0	
562	43	0	4	2	7	2	0	0	0	0	0	0	0	0	
563	43	4	12	2	7	2	0	0	0	0	0	0	0	0	
564	43	12	4	2	7	2	0	0	0	0	0	0	0	0	
565	43	6	0	2	7	2	0	0	0	0	0	0	0	0	
566	42	0	6	2	7	2	0	0	0	0	0	0	0	0	
567	43	6	12	2	7	2	0	0	0	0	0	0	0	0	
568	43	12	6	2	7	2	0	0	0	0	0	0	0	0	
569	43	8	0	2	7	2	0	0	0	0	0	0	0	0	
570	43	0	8	2	7	2	0	0	0	0	0	0	0	0	
571	43	8	12	2	7	2	0	0	0	0	0	0	0	0	
572	43	12	8	2	7	2	0	0	0	0	0	0	0	0	
573	43	10	0	2	7	2	0	0	0	0	0	0	0	0	
574	43	0	10	2	7	2	0	0	0	0	0	0	0	0	
575	43	10	12	2	7	2	0	0	0	0	0	0	0	0	
576	43	12	10	2	7	2	0	0	0	0	0	0	0	0	
577	43	0	0	2	7	2	0	0	0	0	0	0	0	0	
578	43	0	12	2	7	2	0	0	0	0	0	0	0	0	
579	43	12	0	2	7	2	0	0	0	0	0	0	0	0	
580	43	12	12	2	7	2	0	0	0	0	0	0	0	0	
581	32	2	9	-999	-999	2	0	0	0	0	0	0	0	0	
602	602	582	582	586	586	590	590	594	594	598	598	604	604	
602	602	582	582	586	586	590	590	594	594	598	598	604	604	
583	583	705	705	NULL	NULL	NULL	NULL	NULL	NULL	NULL	NULL	585	585	
583	583	705	705	NULL	NULL	NULL	NULL	NULL	NULL	NULL	NULL	585	585	
587	587	704	704	NULL	NULL	NULL	NULL	NULL	NULL	NULL	NULL	589	589	
587	587	704	704	NULL	NULL	NULL	NULL	NULL	NULL	NULL	NULL	589	589	
591	591	703	703	NULL	NULL	NULL	NULL	NULL	NULL	NULL	NULL	593	593	
591	591	703	703	NULL	NULL	NULL	NULL	NULL	NULL	NULL	NULL	593	593	
595	595	NULL	NULL	NULL	NULL	NULL	NULL	NULL	NULL	NULL	NULL	597	597	
595	595	NULL	NULL	NULL	NULL	NULL	NULL	NULL	NULL	NULL	NULL	597	597	
599	599	NULL	NULL	NULL	NULL	NULL	NULL	NULL	NULL	NULL	NULL	601	601	
599	599	NULL	NULL	NULL	NULL	NULL	NULL	NULL	NULL	NULL	NULL	601	601	
603	603	584	584	588	588	592	592	596	596	600	600	605	605	
603	603	584	584	588	588	592	592	596	596	600	600	605	605	
582	43	2	0	2	9	2	0	0	0	0	0	0	0	0	
583	43	0	2	2	9	2	0	0	0	0	0	0	0	0	
584	43	2	12	2	9	2	0	0	0	0	0	0	0	0	
585	43	12	2	2	9	2	0	0	0	0	0	0	0	0	
586	43	4	0	2	9	2	0	0	0	0	0	0	0	0	
587	43	0	4	2	9	2	0	0	0	0	0	0	0	0	
588	43	4	12	2	9	2	0	0	0	0	0	0	0	0	
589	43	12	4	2	9	2	0	0	0	0	0	0	0	0	
590	43	6	0	2	9	2	0	0	0	0	0	0	0	0	
591	42	0	6	2	9	2	0	0	0	0	0	0	0	0	
592	43	6	12	2	9	2	0	0	0	0	0	0	0	0	
593	43	12	6	2	9	2	0	0	0	0	0	0	0	0	
594	43	8	0	2	9	2	0	0	0	0	0	0	0	0	
595	43	0	8	2	9	2	0	0	0	0	0	0	0	0	
596	43	8	12	2	9	2	0	0	0	0	0	0	0	0	
597	43	12	8	2	9	2	0	0	0	0	0	0	0	0	
598	43	10	0	2	9	2	0	0	0	0	0	0	0	0	
599	43	0	10	2	9	2	0	0	0	0	0	0	0	0	
600	43	10	12	2	9	2	0	0	0	0	0	0	0	0	
601	43	12	10	2	9	2	0	0	0	0	0	0	0	0	
602	43	0	0	2	9	2	0	0	0	0	0	0	0	0	
603	43	0	12	2	9	2	0	0	0	0	0	0	0	0	
604	43	12	0	2	9	2	0	0	0	0	0	0	0	0	
605	43	12	12	2	9	2	0	0	0	0	0	0	0	0	
606	32	2	11	-999	-999	2	0	0	0	0	0	0	0	0	
627	627	607	607	611	611	615	615	619	619	623	623	629	629	
627	627	607	607	611	611	615	615	619	619	623	623	629	629	
608	608	688	688	689	689	690	690	NULL	NULL	NULL	NULL	610	610	
608	608	688	688	689	689	690	690	NULL	NULL	NULL	NULL	610	610	
612	612	695	695	NULL	NULL	NULL	NULL	NULL	NULL	NULL	NULL	614	614	
612	612	695	695	NULL	NULL	NULL	NULL	NULL	NULL	NULL	NULL	614	614	
616	616	684	684	NULL	NULL	NULL	NULL	NULL	NULL	NULL	NULL	618	618	
616	616	684	684	NULL	NULL	NULL	NULL	NULL	NULL	NULL	NULL	618	618	
620	620	NULL	NULL	NULL	NULL	NULL	NULL	NULL	NULL	NULL	NULL	622	622	
620	620	NULL	NULL	NULL	NULL	NULL	NULL	NULL	NULL	NULL	NULL	622	622	
624	624	NULL	NULL	NULL	NULL	NULL	NULL	NULL	NULL	NULL	NULL	626	626	
624	624	NULL	NULL	NULL	NULL	NULL	NULL	NULL	NULL	NULL	NULL	626	626	
628	628	609	609	613	613	617	617	621	621	625	625	630	630	
628	628	609	609	613	613	617	617	621	621	625	625	630	630	
607	43	2	0	2	11	2	0	0	0	0	0	0	0	0	
608	43	0	2	2	11	2	0	0	0	0	0	0	0	0	
609	43	2	12	2	11	2	0	0	0	0	0	0	0	0	
610	43	12	2	2	11	2	0	0	0	0	0	0	0	0	
611	43	4	0	2	11	2	0	0	0	0	0	0	0	0	
612	43	0	4	2	11	2	0	0	0	0	0	0	0	0	
613	43	4	12	2	11	2	0	0	0	0	0	0	0	0	
614	43	12	4	2	11	2	0	0	0	0	0	0	0	0	
615	43	6	0	2	11	2	0	0	0	0	0	0	0	0	
616	42	0	6	2	11	2	0	0	0	0	0	0	0	0	
617	43	6	12	2	11	2	0	0	0	0	0	0	0	0	
618	43	12	6	2	11	2	0	0	0	0	0	0	0	0	
619	43	8	0	2	11	2	0	0	0	0	0	0	0	0	
620	43	0	8	2	11	2	0	0	0	0	0	0	0	0	
621	43	8	12	2	11	2	0	0	0	0	0	0	0	0	
622	43	12	8	2	11	2	0	0	0	0	0	0	0	0	
623	43	10	0	2	11	2	0	0	0	0	0	0	0	0	
624	43	0	10	2	11	2	0	0	0	0	0	0	0	0	
625	43	10	12	2	11	2	0	0	0	0	0	0	0	0	
626	43	12	10	2	11	2	0	0	0	0	0	0	0	0	
627	43	0	0	2	11	2	0	0	0	0	0	0	0	0	
628	43	0	12	2	11	2	0	0	0	0	0	0	0	0	
629	43	12	0	2	11	2	0	0	0	0	0	0	0	0	
630	43	12	12	2	11	2	0	0	0	0	0	0	0	0	
631	32	2	13	-999	-999	2	0	0	0	0	0	0	0	0	
652	652	632	632	636	636	640	640	644	644	648	648	654	654	
652	652	632	632	636	636	640	640	644	644	648	648	654	654	
633	633	697	697	693	693	692	692	694	694	683	683	635	635	
633	633	697	697	693	693	692	692	694	694	683	683	635	635	
637	637	696	696	NULL	NULL	NULL	NULL	NULL	NULL	NULL	NULL	639	639	
637	637	696	696	NULL	NULL	NULL	NULL	NULL	NULL	NULL	NULL	639	639	
641	641	687	687	NULL	NULL	NULL	NULL	NULL	NULL	NULL	NULL	643	643	
641	641	687	687	NULL	NULL	NULL	NULL	NULL	NULL	NULL	NULL	643	643	
645	645	NULL	NULL	NULL	NULL	NULL	NULL	NULL	NULL	NULL	NULL	647	647	
645	645	NULL	NULL	NULL	NULL	NULL	NULL	NULL	NULL	NULL	NULL	647	647	
649	649	NULL	NULL	NULL	NULL	NULL	NULL	NULL	NULL	NULL	NULL	651	651	
649	649	NULL	NULL	NULL	NULL	NULL	NULL	NULL	NULL	NULL	NULL	651	651	
653	653	634	634	638	638	642	642	646	646	650	650	655	655	
653	653	634	634	638	638	642	642	646	646	650	650	655	655	
632	43	2	0	2	13	2	0	0	0	0	0	0	0	0	
633	43	0	2	2	13	2	0	0	0	0	0	0	0	0	
634	43	2	12	2	13	2	0	0	0	0	0	0	0	0	
635	43	12	2	2	13	2	0	0	0	0	0	0	0	0	
636	43	4	0	2	13	2	0	0	0	0	0	0	0	0	
637	43	0	4	2	13	2	0	0	0	0	0	0	0	0	
638	43	4	12	2	13	2	0	0	0	0	0	0	0	0	
639	43	12	4	2	13	2	0	0	0	0	0	0	0	0	
640	43	6	0	2	13	2	0	0	0	0	0	0	0	0	
641	42	0	6	2	13	2	0	0	0	0	0	0	0	0	
642	43	6	12	2	13	2	0	0	0	0	0	0	0	0	
643	43	12	6	2	13	2	0	0	0	0	0	0	0	0	
644	43	8	0	2	13	2	0	0	0	0	0	0	0	0	
645	43	0	8	2	13	2	0	0	0	0	0	0	0	0	
646	43	8	12	2	13	2	0	0	0	0	0	0	0	0	
647	43	12	8	2	13	2	0	0	0	0	0	0	0	0	
648	43	10	0	2	13	2	0	0	0	0	0	0	0	0	
649	43	0	10	2	13	2	0	0	0	0	0	0	0	0	
650	43	10	12	2	13	2	0	0	0	0	0	0	0	0	
651	43	12	10	2	13	2	0	0	0	0	0	0	0	0	
652	43	0	0	2	13	2	0	0	0	0	0	0	0	0	
653	43	0	12	2	13	2	0	0	0	0	0	0	0	0	
654	43	12	0	2	13	2	0	0	0	0	0	0	0	0	
655	43	12	12	2	13	2	0	0	0	0	0	0	0	0	
656	32	2	15	-999	-999	2	0	0	0	0	0	0	0	0	
677	677	657	657	661	661	665	665	669	669	673	673	679	679	
677	677	657	657	661	661	665	665	669	669	673	673	679	679	
658	658	699	699	700	700	701	701	702	702	681	681	660	660	
658	658	699	699	700	700	701	701	702	702	681	681	660	660	
662	662	698	698	NULL	NULL	NULL	NULL	NULL	NULL	686	686	664	664	
662	662	698	698	NULL	NULL	NULL	NULL	NULL	NULL	686	686	664	664	
666	666	691	691	NULL	NULL	NULL	NULL	NULL	NULL	685	685	668	668	
666	666	691	691	NULL	NULL	NULL	NULL	NULL	NULL	685	685	668	668	
670	670	NULL	NULL	NULL	NULL	NULL	NULL	NULL	NULL	NULL	NULL	672	672	
670	670	NULL	NULL	NULL	NULL	NULL	NULL	NULL	NULL	NULL	NULL	672	672	
674	674	NULL	NULL	NULL	NULL	NULL	NULL	NULL	NULL	NULL	NULL	676	676	
674	674	NULL	NULL	NULL	NULL	NULL	NULL	NULL	NULL	NULL	NULL	676	676	
678	678	659	659	663	663	667	667	671	671	675	675	680	680	
678	678	659	659	663	663	667	667	671	671	675	675	680	680	
657	43	2	0	2	15	2	0	0	0	0	0	0	0	0	
658	43	0	2	2	15	2	0	0	0	0	0	0	0	0	
659	43	2	12	2	15	2	0	0	0	0	0	0	0	0	
660	43	12	2	2	15	2	0	0	0	0	0	0	0	0	
661	43	4	0	2	15	2	0	0	0	0	0	0	0	0	
662	43	0	4	2	15	2	0	0	0	0	0	0	0	0	
663	43	4	12	2	15	2	0	0	0	0	0	0	0	0	
664	43	12	4	2	15	2	0	0	0	0	0	0	0	0	
665	43	6	0	2	15	2	0	0	0	0	0	0	0	0	
666	42	0	6	2	15	2	0	0	0	0	0	0	0	0	
667	43	6	12	2	15	2	0	0	0	0	0	0	0	0	
668	43	12	6	2	15	2	0	0	0	0	0	0	0	0	
669	43	8	0	2	15	2	0	0	0	0	0	0	0	0	
670	43	0	8	2	15	2	0	0	0	0	0	0	0	0	
671	43	8	12	2	15	2	0	0	0	0	0	0	0	0	
672	43	12	8	2	15	2	0	0	0	0	0	0	0	0	
673	43	10	0	2	15	2	0	0	0	0	0	0	0	0	
674	43	0	10	2	15	2	0	0	0	0	0	0	0	0	
675	43	10	12	2	15	2	0	0	0	0	0	0	0	0	
676	43	12	10	2	15	2	0	0	0	0	0	0	0	0	
677	43	0	0	2	15	2	0	0	0	0	0	0	0	0	
678	43	0	12	2	15	2	0	0	0	0	0	0	0	0	
679	43	12	0	2	15	2	0	0	0	0	0	0	0	0	
680	43	12	12	2	15	2	0	0	0	0	0	0	0	0	
681	38	10	2	2	15	2	0	0	0	0	0	0	0	0	
682	17	2	6	2	7	2	0	0	0	0	0	0	0	0	
683	20	10	2	2	13	2	0	0	0	0	0	0	0	0	
684	38	2	6	2	11	2	0	0	0	0	0	0	0	0	
685	21	10	6	2	15	2	0	0	0	0	0	0	0	0	
686	38	10	4	2	15	2	0	0	0	0	0	0	0	0	
687	38	2	6	2	13	2	0	0	0	0	0	0	0	0	
688	38	2	2	2	11	2	0	0	0	0	0	0	0	0	
689	38	4	2	2	11	2	0	0	0	0	0	0	0	0	
690	19	6	2	2	11	2	0	0	0	0	0	0	0	0	
691	38	2	6	2	15	2	0	0	0	0	0	0	0	0	
692	38	6	2	2	13	2	0	0	0	0	0	0	0	0	
693	38	4	2	2	13	2	0	0	0	0	0	0	0	0	
694	38	8	2	2	13	2	0	0	0	0	0	0	0	0	
695	38	2	4	2	11	2	0	0	0	0	0	0	0	0	
696	38	2	4	2	13	2	0	0	0	0	0	0	0	0	
697	38	2	2	2	13	2	0	0	0	0	0	0	0	0	
698	38	2	4	2	15	2	0	0	0	0	0	0	0	0	
699	38	2	2	2	15	2	0	0	0	0	0	0	0	0	
700	38	4	2	2	15	2	0	0	0	0	0	0	0	0	
701	38	6	2	2	15	2	0	0	0	0	0	0	0	0	
702	38	8	2	2	15	2	0	0	0	0	0	0	0	0	
703	38	2	6	2	9	2	0	0	0	0	0	0	0	0	
704	38	2	4	2	9	2	0	0	0	0	0	0	0	0	
705	18	2	2	2	9	2	0	0	0	0	0	0	0	0	
706	74	0	5	-999	-999	2	0	0	0	0	0	0	0	0	
707	37	4	4	-999	-999	2	0	0	0	0	0	0	0	0	
708	32	12	19	-999	-999	2	0	0	0	0	0	0	0	0	
729	729	709	709	713	713	717	717	721	721	725	725	731	731	
729	729	709	709	713	713	717	717	721	721	725	725	731	731	
710	710	747	747	748	748	743	743	NULL	NULL	NULL	NULL	712	712	
710	710	747	747	748	748	743	743	NULL	NULL	NULL	NULL	712	712	
714	714	746	746	NULL	NULL	753	753	NULL	NULL	NULL	NULL	716	716	
714	714	746	746	NULL	NULL	753	753	NULL	NULL	NULL	NULL	716	716	
718	718	745	745	NULL	NULL	754	754	NULL	NULL	752	752	720	720	
718	718	745	745	NULL	NULL	754	754	NULL	NULL	752	752	720	720	
722	722	NULL	NULL	NULL	NULL	755	755	NULL	NULL	751	751	724	724	
722	722	NULL	NULL	NULL	NULL	755	755	NULL	NULL	751	751	724	724	
726	726	NULL	NULL	NULL	NULL	744	744	749	749	750	750	728	728	
726	726	NULL	NULL	NULL	NULL	744	744	749	749	750	750	728	728	
730	730	711	711	715	715	719	719	723	723	727	727	732	732	
730	730	711	711	715	715	719	719	723	723	727	727	732	732	
709	43	2	0	12	19	2	0	0	0	0	0	0	0	0	
710	43	0	2	12	19	2	0	0	0	0	0	0	0	0	
711	43	2	12	12	19	2	0	0	0	0	0	0	0	0	
712	43	12	2	12	19	2	0	0	0	0	0	0	0	0	
713	43	4	0	12	19	2	0	0	0	0	0	0	0	0	
714	43	0	4	12	19	2	0	0	0	0	0	0	0	0	
715	43	4	12	12	19	2	0	0	0	0	0	0	0	0	
716	43	12	4	12	19	2	0	0	0	0	0	0	0	0	
717	43	6	0	12	19	2	0	0	0	0	0	0	0	0	
718	42	0	6	12	19	2	0	0	0	0	0	0	0	0	
719	43	6	12	12	19	2	0	0	0	0	0	0	0	0	
720	42	12	6	12	19	2	0	0	0	0	0	0	0	0	
721	43	8	0	12	19	2	0	0	0	0	0	0	0	0	
722	43	0	8	12	19	2	0	0	0	0	0	0	0	0	
723	43	8	12	12	19	2	0	0	0	0	0	0	0	0	
724	43	12	8	12	19	2	0	0	0	0	0	0	0	0	
725	43	10	0	12	19	2	0	0	0	0	0	0	0	0	
726	43	0	10	12	19	2	0	0	0	0	0	0	0	0	
727	43	10	12	12	19	2	0	0	0	0	0	0	0	0	
728	43	12	10	12	19	2	0	0	0	0	0	0	0	0	
729	43	0	0	12	19	2	0	0	0	0	0	0	0	0	
730	43	0	12	12	19	2	0	0	0	0	0	0	0	0	
731	43	12	0	12	19	2	0	0	0	0	0	0	0	0	
732	43	12	12	12	19	2	0	0	0	0	0	0	0	0	
733	37	6	17	-999	-999	2	0	0	0	0	0	0	0	0	
734	37	6	13	-999	-999	2	0	0	0	0	0	0	0	0	
735	37	8	18	-999	-999	2	0	0	0	0	0	0	0	0	
736	37	6	15	-999	-999	2	0	0	0	0	0	0	0	0	
737	37	6	5	-999	-999	2	0	0	0	0	0	0	0	0	
738	37	6	11	-999	-999	2	0	0	0	0	0	0	0	0	
739	37	10	19	-999	-999	2	0	0	0	0	0	0	0	0	
740	37	6	7	-999	-999	2	0	0	0	0	0	0	0	0	
741	37	2	4	-999	-999	2	0	0	0	0	0	0	0	0	
742	37	6	9	-999	-999	2	0	0	0	0	0	0	0	0	
743	78	6	2	12	19	2	0	0	0	0	0	0	0	0	
744	78	6	10	12	19	2	0	0	0	0	0	0	0	0	
745	37	2	6	12	19	2	0	0	0	0	0	0	0	0	
746	37	2	4	12	19	2	0	0	0	0	0	0	0	0	
747	37	2	2	12	19	2	0	0	0	0	0	0	0	0	
748	36	4	2	12	19	2	0	0	0	0	0	0	0	0	
749	37	8	10	12	19	2	0	0	0	0	0	0	0	0	
750	37	10	10	12	19	2	0	0	0	0	0	0	0	0	
751	37	10	8	12	19	2	0	0	0	0	0	0	0	0	
752	37	10	6	12	19	2	0	0	0	0	0	0	0	0	
753	35	6	4	12	19	2	0	0	0	0	0	0	0	0	
754	35	6	6	12	19	2	0	0	0	0	0	0	0	0	
755	35	6	8	12	19	2	0	0	0	0	0	0	0	0	
756	32	14	19	-999	-999	2	0	0	0	0	0	0	0	0	
777	777	757	757	761	761	765	765	769	769	773	773	779	779	
777	777	757	757	761	761	765	765	769	769	773	773	779	779	
758	758	781	781	782	782	783	783	NULL	NULL	NULL	NULL	760	760	
758	758	781	781	782	782	783	783	NULL	NULL	NULL	NULL	760	760	
762	762	784	784	NULL	NULL	785	785	NULL	NULL	NULL	NULL	764	764	
762	762	784	784	NULL	NULL	785	785	NULL	NULL	NULL	NULL	764	764	
766	766	786	786	NULL	NULL	787	787	NULL	NULL	788	788	768	768	
766	766	786	786	NULL	NULL	787	787	NULL	NULL	788	788	768	768	
770	770	NULL	NULL	NULL	NULL	789	789	NULL	NULL	790	790	772	772	
770	770	NULL	NULL	NULL	NULL	789	789	NULL	NULL	790	790	772	772	
774	774	NULL	NULL	NULL	NULL	791	791	792	792	793	793	776	776	
774	774	NULL	NULL	NULL	NULL	791	791	792	792	793	793	776	776	
778	778	759	759	763	763	767	767	771	771	775	775	780	780	
778	778	759	759	763	763	767	767	771	771	775	775	780	780	
757	43	2	0	14	19	2	0	0	0	0	0	0	0	0	
758	43	0	2	14	19	2	0	0	0	0	0	0	0	0	
759	43	2	12	14	19	2	0	0	0	0	0	0	0	0	
760	43	12	2	14	19	2	0	0	0	0	0	0	0	0	
761	43	4	0	14	19	2	0	0	0	0	0	0	0	0	
762	43	0	4	14	19	2	0	0	0	0	0	0	0	0	
763	43	4	12	14	19	2	0	0	0	0	0	0	0	0	
764	43	12	4	14	19	2	0	0	0	0	0	0	0	0	
765	43	6	0	14	19	2	0	0	0	0	0	0	0	0	
766	42	0	6	14	19	2	0	0	0	0	0	0	0	0	
767	43	6	12	14	19	2	0	0	0	0	0	0	0	0	
768	42	12	6	14	19	2	0	0	0	0	0	0	0	0	
769	43	8	0	14	19	2	0	0	0	0	0	0	0	0	
770	43	0	8	14	19	2	0	0	0	0	0	0	0	0	
771	43	8	12	14	19	2	0	0	0	0	0	0	0	0	
772	43	12	8	14	19	2	0	0	0	0	0	0	0	0	
773	43	10	0	14	19	2	0	0	0	0	0	0	0	0	
774	43	0	10	14	19	2	0	0	0	0	0	0	0	0	
775	43	10	12	14	19	2	0	0	0	0	0	0	0	0	
776	43	12	10	14	19	2	0	0	0	0	0	0	0	0	
777	43	0	0	14	19	2	0	0	0	0	0	0	0	0	
778	43	0	12	14	19	2	0	0	0	0	0	0	0	0	
779	43	12	0	14	19	2	0	0	0	0	0	0	0	0	
780	43	12	12	14	19	2	0	0	0	0	0	0	0	0	
781	39	2	2	14	19	2	0	0	0	0	0	0	0	0	
782	39	4	2	14	19	2	0	0	0	0	0	0	0	0	
783	78	6	2	14	19	2	0	0	0	0	0	0	0	0	
784	39	2	4	14	19	2	0	0	0	0	0	0	0	0	
785	35	6	4	14	19	2	0	0	0	0	0	0	0	0	
786	39	2	6	14	19	2	0	0	0	0	0	0	0	0	
787	35	6	6	14	19	2	0	0	0	0	0	0	0	0	
788	39	10	6	14	19	2	0	0	0	0	0	0	0	0	
789	35	6	8	14	19	2	0	0	0	0	0	0	0	0	
790	39	10	8	14	19	2	0	0	0	0	0	0	0	0	
791	78	6	10	14	19	2	0	0	0	0	0	0	0	0	
792	39	8	10	14	19	2	0	0	0	0	0	0	0	0	
793	39	10	10	14	19	2	0	0	0	0	0	0	0	0	
794	32	16	19	-999	-999	2	0	0	0	0	0	0	0	0	
815	815	795	795	799	799	803	803	807	807	811	811	817	817	
815	815	795	795	799	799	803	803	807	807	811	811	817	817	
796	796	819	819	820	820	821	821	NULL	NULL	NULL	NULL	798	798	
796	796	819	819	820	820	821	821	NULL	NULL	NULL	NULL	798	798	
800	800	822	822	NULL	NULL	823	823	NULL	NULL	NULL	NULL	802	802	
800	800	822	822	NULL	NULL	823	823	NULL	NULL	NULL	NULL	802	802	
804	804	824	824	NULL	NULL	825	825	NULL	NULL	826	826	806	806	
804	804	824	824	NULL	NULL	825	825	NULL	NULL	826	826	806	806	
808	808	NULL	NULL	NULL	NULL	827	827	NULL	NULL	828	828	810	810	
808	808	NULL	NULL	NULL	NULL	827	827	NULL	NULL	828	828	810	810	
812	812	NULL	NULL	NULL	NULL	829	829	830	830	831	831	814	814	
812	812	NULL	NULL	NULL	NULL	829	829	830	830	831	831	814	814	
816	816	797	797	801	801	805	805	809	809	813	813	818	818	
816	816	797	797	801	801	805	805	809	809	813	813	818	818	
795	43	2	0	16	19	2	0	0	0	0	0	0	0	0	
796	43	0	2	16	19	2	0	0	0	0	0	0	0	0	
797	43	2	12	16	19	2	0	0	0	0	0	0	0	0	
798	43	12	2	16	19	2	0	0	0	0	0	0	0	0	
799	43	4	0	16	19	2	0	0	0	0	0	0	0	0	
800	43	0	4	16	19	2	0	0	0	0	0	0	0	0	
801	43	4	12	16	19	2	0	0	0	0	0	0	0	0	
802	43	12	4	16	19	2	0	0	0	0	0	0	0	0	
803	43	6	0	16	19	2	0	0	0	0	0	0	0	0	
804	42	0	6	16	19	2	0	0	0	0	0	0	0	0	
805	43	6	12	16	19	2	0	0	0	0	0	0	0	0	
806	42	12	6	16	19	2	0	0	0	0	0	0	0	0	
807	43	8	0	16	19	2	0	0	0	0	0	0	0	0	
808	43	0	8	16	19	2	0	0	0	0	0	0	0	0	
809	43	8	12	16	19	2	0	0	0	0	0	0	0	0	
810	43	12	8	16	19	2	0	0	0	0	0	0	0	0	
811	43	10	0	16	19	2	0	0	0	0	0	0	0	0	
812	43	0	10	16	19	2	0	0	0	0	0	0	0	0	
813	43	10	12	16	19	2	0	0	0	0	0	0	0	0	
814	43	12	10	16	19	2	0	0	0	0	0	0	0	0	
815	43	0	0	16	19	2	0	0	0	0	0	0	0	0	
816	43	0	12	16	19	2	0	0	0	0	0	0	0	0	
817	43	12	0	16	19	2	0	0	0	0	0	0	0	0	
818	43	12	12	16	19	2	0	0	0	0	0	0	0	0	
819	39	2	2	16	19	2	0	0	0	0	0	0	0	0	
820	39	4	2	16	19	2	0	0	0	0	0	0	0	0	
821	78	6	2	16	19	2	0	0	0	0	0	0	0	0	
822	39	2	4	16	19	2	0	0	0	0	0	0	0	0	
823	35	6	4	16	19	2	0	0	0	0	0	0	0	0	
824	39	2	6	16	19	2	0	0	0	0	0	0	0	0	
825	35	6	6	16	19	2	0	0	0	0	0	0	0	0	
826	39	10	6	16	19	2	0	0	0	0	0	0	0	0	
827	35	6	8	16	19	2	0	0	0	0	0	0	0	0	
828	39	10	8	16	19	2	0	0	0	0	0	0	0	0	
829	78	6	10	16	19	2	0	0	0	0	0	0	0	0	
830	39	8	10	16	19	2	0	0	0	0	0	0	0	0	
831	39	10	10	16	19	2	0	0	0	0	0	0	0	0	
832	32	18	19	-999	-999	2	0	0	0	0	0	0	0	0	
853	853	833	833	837	837	841	841	845	845	849	849	855	855	
853	853	833	833	837	837	841	841	845	845	849	849	855	855	
834	834	857	857	858	858	859	859	NULL	NULL	NULL	NULL	836	836	
834	834	857	857	858	858	859	859	NULL	NULL	NULL	NULL	836	836	
838	838	860	860	NULL	NULL	861	861	NULL	NULL	NULL	NULL	840	840	
838	838	860	860	NULL	NULL	861	861	NULL	NULL	NULL	NULL	840	840	
842	842	862	862	NULL	NULL	863	863	NULL	NULL	864	864	844	844	
842	842	862	862	NULL	NULL	863	863	NULL	NULL	864	864	844	844	
846	846	NULL	NULL	NULL	NULL	865	865	NULL	NULL	866	866	848	848	
846	846	NULL	NULL	NULL	NULL	865	865	NULL	NULL	866	866	848	848	
850	850	NULL	NULL	NULL	NULL	867	867	868	868	869	869	852	852	
850	850	NULL	NULL	NULL	NULL	867	867	868	868	869	869	852	852	
854	854	835	835	839	839	843	843	847	847	851	851	856	856	
854	854	835	835	839	839	843	843	847	847	851	851	856	856	
833	43	2	0	18	19	2	0	0	0	0	0	0	0	0	
834	43	0	2	18	19	2	0	0	0	0	0	0	0	0	
835	43	2	12	18	19	2	0	0	0	0	0	0	0	0	
836	43	12	2	18	19	2	0	0	0	0	0	0	0	0	
837	43	4	0	18	19	2	0	0	0	0	0	0	0	0	
838	43	0	4	18	19	2	0	0	0	0	0	0	0	0	
839	43	4	12	18	19	2	0	0	0	0	0	0	0	0	
840	43	12	4	18	19	2	0	0	0	0	0	0	0	0	
841	43	6	0	18	19	2	0	0	0	0	0	0	0	0	
842	42	0	6	18	19	2	0	0	0	0	0	0	0	0	
843	43	6	12	18	19	2	0	0	0	0	0	0	0	0	
844	42	12	6	18	19	2	0	0	0	0	0	0	0	0	
845	43	8	0	18	19	2	0	0	0	0	0	0	0	0	
846	43	0	8	18	19	2	0	0	0	0	0	0	0	0	
847	43	8	12	18	19	2	0	0	0	0	0	0	0	0	
848	43	12	8	18	19	2	0	0	0	0	0	0	0	0	
849	43	10	0	18	19	2	0	0	0	0	0	0	0	0	
850	43	0	10	18	19	2	0	0	0	0	0	0	0	0	
851	43	10	12	18	19	2	0	0	0	0	0	0	0	0	
852	43	12	10	18	19	2	0	0	0	0	0	0	0	0	
853	43	0	0	18	19	2	0	0	0	0	0	0	0	0	
854	43	0	12	18	19	2	0	0	0	0	0	0	0	0	
855	43	12	0	18	19	2	0	0	0	0	0	0	0	0	
856	43	12	12	18	19	2	0	0	0	0	0	0	0	0	
857	39	2	2	18	19	2	0	0	0	0	0	0	0	0	
858	39	4	2	18	19	2	0	0	0	0	0	0	0	0	
859	78	6	2	18	19	2	0	0	0	0	0	0	0	0	
860	39	2	4	18	19	2	0	0	0	0	0	0	0	0	
861	35	6	4	18	19	2	0	0	0	0	0	0	0	0	
862	39	2	6	18	19	2	0	0	0	0	0	0	0	0	
863	35	6	6	18	19	2	0	0	0	0	0	0	0	0	
864	37	10	6	18	19	2	0	0	0	0	0	0	0	0	
865	35	6	8	18	19	2	0	0	0	0	0	0	0	0	
866	37	10	8	18	19	2	0	0	0	0	0	0	0	0	
867	78	6	10	18	19	2	0	0	0	0	0	0	0	0	
868	37	8	10	18	19	2	0	0	0	0	0	0	0	0	
869	37	10	10	18	19	2	0	0	0	0	0	0	0	0	
870	32	14	15	-999	-999	2	0	0	0	0	0	0	0	0	
891	891	871	871	875	875	879	879	883	883	887	887	893	893	
891	891	871	871	875	875	879	879	883	883	887	887	893	893	
872	872	NULL	NULL	895	895	896	896	897	897	898	898	874	874	
872	872	NULL	NULL	895	895	896	896	897	897	898	898	874	874	
876	876	NULL	NULL	899	899	NULL	NULL	900	900	NULL	NULL	878	878	
876	876	NULL	NULL	899	899	NULL	NULL	900	900	NULL	NULL	878	878	
880	880	NULL	NULL	901	901	NULL	NULL	902	902	NULL	NULL	882	882	
880	880	NULL	NULL	901	901	NULL	NULL	902	902	NULL	NULL	882	882	
884	884	NULL	NULL	903	903	NULL	NULL	904	904	NULL	NULL	886	886	
884	884	NULL	NULL	903	903	NULL	NULL	904	904	NULL	NULL	886	886	
888	888	NULL	NULL	905	905	906	906	907	907	NULL	NULL	890	890	
888	888	NULL	NULL	905	905	906	906	907	907	NULL	NULL	890	890	
892	892	873	873	877	877	881	881	885	885	889	889	894	894	
892	892	873	873	877	877	881	881	885	885	889	889	894	894	
871	43	2	0	14	15	2	0	0	0	0	0	0	0	0	
872	43	0	2	14	15	2	0	0	0	0	0	0	0	0	
873	43	2	12	14	15	2	0	0	0	0	0	0	0	0	
874	43	12	2	14	15	2	0	0	0	0	0	0	0	0	
875	43	4	0	14	15	2	0	0	0	0	0	0	0	0	
876	43	0	4	14	15	2	0	0	0	0	0	0	0	0	
877	43	4	12	14	15	2	0	0	0	0	0	0	0	0	
878	43	12	4	14	15	2	0	0	0	0	0	0	0	0	
879	43	6	0	14	15	2	0	0	0	0	0	0	0	0	
880	43	0	6	14	15	2	0	0	0	0	0	0	0	0	
881	42	6	12	14	15	2	0	0	0	0	0	0	0	0	
882	43	12	6	14	15	2	0	0	0	0	0	0	0	0	
883	43	8	0	14	15	2	0	0	0	0	0	0	0	0	
884	43	0	8	14	15	2	0	0	0	0	0	0	0	0	
885	43	8	12	14	15	2	0	0	0	0	0	0	0	0	
886	43	12	8	14	15	2	0	0	0	0	0	0	0	0	
887	42	10	0	14	15	2	0	0	0	0	0	0	0	0	
888	43	0	10	14	15	2	0	0	0	0	0	0	0	0	
889	43	10	12	14	15	2	0	0	0	0	0	0	0	0	
890	43	12	10	14	15	2	0	0	0	0	0	0	0	0	
891	43	0	0	14	15	2	0	0	0	0	0	0	0	0	
892	43	0	12	14	15	2	0	0	0	0	0	0	0	0	
893	43	12	0	14	15	2	0	0	0	0	0	0	0	0	
894	43	12	12	14	15	2	0	0	0	0	0	0	0	0	
895	37	4	2	14	15	2	0	0	0	0	0	0	0	0	
896	77	6	2	14	15	2	0	0	0	0	0	0	0	0	
897	34	8	2	14	15	2	0	0	0	0	0	0	0	0	
898	59	10	2	14	15	2	0	0	0	0	0	0	0	0	
899	37	4	4	14	15	2	0	0	0	0	0	0	0	0	
900	34	8	4	14	15	2	0	0	0	0	0	0	0	0	
901	37	4	6	14	15	2	0	0	0	0	0	0	0	0	
902	34	8	6	14	15	2	0	0	0	0	0	0	0	0	
903	37	4	8	14	15	2	0	0	0	0	0	0	0	0	
904	34	8	8	14	15	2	0	0	0	0	0	0	0	0	
905	37	4	10	14	15	2	0	0	0	0	0	0	0	0	
906	37	6	10	14	15	2	0	0	0	0	0	0	0	0	
907	34	8	10	14	15	3	0	0	0	0	0	0	0	0	
908	32	16	15	-999	-999	2	0	0	0	0	0	0	0	0	
929	929	909	909	913	913	917	917	921	921	925	925	931	931	
929	929	909	909	913	913	917	917	921	921	925	925	931	931	
910	910	NULL	NULL	933	933	934	934	935	935	936	936	912	912	
910	910	NULL	NULL	933	933	934	934	935	935	936	936	912	912	
914	914	NULL	NULL	937	937	NULL	NULL	938	938	NULL	NULL	916	916	
914	914	NULL	NULL	937	937	NULL	NULL	938	938	NULL	NULL	916	916	
918	918	NULL	NULL	939	939	NULL	NULL	940	940	NULL	NULL	920	920	
918	918	NULL	NULL	939	939	NULL	NULL	940	940	NULL	NULL	920	920	
922	922	NULL	NULL	941	941	NULL	NULL	942	942	NULL	NULL	924	924	
922	922	NULL	NULL	941	941	NULL	NULL	942	942	NULL	NULL	924	924	
926	926	NULL	NULL	943	943	944	944	945	945	NULL	NULL	928	928	
926	926	NULL	NULL	943	943	944	944	945	945	NULL	NULL	928	928	
930	930	911	911	915	915	919	919	923	923	927	927	932	932	
930	930	911	911	915	915	919	919	923	923	927	927	932	932	
909	43	2	0	16	15	2	0	0	0	0	0	0	0	0	
910	43	0	2	16	15	2	0	0	0	0	0	0	0	0	
911	43	2	12	16	15	2	0	0	0	0	0	0	0	0	
912	43	12	2	16	15	2	0	0	0	0	0	0	0	0	
913	43	4	0	16	15	2	0	0	0	0	0	0	0	0	
914	43	0	4	16	15	2	0	0	0	0	0	0	0	0	
915	43	4	12	16	15	2	0	0	0	0	0	0	0	0	
916	43	12	4	16	15	2	0	0	0	0	0	0	0	0	
917	43	6	0	16	15	2	0	0	0	0	0	0	0	0	
918	43	0	6	16	15	2	0	0	0	0	0	0	0	0	
919	42	6	12	16	15	2	0	0	0	0	0	0	0	0	
920	43	12	6	16	15	2	0	0	0	0	0	0	0	0	
921	43	8	0	16	15	2	0	0	0	0	0	0	0	0	
922	43	0	8	16	15	2	0	0	0	0	0	0	0	0	
923	43	8	12	16	15	2	0	0	0	0	0	0	0	0	
924	43	12	8	16	15	2	0	0	0	0	0	0	0	0	
925	42	10	0	16	15	2	0	0	0	0	0	0	0	0	
926	43	0	10	16	15	2	0	0	0	0	0	0	0	0	
927	43	10	12	16	15	2	0	0	0	0	0	0	0	0	
928	43	12	10	16	15	2	0	0	0	0	0	0	0	0	
929	43	0	0	16	15	2	0	0	0	0	0	0	0	0	
930	43	0	12	16	15	2	0	0	0	0	0	0	0	0	
931	43	12	0	16	15	2	0	0	0	0	0	0	0	0	
932	43	12	12	16	15	2	0	0	0	0	0	0	0	0	
933	37	4	2	16	15	2	0	0	0	0	0	0	0	0	
934	77	6	2	16	15	2	0	0	0	0	0	0	0	0	
935	34	8	2	16	15	2	0	0	0	0	0	0	0	0	
936	59	10	2	16	15	2	0	0	0	0	0	0	0	0	
937	37	4	4	16	15	2	0	0	0	0	0	0	0	0	
938	34	8	4	16	15	2	0	0	0	0	0	0	0	0	
939	37	4	6	16	15	2	0	0	0	0	0	0	0	0	
940	34	8	6	16	15	2	0	0	0	0	0	0	0	0	
941	37	4	8	16	15	2	0	0	0	0	0	0	0	0	
942	34	8	8	16	15	2	0	0	0	0	0	0	0	0	
943	37	4	10	16	15	2	0	0	0	0	0	0	0	0	
944	37	6	10	16	15	2	0	0	0	0	0	0	0	0	
945	34	8	10	16	15	3	0	0	0	0	0	0	0	0	
946	32	18	15	-999	-999	2	0	0	0	0	0	0	0	0	
967	967	947	947	951	951	955	955	959	959	963	963	969	969	
967	967	947	947	951	951	955	955	959	959	963	963	969	969	
948	948	NULL	NULL	971	971	972	972	973	973	974	974	950	950	
948	948	NULL	NULL	971	971	972	972	973	973	974	974	950	950	
952	952	NULL	NULL	975	975	NULL	NULL	976	976	NULL	NULL	954	954	
952	952	NULL	NULL	975	975	NULL	NULL	976	976	NULL	NULL	954	954	
956	956	NULL	NULL	977	977	NULL	NULL	978	978	NULL	NULL	958	958	
956	956	NULL	NULL	977	977	NULL	NULL	978	978	NULL	NULL	958	958	
960	960	NULL	NULL	979	979	NULL	NULL	980	980	NULL	NULL	962	962	
960	960	NULL	NULL	979	979	NULL	NULL	980	980	NULL	NULL	962	962	
964	964	NULL	NULL	981	981	982	982	983	983	NULL	NULL	966	966	
964	964	NULL	NULL	981	981	982	982	983	983	NULL	NULL	966	966	
968	968	949	949	953	953	957	957	961	961	965	965	970	970	
968	968	949	949	953	953	957	957	961	961	965	965	970	970	
947	43	2	0	18	15	2	0	0	0	0	0	0	0	0	
948	43	0	2	18	15	2	0	0	0	0	0	0	0	0	
949	43	2	12	18	15	2	0	0	0	0	0	0	0	0	
950	43	12	2	18	15	2	0	0	0	0	0	0	0	0	
951	43	4	0	18	15	2	0	0	0	0	0	0	0	0	
952	43	0	4	18	15	2	0	0	0	0	0	0	0	0	
953	43	4	12	18	15	2	0	0	0	0	0	0	0	0	
954	43	12	4	18	15	2	0	0	0	0	0	0	0	0	
955	43	6	0	18	15	2	0	0	0	0	0	0	0	0	
956	43	0	6	18	15	2	0	0	0	0	0	0	0	0	
957	42	6	12	18	15	2	0	0	0	0	0	0	0	0	
958	43	12	6	18	15	2	0	0	0	0	0	0	0	0	
959	43	8	0	18	15	2	0	0	0	0	0	0	0	0	
960	43	0	8	18	15	2	0	0	0	0	0	0	0	0	
961	43	8	12	18	15	2	0	0	0	0	0	0	0	0	
962	43	12	8	18	15	2	0	0	0	0	0	0	0	0	
963	42	10	0	18	15	2	0	0	0	0	0	0	0	0	
964	43	0	10	18	15	2	0	0	0	0	0	0	0	0	
965	43	10	12	18	15	2	0	0	0	0	0	0	0	0	
966	43	12	10	18	15	2	0	0	0	0	0	0	0	0	
967	43	0	0	18	15	2	0	0	0	0	0	0	0	0	
968	43	0	12	18	15	2	0	0	0	0	0	0	0	0	
969	43	12	0	18	15	2	0	0	0	0	0	0	0	0	
970	43	12	12	18	15	2	0	0	0	0	0	0	0	0	
971	37	4	2	18	15	2	0	0	0	0	0	0	0	0	
972	77	6	2	18	15	2	0	0	0	0	0	0	0	0	
973	34	8	2	18	15	2	0	0	0	0	0	0	0	0	
974	59	10	2	18	15	2	0	0	0	0	0	0	0	0	
975	37	4	4	18	15	2	0	0	0	0	0	0	0	0	
976	34	8	4	18	15	2	0	0	0	0	0	0	0	0	
977	37	4	6	18	15	2	0	0	0	0	0	0	0	0	
978	34	8	6	18	15	2	0	0	0	0	0	0	0	0	
979	37	4	8	18	15	2	0	0	0	0	0	0	0	0	
980	34	8	8	18	15	2	0	0	0	0	0	0	0	0	
981	37	4	10	18	15	2	0	0	0	0	0	0	0	0	
982	37	6	10	18	15	2	0	0	0	0	0	0	0	0	
983	34	8	10	18	15	3	0	0	0	0	0	0	0	0	
984	32	20	15	-999	-999	2	0	0	0	0	0	0	0	0	
1005	1005	985	985	989	989	993	993	997	997	1001	1001	1007	1007	
1005	1005	985	985	989	989	993	993	997	997	1001	1001	1007	1007	
986	986	NULL	NULL	1009	1009	1010	1010	1011	1011	1012	1012	988	988	
986	986	NULL	NULL	1009	1009	1010	1010	1011	1011	1012	1012	988	988	
990	990	NULL	NULL	1013	1013	NULL	NULL	1014	1014	NULL	NULL	992	992	
990	990	NULL	NULL	1013	1013	NULL	NULL	1014	1014	NULL	NULL	992	992	
994	994	NULL	NULL	1015	1015	NULL	NULL	1016	1016	NULL	NULL	996	996	
994	994	NULL	NULL	1015	1015	NULL	NULL	1016	1016	NULL	NULL	996	996	
998	998	NULL	NULL	1017	1017	NULL	NULL	1018	1018	NULL	NULL	1000	1000	
998	998	NULL	NULL	1017	1017	NULL	NULL	1018	1018	NULL	NULL	1000	1000	
1002	1002	NULL	NULL	1019	1019	1020	1020	1021	1021	NULL	NULL	1004	1004	
1002	1002	NULL	NULL	1019	1019	1020	1020	1021	1021	NULL	NULL	1004	1004	
1006	1006	987	987	991	991	995	995	999	999	1003	1003	1008	1008	
1006	1006	987	987	991	991	995	995	999	999	1003	1003	1008	1008	
985	43	2	0	20	15	2	0	0	0	0	0	0	0	0	
986	43	0	2	20	15	2	0	0	0	0	0	0	0	0	
987	43	2	12	20	15	2	0	0	0	0	0	0	0	0	
988	43	12	2	20	15	2	0	0	0	0	0	0	0	0	
989	43	4	0	20	15	2	0	0	0	0	0	0	0	0	
990	43	0	4	20	15	2	0	0	0	0	0	0	0	0	
991	43	4	12	20	15	2	0	0	0	0	0	0	0	0	
992	43	12	4	20	15	2	0	0	0	0	0	0	0	0	
993	43	6	0	20	15	2	0	0	0	0	0	0	0	0	
994	43	0	6	20	15	2	0	0	0	0	0	0	0	0	
995	42	6	12	20	15	2	0	0	0	0	0	0	0	0	
996	43	12	6	20	15	2	0	0	0	0	0	0	0	0	
997	43	8	0	20	15	2	0	0	0	0	0	0	0	0	
998	43	0	8	20	15	2	0	0	0	0	0	0	0	0	
999	43	8	12	20	15	2	0	0	0	0	0	0	0	0	
1000	43	12	8	20	15	2	0	0	0	0	0	0	0	0	
1001	42	10	0	20	15	2	0	0	0	0	0	0	0	0	
1002	43	0	10	20	15	2	0	0	0	0	0	0	0	0	
1003	43	10	12	20	15	2	0	0	0	0	0	0	0	0	
1004	43	12	10	20	15	2	0	0	0	0	0	0	0	0	
1005	43	0	0	20	15	2	0	0	0	0	0	0	0	0	
1006	43	0	12	20	15	2	0	0	0	0	0	0	0	0	
1007	43	12	0	20	15	2	0	0	0	0	0	0	0	0	
1008	43	12	12	20	15	2	0	0	0	0	0	0	0	0	
1009	37	4	2	20	15	2	0	0	0	0	0	0	0	0	
1010	77	6	2	20	15	2	0	0	0	0	0	0	0	0	
1011	34	8	2	20	15	2	0	0	0	0	0	0	0	0	
1012	59	10	2	20	15	2	0	0	0	0	0	0	0	0	
1013	37	4	4	20	15	2	0	0	0	0	0	0	0	0	
1014	34	8	4	20	15	2	0	0	0	0	0	0	0	0	
1015	37	4	6	20	15	2	0	0	0	0	0	0	0	0	
1016	34	8	6	20	15	2	0	0	0	0	0	0	0	0	
1017	37	4	8	20	15	2	0	0	0	0	0	0	0	0	
1018	34	8	8	20	15	2	0	0	0	0	0	0	0	0	
1019	37	4	10	20	15	2	0	0	0	0	0	0	0	0	
1020	37	6	10	20	15	2	0	0	0	0	0	0	0	0	
1021	34	8	10	20	15	3	0	0	0	0	0	0	0	0	
1022	32	14	13	-999	-999	2	0	0	0	0	0	0	0	0	
1043	1043	1023	1023	1027	1027	1031	1031	1035	1035	1039	1039	1045	1045	
1043	1043	1023	1023	1027	1027	1031	1031	1035	1035	1039	1039	1045	1045	
1024	1024	NULL	NULL	NULL	NULL	NULL	1047	1047	NULL	NULL	NULL	1026	1026	
1024	1024	NULL	NULL	NULL	NULL	NULL	1047	1047	NULL	NULL	NULL	1026	1026	
1028	1028	NULL	NULL	NULL	NULL	NULL	NULL	1048	1048	NULL	NULL	1030	1030	
1028	1028	NULL	NULL	NULL	NULL	NULL	NULL	1048	1048	NULL	NULL	1030	1030	
1032	1032	NULL	NULL	NULL	NULL	NULL	NULL	NULL	1049	1049	NULL	1034	1034	
1032	1032	NULL	NULL	NULL	NULL	NULL	NULL	NULL	1049	1049	NULL	1034	1034	
1036	1036	NULL	NULL	NULL	NULL	NULL	NULL	NULL	NULL	1050	1050	1038	1038	
1036	1036	NULL	NULL	NULL	NULL	NULL	NULL	NULL	NULL	1050	1050	1038	1038	
1040	1040	NULL	NULL	NULL	NULL	NULL	NULL	NULL	NULL	1051	1051	1042	1042	
1040	1040	NULL	NULL	NULL	NULL	NULL	NULL	NULL	NULL	1051	1051	1042	1042	
1044	1044	1025	1025	1029	1029	1033	1033	1037	1037	1041	1041	1046	1046	
1044	1044	1025	1025	1029	1029	1033	1033	1037	1037	1041	1041	1046	1046	
1023	43	2	0	14	13	2	0	0	0	0	0	0	0	0	
1024	43	0	2	14	13	2	0	0	0	0	0	0	0	0	
1025	43	2	12	14	13	2	0	0	0	0	0	0	0	0	
1026	43	12	2	14	13	2	0	0	0	0	0	0	0	0	
1027	43	4	0	14	13	2	0	0	0	0	0	0	0	0	
1028	43	0	4	14	13	2	0	0	0	0	0	0	0	0	
1029	43	4	12	14	13	2	0	0	0	0	0	0	0	0	
1030	43	12	4	14	13	2	0	0	0	0	0	0	0	0	
1031	42	6	0	14	13	2	0	0	0	0	0	0	0	0	
1032	43	0	6	14	13	2	0	0	0	0	0	0	0	0	
1033	43	6	12	14	13	2	0	0	0	0	0	0	0	0	
1034	43	12	6	14	13	2	0	0	0	0	0	0	0	0	
1035	43	8	0	14	13	2	0	0	0	0	0	0	0	0	
1036	43	0	8	14	13	2	0	0	0	0	0	0	0	0	
1037	43	8	12	14	13	2	0	0	0	0	0	0	0	0	
1038	43	12	8	14	13	2	0	0	0	0	0	0	0	0	
1039	43	10	0	14	13	2	0	0	0	0	0	0	0	0	
1040	43	0	10	14	13	2	0	0	0	0	0	0	0	0	
1041	42	10	12	14	13	2	0	0	0	0	0	0	0	0	
1042	43	12	10	14	13	2	0	0	0	0	0	0	0	0	
1043	43	0	0	14	13	2	0	0	0	0	0	0	0	0	
1044	43	0	12	14	13	2	0	0	0	0	0	0	0	0	
1045	43	12	0	14	13	2	0	0	0	0	0	0	0	0	
1046	43	12	12	14	13	2	0	0	0	0	0	0	0	0	
1047	37	7	2	14	13	2	0	0	0	0	0	0	0	0	
1048	37	8	4	14	13	2	0	0	0	0	0	0	0	0	
1049	37	9	6	14	13	2	0	0	0	0	0	0	0	0	
1050	37	10	8	14	13	2	0	0	0	0	0	0	0	0	
1051	37	10	10	14	13	2	0	0	0	0	0	0	0	0	
1052	32	16	13	-999	-999	2	0	0	0	0	0	0	0	0	
1073	1073	1053	1053	1057	1057	1061	1061	1065	1065	1069	1069	1075	1075	
1073	1073	1053	1053	1057	1057	1061	1061	1065	1065	1069	1069	1075	1075	
1054	1054	NULL	NULL	NULL	NULL	NULL	1077	1077	NULL	NULL	NULL	1056	1056	
1054	1054	NULL	NULL	NULL	NULL	NULL	1077	1077	NULL	NULL	NULL	1056	1056	
1058	1058	NULL	NULL	NULL	NULL	NULL	NULL	1078	1078	NULL	NULL	1060	1060	
1058	1058	NULL	NULL	NULL	NULL	NULL	NULL	1078	1078	NULL	NULL	1060	1060	
1062	1062	NULL	NULL	NULL	NULL	NULL	NULL	NULL	1079	1079	NULL	1064	1064	
1062	1062	NULL	NULL	NULL	NULL	NULL	NULL	NULL	1079	1079	NULL	1064	1064	
1066	1066	NULL	NULL	NULL	NULL	NULL	NULL	NULL	NULL	1080	1080	1068	1068	
1066	1066	NULL	NULL	NULL	NULL	NULL	NULL	NULL	NULL	1080	1080	1068	1068	
1070	1070	NULL	NULL	NULL	NULL	NULL	NULL	NULL	NULL	1081	1081	1072	1072	
1070	1070	NULL	NULL	NULL	NULL	NULL	NULL	NULL	NULL	1081	1081	1072	1072	
1074	1074	1055	1055	1059	1059	1063	1063	1067	1067	1071	1071	1076	1076	
1074	1074	1055	1055	1059	1059	1063	1063	1067	1067	1071	1071	1076	1076	
1053	43	2	0	16	13	2	0	0	0	0	0	0	0	0	
1054	43	0	2	16	13	2	0	0	0	0	0	0	0	0	
1055	43	2	12	16	13	2	0	0	0	0	0	0	0	0	
1056	43	12	2	16	13	2	0	0	0	0	0	0	0	0	
1057	43	4	0	16	13	2	0	0	0	0	0	0	0	0	
1058	43	0	4	16	13	2	0	0	0	0	0	0	0	0	
1059	43	4	12	16	13	2	0	0	0	0	0	0	0	0	
1060	43	12	4	16	13	2	0	0	0	0	0	0	0	0	
1061	42	6	0	16	13	2	0	0	0	0	0	0	0	0	
1062	43	0	6	16	13	2	0	0	0	0	0	0	0	0	
1063	43	6	12	16	13	2	0	0	0	0	0	0	0	0	
1064	43	12	6	16	13	2	0	0	0	0	0	0	0	0	
1065	43	8	0	16	13	2	0	0	0	0	0	0	0	0	
1066	43	0	8	16	13	2	0	0	0	0	0	0	0	0	
1067	43	8	12	16	13	2	0	0	0	0	0	0	0	0	
1068	43	12	8	16	13	2	0	0	0	0	0	0	0	0	
1069	43	10	0	16	13	2	0	0	0	0	0	0	0	0	
1070	43	0	10	16	13	2	0	0	0	0	0	0	0	0	
1071	42	10	12	16	13	2	0	0	0	0	0	0	0	0	
1072	43	12	10	16	13	2	0	0	0	0	0	0	0	0	
1073	43	0	0	16	13	2	0	0	0	0	0	0	0	0	
1074	43	0	12	16	13	2	0	0	0	0	0	0	0	0	
1075	43	12	0	16	13	2	0	0	0	0	0	0	0	0	
1076	43	12	12	16	13	2	0	0	0	0	0	0	0	0	
1077	37	7	2	16	13	2	0	0	0	0	0	0	0	0	
1078	37	8	4	16	13	2	0	0	0	0	0	0	0	0	
1079	37	9	6	16	13	2	0	0	0	0	0	0	0	0	
1080	37	10	8	16	13	2	0	0	0	0	0	0	0	0	
1081	37	10	10	16	13	2	0	0	0	0	0	0	0	0	
1082	32	18	13	-999	-999	2	0	0	0	0	0	0	0	0	
1103	1103	1083	1083	1087	1087	1091	1091	1095	1095	1099	1099	1105	1105	
1103	1103	1083	1083	1087	1087	1091	1091	1095	1095	1099	1099	1105	1105	
1084	1084	NULL	NULL	NULL	NULL	NULL	1107	1107	NULL	NULL	NULL	1086	1086	
1084	1084	NULL	NULL	NULL	NULL	NULL	1107	1107	NULL	NULL	NULL	1086	1086	
1088	1088	NULL	NULL	NULL	NULL	NULL	NULL	1108	1108	NULL	NULL	1090	1090	
1088	1088	NULL	NULL	NULL	NULL	NULL	NULL	1108	1108	NULL	NULL	1090	1090	
1092	1092	NULL	NULL	NULL	NULL	NULL	NULL	NULL	1109	1109	NULL	1094	1094	
1092	1092	NULL	NULL	NULL	NULL	NULL	NULL	NULL	1109	1109	NULL	1094	1094	
1096	1096	NULL	NULL	NULL	NULL	NULL	NULL	NULL	NULL	1110	1110	1098	1098	
1096	1096	NULL	NULL	NULL	NULL	NULL	NULL	NULL	NULL	1110	1110	1098	1098	
1100	1100	NULL	NULL	NULL	NULL	NULL	NULL	NULL	NULL	1111	1111	1102	1102	
1100	1100	NULL	NULL	NULL	NULL	NULL	NULL	NULL	NULL	1111	1111	1102	1102	
1104	1104	1085	1085	1089	1089	1093	1093	1097	1097	1101	1101	1106	1106	
1104	1104	1085	1085	1089	1089	1093	1093	1097	1097	1101	1101	1106	1106	
1083	43	2	0	18	13	2	0	0	0	0	0	0	0	0	
1084	43	0	2	18	13	2	0	0	0	0	0	0	0	0	
1085	43	2	12	18	13	2	0	0	0	0	0	0	0	0	
1086	43	12	2	18	13	2	0	0	0	0	0	0	0	0	
1087	43	4	0	18	13	2	0	0	0	0	0	0	0	0	
1088	43	0	4	18	13	2	0	0	0	0	0	0	0	0	
1089	43	4	12	18	13	2	0	0	0	0	0	0	0	0	
1090	43	12	4	18	13	2	0	0	0	0	0	0	0	0	
1091	42	6	0	18	13	2	0	0	0	0	0	0	0	0	
1092	43	0	6	18	13	2	0	0	0	0	0	0	0	0	
1093	43	6	12	18	13	2	0	0	0	0	0	0	0	0	
1094	43	12	6	18	13	2	0	0	0	0	0	0	0	0	
1095	43	8	0	18	13	2	0	0	0	0	0	0	0	0	
1096	43	0	8	18	13	2	0	0	0	0	0	0	0	0	
1097	43	8	12	18	13	2	0	0	0	0	0	0	0	0	
1098	43	12	8	18	13	2	0	0	0	0	0	0	0	0	
1099	43	10	0	18	13	2	0	0	0	0	0	0	0	0	
1100	43	0	10	18	13	2	0	0	0	0	0	0	0	0	
1101	42	10	12	18	13	2	0	0	0	0	0	0	0	0	
1102	43	12	10	18	13	2	0	0	0	0	0	0	0	0	
1103	43	0	0	18	13	2	0	0	0	0	0	0	0	0	
1104	43	0	12	18	13	2	0	0	0	0	0	0	0	0	
1105	43	12	0	18	13	2	0	0	0	0	0	0	0	0	
1106	43	12	12	18	13	2	0	0	0	0	0	0	0	0	
1107	37	7	2	18	13	2	0	0	0	0	0	0	0	0	
1108	37	8	4	18	13	2	0	0	0	0	0	0	0	0	
1109	37	9	6	18	13	2	0	0	0	0	0	0	0	0	
1110	37	10	8	18	13	2	0	0	0	0	0	0	0	0	
1111	37	10	10	18	13	2	0	0	0	0	0	0	0	0	
1112	32	20	13	-999	-999	2	0	0	0	0	0	0	0	0	
1133	1133	1113	1113	1117	1117	1121	1121	1125	1125	1129	1129	1135	1135	
1133	1133	1113	1113	1117	1117	1121	1121	1125	1125	1129	1129	1135	1135	
1114	1114	NULL	NULL	NULL	NULL	NULL	1137	1137	NULL	NULL	NULL	1116	1116	
1114	1114	NULL	NULL	NULL	NULL	NULL	1137	1137	NULL	NULL	NULL	1116	1116	
1118	1118	NULL	NULL	NULL	NULL	NULL	NULL	1138	1138	NULL	NULL	1120	1120	
1118	1118	NULL	NULL	NULL	NULL	NULL	NULL	1138	1138	NULL	NULL	1120	1120	
1122	1122	NULL	NULL	NULL	NULL	NULL	NULL	NULL	1139	1139	NULL	1124	1124	
1122	1122	NULL	NULL	NULL	NULL	NULL	NULL	NULL	1139	1139	NULL	1124	1124	
1126	1126	NULL	NULL	NULL	NULL	NULL	NULL	NULL	NULL	1140	1140	1128	1128	
1126	1126	NULL	NULL	NULL	NULL	NULL	NULL	NULL	NULL	1140	1140	1128	1128	
1130	1130	NULL	NULL	NULL	NULL	NULL	NULL	NULL	NULL	1141	1141	1132	1132	
1130	1130	NULL	NULL	NULL	NULL	NULL	NULL	NULL	NULL	1141	1141	1132	1132	
1134	1134	1115	1115	1119	1119	1123	1123	1127	1127	1131	1131	1136	1136	
1134	1134	1115	1115	1119	1119	1123	1123	1127	1127	1131	1131	1136	1136	
1113	43	2	0	20	13	2	0	0	0	0	0	0	0	0	
1114	43	0	2	20	13	2	0	0	0	0	0	0	0	0	
1115	43	2	12	20	13	2	0	0	0	0	0	0	0	0	
1116	43	12	2	20	13	2	0	0	0	0	0	0	0	0	
1117	43	4	0	20	13	2	0	0	0	0	0	0	0	0	
1118	43	0	4	20	13	2	0	0	0	0	0	0	0	0	
1119	43	4	12	20	13	2	0	0	0	0	0	0	0	0	
1120	43	12	4	20	13	2	0	0	0	0	0	0	0	0	
1121	42	6	0	20	13	2	0	0	0	0	0	0	0	0	
1122	43	0	6	20	13	2	0	0	0	0	0	0	0	0	
1123	43	6	12	20	13	2	0	0	0	0	0	0	0	0	
1124	43	12	6	20	13	2	0	0	0	0	0	0	0	0	
1125	43	8	0	20	13	2	0	0	0	0	0	0	0	0	
1126	43	0	8	20	13	2	0	0	0	0	0	0	0	0	
1127	43	8	12	20	13	2	0	0	0	0	0	0	0	0	
1128	43	12	8	20	13	2	0	0	0	0	0	0	0	0	
1129	43	10	0	20	13	2	0	0	0	0	0	0	0	0	
1130	43	0	10	20	13	2	0	0	0	0	0	0	0	0	
1131	42	10	12	20	13	2	0	0	0	0	0	0	0	0	
1132	43	12	10	20	13	2	0	0	0	0	0	0	0	0	
1133	43	0	0	20	13	2	0	0	0	0	0	0	0	0	
1134	43	0	12	20	13	2	0	0	0	0	0	0	0	0	
1135	43	12	0	20	13	2	0	0	0	0	0	0	0	0	
1136	43	12	12	20	13	2	0	0	0	0	0	0	0	0	
1137	37	7	2	20	13	2	0	0	0	0	0	0	0	0	
1138	37	8	4	20	13	2	0	0	0	0	0	0	0	0	
1139	37	9	6	20	13	2	0	0	0	0	0	0	0	0	
1140	37	10	8	20	13	2	0	0	0	0	0	0	0	0	
1141	37	10	10	20	13	2	0	0	0	0	0	0	0	0	
1142	17	22	13	-999	-999	2	0	0	0	0	0	0	0	0	
1143	27	22	9	-999	-999	2	0	0	0	0	0	0	0	0	
1144	37	20	19	-999	-999	2	0	0	0	0	0	0	0	0	
1145	37	22	19	-999	-999	2	0	0	0	0	0	0	0	0	
1146	37	22	17	-999	-999	2	0	0	0	0	0	0	0	0	
1147	37	22	15	-999	-999	2	0	0	0	0	0	0	0	0	
1148	37	20	9	-999	-999	2	0	0	0	0	0	0	0	0	
1149	32	18	9	-999	-999	2	0	0	0	0	0	0	0	0	
1170	1170	1150	1150	1154	1154	1158	1158	1162	1162	1166	1166	1172	1172	
1170	1170	1150	1150	1154	1154	1158	1158	1162	1162	1166	1166	1172	1172	
1151	1151	NULL	NULL	NULL	NULL	NULL	NULL	NULL	NULL	NULL	NULL	1153	1153	
1151	1151	NULL	NULL	NULL	NULL	NULL	NULL	NULL	NULL	NULL	NULL	1153	1153	
1155	1155	NULL	NULL	NULL	NULL	NULL	NULL	NULL	NULL	NULL	NULL	1157	1157	
1155	1155	NULL	NULL	NULL	NULL	1174	1174	1176	1176	NULL	NULL	1157	1157	
1159	1159	1179	1179	NULL	NULL	1174	1174	1176	1176	1177	1177	1161	1161	
1159	1159	1179	1179	1178	1178	1175	1175	NULL	NULL	1177	1177	1161	1161	
1163	1163	NULL	NULL	1178	1178	1175	1175	NULL	NULL	NULL	NULL	1165	1165	
1163	1163	NULL	NULL	NULL	NULL	NULL	NULL	NULL	NULL	NULL	NULL	1165	1165	
1167	1167	NULL	NULL	NULL	NULL	NULL	NULL	NULL	NULL	NULL	NULL	1169	1169	
1167	1167	NULL	NULL	NULL	NULL	NULL	NULL	NULL	NULL	NULL	NULL	1169	1169	
1171	1171	1152	1152	1156	1156	1160	1160	1164	1164	1168	1168	1173	1173	
1171	1171	1152	1152	1156	1156	1160	1160	1164	1164	1168	1168	1173	1173	
1150	43	2	0	18	9	2	0	0	0	0	0	0	0	0	
1151	43	0	2	18	9	2	0	0	0	0	0	0	0	0	
1152	43	2	12	18	9	2	0	0	0	0	0	0	0	0	
1153	43	12	2	18	9	2	0	0	0	0	0	0	0	0	
1154	43	4	0	18	9	2	0	0	0	0	0	0	0	0	
1155	43	0	4	18	9	2	0	0	0	0	0	0	0	0	
1156	43	4	12	18	9	2	0	0	0	0	0	0	0	0	
1157	43	12	4	18	9	2	0	0	0	0	0	0	0	0	
1158	43	6	0	18	9	2	0	0	0	0	0	0	0	0	
1159	42	0	6	18	9	2	0	0	0	0	0	0	0	0	
1160	43	6	12	18	9	2	0	0	0	0	0	0	0	0	
1161	42	12	6	18	9	2	0	0	0	0	0	0	0	0	
1162	43	8	0	18	9	2	0	0	0	0	0	0	0	0	
1163	43	0	8	18	9	2	0	0	0	0	0	0	0	0	
1164	43	8	12	18	9	2	0	0	0	0	0	0	0	0	
1165	43	12	8	18	9	2	0	0	0	0	0	0	0	0	
1166	43	10	0	18	9	2	0	0	0	0	0	0	0	0	
1167	43	0	10	18	9	2	0	0	0	0	0	0	0	0	
1168	43	10	12	18	9	2	0	0	0	0	0	0	0	0	
1169	43	12	10	18	9	2	0	0	0	0	0	0	0	0	
1170	43	0	0	18	9	2	0	0	0	0	0	0	0	0	
1171	43	0	12	18	9	2	0	0	0	0	0	0	0	0	
1172	43	12	0	18	9	2	0	0	0	0	0	0	0	0	
1173	43	12	12	18	9	2	0	0	0	0	0	0	0	0	
1174	78	6	5	18	9	2	0	0	0	0	0	0	0	0	
1175	78	6	7	18	9	2	0	0	0	0	0	0	0	0	
1176	37	8	5	18	9	2	0	0	0	0	0	0	0	0	
1177	37	10	6	18	9	2	0	0	0	0	0	0	0	0	
1178	37	4	7	18	9	2	0	0	0	0	0	0	0	0	
1179	37	2	6	18	9	2	0	0	0	0	0	0	0	0	
1180	32	16	9	-999	-999	2	0	0	0	0	0	0	0	0	
1201	1201	1181	1181	1185	1185	1189	1189	1193	1193	1197	1197	1203	1203	
1201	1201	1181	1181	1185	1185	1189	1189	1193	1193	1197	1197	1203	1203	
1182	1182	NULL	NULL	NULL	NULL	NULL	NULL	NULL	NULL	NULL	NULL	1184	1184	
1182	1182	NULL	NULL	NULL	NULL	NULL	NULL	NULL	NULL	NULL	NULL	1184	1184	
1186	1186	NULL	NULL	NULL	NULL	1206	1206	1209	1209	1210	1210	1188	1188	
1186	1186	NULL	NULL	NULL	NULL	1206	1206	1209	1209	1210	1210	1188	1188	
1190	1190	1207	1207	NULL	NULL	1243	1243	NULL	NULL	1208	1208	1192	1192	
1190	1190	1207	1207	NULL	NULL	1243	1243	NULL	NULL	1208	1208	1192	1192	
1194	1194	1211	1211	1212	1212	1205	1205	NULL	NULL	NULL	NULL	1196	1196	
1194	1194	1211	1211	1212	1212	1205	1205	NULL	NULL	NULL	NULL	1196	1196	
1198	1198	NULL	NULL	NULL	NULL	NULL	NULL	NULL	NULL	NULL	NULL	1200	1200	
1198	1198	NULL	NULL	NULL	NULL	NULL	NULL	NULL	NULL	NULL	NULL	1200	1200	
1202	1202	1183	1183	1187	1187	1191	1191	1195	1195	1199	1199	1204	1204	
1202	1202	1183	1183	1187	1187	1191	1191	1195	1195	1199	1199	1204	1204	
1181	43	2	0	16	9	2	0	0	0	0	0	0	0	0	
1182	43	0	2	16	9	2	0	0	0	0	0	0	0	0	
1183	43	2	12	16	9	2	0	0	0	0	0	0	0	0	
1184	43	12	2	16	9	2	0	0	0	0	0	0	0	0	
1185	43	4	0	16	9	2	0	0	0	0	0	0	0	0	
1186	43	0	4	16	9	2	0	0	0	0	0	0	0	0	
1187	43	4	12	16	9	2	0	0	0	0	0	0	0	0	
1188	43	12	4	16	9	2	0	0	0	0	0	0	0	0	
1189	43	6	0	16	9	2	0	0	0	0	0	0	0	0	
1190	42	0	6	16	9	2	0	0	0	0	0	0	0	0	
1191	43	6	12	16	9	2	0	0	0	0	0	0	0	0	
1192	42	12	6	16	9	2	0	0	0	0	0	0	0	0	
1193	43	8	0	16	9	2	0	0	0	0	0	0	0	0	
1194	43	0	8	16	9	2	0	0	0	0	0	0	0	0	
1195	43	8	12	16	9	2	0	0	0	0	0	0	0	0	
1196	43	12	8	16	9	2	0	0	0	0	0	0	0	0	
1197	43	10	0	16	9	2	0	0	0	0	0	0	0	0	
1198	43	0	10	16	9	2	0	0	0	0	0	0	0	0	
1199	43	10	12	16	9	2	0	0	0	0	0	0	0	0	
1200	43	12	10	16	9	2	0	0	0	0	0	0	0	0	
1201	43	0	0	16	9	2	0	0	0	0	0	0	0	0	
1202	43	0	12	16	9	2	0	0	0	0	0	0	0	0	
1203	43	12	0	16	9	2	0	0	0	0	0	0	0	0	
1204	43	12	12	16	9	2	0	0	0	0	0	0	0	0	
1205	78	6	8	16	9	2	0	0	0	0	0	0	0	0	
1206	78	6	4	16	9	2	0	0	0	0	0	0	0	0	
1207	37	2	6	16	9	2	0	0	0	0	0	0	0	0	
1208	37	10	6	16	9	2	0	0	0	0	0	0	0	0	
1209	37	8	4	16	9	2	0	0	0	0	0	0	0	0	
1210	37	10	4	16	9	2	0	0	0	0	0	0	0	0	
1211	37	2	8	16	9	2	0	0	0	0	0	0	0	0	
1212	37	4	8	16	9	2	0	0	0	0	0	0	0	0	
1213	60	16	3	-999	-999	2	0	0	0	0	0	0	0	0	
1214	32	14	9	-999	-999	2	0	0	0	0	0	0	0	0	
1235	1235	1215	1215	1219	1219	1223	1223	1227	1227	1231	1231	1237	1237	
1235	1235	1215	1215	1219	1219	1223	1223	1227	1227	1231	1231	1237	1237	
1216	1216	NULL	NULL	NULL	NULL	NULL	NULL	NULL	NULL	NULL	NULL	1218	1218	
1216	1216	NULL	NULL	NULL	NULL	NULL	NULL	NULL	NULL	NULL	NULL	1218	1218	
1220	1220	NULL	NULL	NULL	NULL	1239	1239	1240	1240	1241	1241	1222	1222	
1220	1220	NULL	NULL	NULL	NULL	1239	1239	1240	1240	1241	1241	1222	1222	
1224	1224	1242	1242	NULL	NULL	1274	1274	NULL	NULL	1244	1244	1226	1226	
1224	1224	1242	1242	NULL	NULL	1274	1274	NULL	NULL	1244	1244	1226	1226	
1228	1228	1245	1245	1246	1246	1247	1247	NULL	NULL	NULL	NULL	1230	1230	
1228	1228	1245	1245	1246	1246	1247	1247	NULL	NULL	NULL	NULL	1230	1230	
1232	1232	NULL	NULL	NULL	NULL	NULL	NULL	NULL	NULL	NULL	NULL	1234	1234	
1232	1232	NULL	NULL	NULL	NULL	NULL	NULL	NULL	NULL	NULL	NULL	1234	1234	
1236	1236	1217	1217	1221	1221	1225	1225	1229	1229	1233	1233	1238	1238	
1236	1236	1217	1217	1221	1221	1225	1225	1229	1229	1233	1233	1238	1238	
1215	43	2	0	14	9	2	0	0	0	0	0	0	0	0	
1216	43	0	2	14	9	2	0	0	0	0	0	0	0	0	
1217	43	2	12	14	9	2	0	0	0	0	0	0	0	0	
1218	43	12	2	14	9	2	0	0	0	0	0	0	0	0	
1219	43	4	0	14	9	2	0	0	0	0	0	0	0	0	
1220	43	0	4	14	9	2	0	0	0	0	0	0	0	0	
1221	43	4	12	14	9	2	0	0	0	0	0	0	0	0	
1222	43	12	4	14	9	2	0	0	0	0	0	0	0	0	
1223	43	6	0	14	9	2	0	0	0	0	0	0	0	0	
1224	42	0	6	14	9	2	0	0	0	0	0	0	0	0	
1225	43	6	12	14	9	2	0	0	0	0	0	0	0	0	
1226	42	12	6	14	9	2	0	0	0	0	0	0	0	0	
1227	43	8	0	14	9	2	0	0	0	0	0	0	0	0	
1228	43	0	8	14	9	2	0	0	0	0	0	0	0	0	
1229	43	8	12	14	9	2	0	0	0	0	0	0	0	0	
1230	43	12	8	14	9	2	0	0	0	0	0	0	0	0	
1231	43	10	0	14	9	2	0	0	0	0	0	0	0	0	
1232	43	0	10	14	9	2	0	0	0	0	0	0	0	0	
1233	43	10	12	14	9	2	0	0	0	0	0	0	0	0	
1234	43	12	10	14	9	2	0	0	0	0	0	0	0	0	
1235	43	0	0	14	9	2	0	0	0	0	0	0	0	0	
1236	43	0	12	14	9	2	0	0	0	0	0	0	0	0	
1237	43	12	0	14	9	2	0	0	0	0	0	0	0	0	
1238	43	12	12	14	9	2	0	0	0	0	0	0	0	0	
1239	78	6	4	14	9	2	0	0	0	0	0	0	0	0	
1240	37	8	4	14	9	2	0	0	0	0	0	0	0	0	
1241	37	10	4	14	9	2	0	0	0	0	0	0	0	0	
1242	37	2	6	14	9	2	0	0	0	0	0	0	0	0	
1243	37	6	6	16	9	2	0	0	0	0	0	0	0	0	
1244	37	10	6	14	9	2	0	0	0	0	0	0	0	0	
1245	37	2	8	14	9	2	0	0	0	0	0	0	0	0	
1246	37	4	8	14	9	2	0	0	0	0	0	0	0	0	
1247	78	6	8	14	9	2	0	0	0	0	0	0	0	0	
1248	32	12	9	-999	-999	2	0	0	0	0	0	0	0	0	
1269	1269	1249	1249	1253	1253	1257	1257	1261	1261	1265	1265	1271	1271	
1269	1269	1249	1249	1253	1253	1257	1257	1261	1261	1265	1265	1271	1271	
1250	1250	NULL	NULL	NULL	NULL	NULL	NULL	NULL	NULL	NULL	NULL	1252	1252	
1250	1250	NULL	NULL	NULL	NULL	1273	1273	1276	1276	NULL	NULL	1252	1252	
1254	1254	NULL	NULL	NULL	NULL	1273	1273	1276	1276	1275	1275	1256	1256	
1254	1254	NULL	NULL	NULL	NULL	1279	1279	NULL	NULL	1275	1275	1256	1256	
1258	1258	1282	1282	NULL	NULL	1279	1279	NULL	NULL	1278	1278	1260	1260	
1258	1258	1282	1282	NULL	NULL	1289	1289	NULL	NULL	1278	1278	1260	1260	
1262	1262	1281	1281	NULL	NULL	1289	1289	NULL	NULL	NULL	NULL	1264	1264	
1262	1262	1281	1281	1280	1280	1277	1277	NULL	NULL	NULL	NULL	1264	1264	
1266	1266	NULL	NULL	1280	1280	1277	1277	NULL	NULL	NULL	NULL	1268	1268	
1266	1266	NULL	NULL	NULL	NULL	NULL	NULL	NULL	NULL	NULL	NULL	1268	1268	
1270	1270	1251	1251	1255	1255	1259	1259	1263	1263	1267	1267	1272	1272	
1270	1270	1251	1251	1255	1255	1259	1259	1263	1263	1267	1267	1272	1272	
1249	43	2	0	12	9	2	0	0	0	0	0	0	0	0	
1250	43	0	2	12	9	2	0	0	0	0	0	0	0	0	
1251	43	2	12	12	9	2	0	0	0	0	0	0	0	0	
1252	43	12	2	12	9	2	0	0	0	0	0	0	0	0	
1253	43	4	0	12	9	2	0	0	0	0	0	0	0	0	
1254	43	0	4	12	9	2	0	0	0	0	0	0	0	0	
1255	43	4	12	12	9	2	0	0	0	0	0	0	0	0	
1256	43	12	4	12	9	2	0	0	0	0	0	0	0	0	
1257	43	6	0	12	9	2	0	0	0	0	0	0	0	0	
1258	42	0	6	12	9	2	0	0	0	0	0	0	0	0	
1259	43	6	12	12	9	2	0	0	0	0	0	0	0	0	
1260	42	12	6	12	9	2	0	0	0	0	0	0	0	0	
1261	43	8	0	12	9	2	0	0	0	0	0	0	0	0	
1262	43	0	8	12	9	2	0	0	0	0	0	0	0	0	
1263	43	8	12	12	9	2	0	0	0	0	0	0	0	0	
1264	43	12	8	12	9	2	0	0	0	0	0	0	0	0	
1265	43	10	0	12	9	2	0	0	0	0	0	0	0	0	
1266	43	0	10	12	9	2	0	0	0	0	0	0	0	0	
1267	43	10	12	12	9	2	0	0	0	0	0	0	0	0	
1268	43	12	10	12	9	2	0	0	0	0	0	0	0	0	
1269	43	0	0	12	9	2	0	0	0	0	0	0	0	0	
1270	43	0	12	12	9	2	0	0	0	0	0	0	0	0	
1271	43	12	0	12	9	2	0	0	0	0	0	0	0	0	
1272	43	12	12	12	9	2	0	0	0	0	0	0	0	0	
1273	78	6	3	12	9	2	0	0	0	0	0	0	0	0	
1274	36	6	6	14	9	2	0	0	0	0	0	0	0	0	
1275	37	10	4	12	9	2	0	0	0	0	0	0	0	0	
1276	37	8	3	12	9	2	0	0	0	0	0	0	0	0	
1277	78	6	9	12	9	2	0	0	0	0	0	0	0	0	
1278	37	10	6	12	9	2	0	0	0	0	0	0	0	0	
1279	36	6	5	12	9	2	0	0	0	0	0	0	0	0	
1280	37	4	9	12	9	2	0	0	0	0	0	0	0	0	
1281	37	2	8	12	9	2	0	0	0	0	0	0	0	0	
1282	37	2	6	12	9	2	0	0	0	0	0	0	0	0	
1283	64	10	9	-999	-999	2	0	0	0	0	0	0	0	0	
1284	35	10	7	-999	-999	2	0	0	0	0	0	0	0	0	
1285	35	10	5	-999	-999	2	0	0	0	0	0	0	0	0	
1286	35	10	3	-999	-999	2	0	0	0	0	0	0	0	0	
1287	35	12	3	-999	-999	2	0	0	0	0	0	0	0	0	
1288	35	14	3	-999	-999	2	0	0	0	0	0	0	0	0	
1289	37	6	7	12	9	2	0	0	0	0	0	0	0	0	
NULL	NULL	NULL	NULL	NULL	NULL	NULL	NULL	NULL	NULL	NULL	NULL	NULL	NULL	NULL	NULL	NULL	NULL	NULL	NULL	NULL	NULL	NULL	NULL	
NULL	NULL	NULL	NULL	NULL	NULL	NULL	NULL	NULL	NULL	NULL	NULL	NULL	NULL	NULL	NULL	NULL	NULL	NULL	NULL	NULL	NULL	NULL	NULL	
NULL	NULL	NULL	NULL	NULL	NULL	NULL	NULL	NULL	NULL	NULL	NULL	NULL	NULL	NULL	NULL	NULL	NULL	NULL	NULL	NULL	NULL	NULL	NULL	
NULL	NULL	NULL	NULL	NULL	NULL	NULL	NULL	NULL	NULL	1286	1286	1287	1287	1288	1288	1213	1213	NULL	NULL	NULL	NULL	NULL	NULL	
NULL	NULL	741	741	707	707	NULL	NULL	NULL	NULL	1286	1286	1287	1287	1288	1288	1213	1213	NULL	NULL	NULL	NULL	NULL	NULL	
706	706	741	741	707	707	737	737	NULL	NULL	1285	1285	NULL	NULL	NULL	NULL	NULL	NULL	NULL	NULL	NULL	NULL	NULL	NULL	
706	706	NULL	NULL	NULL	NULL	737	737	NULL	NULL	1285	1285	NULL	NULL	NULL	NULL	NULL	NULL	NULL	NULL	NULL	NULL	NULL	NULL	
360	360	556	556	NULL	NULL	740	740	NULL	NULL	1284	1284	NULL	NULL	NULL	NULL	NULL	NULL	NULL	NULL	NULL	NULL	NULL	NULL	
360	360	556	556	NULL	NULL	740	740	NULL	NULL	1284	1284	NULL	NULL	NULL	NULL	NULL	NULL	NULL	NULL	NULL	NULL	NULL	NULL	
359	359	581	581	NULL	NULL	742	742	NULL	NULL	1283	1283	1248	1248	1214	1214	1180	1180	1149	1149	1148	1148	1143	1143	
359	359	581	581	NULL	NULL	742	742	NULL	NULL	1283	1283	1248	1248	1214	1214	1180	1180	1149	1149	1148	1148	1143	1143	
358	358	606	606	NULL	NULL	738	738	NULL	NULL	NULL	NULL	250	250	200	200	150	150	100	100	50	50	0	0	
358	358	606	606	NULL	NULL	738	738	NULL	NULL	NULL	NULL	250	250	200	200	150	150	100	100	50	50	0	0	
361	361	631	631	NULL	NULL	734	734	NULL	NULL	NULL	NULL	328	328	1022	1022	1052	1052	1082	1082	1112	1112	1142	1142	
361	361	631	631	NULL	NULL	734	734	NULL	NULL	NULL	NULL	328	328	1022	1022	1052	1052	1082	1082	1112	1112	1142	1142	
362	362	656	656	NULL	NULL	736	736	NULL	NULL	NULL	NULL	290	290	870	870	908	908	946	946	984	984	1147	1147	
362	362	656	656	NULL	NULL	736	736	NULL	NULL	NULL	NULL	290	290	870	870	908	908	946	946	984	984	1147	1147	
NULL	NULL	NULL	NULL	NULL	NULL	733	733	NULL	NULL	526	526	363	363	395	395	427	427	459	459	491	491	1146	1146	
NULL	NULL	NULL	NULL	NULL	NULL	733	733	735	735	526	526	363	363	395	395	427	427	459	459	491	491	1146	1146	
NULL	NULL	NULL	NULL	NULL	NULL	NULL	NULL	735	735	739	739	708	708	756	756	794	794	832	832	1144	1144	1145	1145	
NULL	NULL	NULL	NULL	NULL	NULL	NULL	NULL	NULL	NULL	739	739	708	708	756	756	794	794	832	832	1144	1144	1145	1145	
NULL	NULL	NULL	NULL	NULL	NULL	NULL	NULL	NULL	NULL	NULL	NULL	NULL	NULL	NULL	NULL	NULL	NULL	NULL	NULL	NULL	NULL	NULL	NULL	
NULL	NULL	NULL	NULL	NULL	NULL	NULL	NULL	NULL	NULL	NULL	NULL	NULL	NULL	NULL	NULL	NULL	NULL	NULL	NULL	NULL	NULL	NULL	NULL	
NULL	NULL	NULL	NULL	NULL	NULL	NULL	NULL	NULL	NULL	NULL	NULL	NULL	NULL	NULL	NULL	NULL	NULL	NULL	NULL	NULL	NULL	NULL	NULL	
