79
0	0	0	22	-999	-999	2	0	1	1000	0	0	0	0	0	
1	12	22	0	-999	-999	2	100000	0	0	0	0	0	0	0	
2	40	8	4	-999	-999	2	0	0	0	0	0	0	0	0	
3	40	10	4	-999	-999	2	0	0	0	0	0	0	0	0	
4	40	14	4	-999	-999	2	0	0	0	0	0	0	0	0	
5	40	12	4	-999	-999	2	0	0	0	0	0	0	0	0	
6	40	22	10	-999	-999	2	0	0	0	0	0	0	0	0	
7	40	16	4	-999	-999	2	0	0	0	0	0	0	0	0	
8	40	20	10	-999	-999	2	0	0	0	0	0	0	0	0	
9	40	8	18	-999	-999	2	0	0	0	0	0	0	0	0	
10	40	12	8	-999	-999	2	0	0	0	0	0	0	0	0	
11	40	10	8	-999	-999	2	0	0	0	0	0	0	0	0	
12	40	8	8	-999	-999	2	0	0	0	0	0	0	0	0	
13	40	6	8	-999	-999	2	0	0	0	0	0	0	0	0	
14	40	4	8	-999	-999	2	0	0	0	0	0	0	0	0	
15	40	4	10	-999	-999	2	0	0	0	0	0	0	0	0	
16	40	4	12	-999	-999	2	0	0	0	0	0	0	0	0	
17	40	4	14	-999	-999	2	0	0	0	0	0	0	0	0	
18	40	4	16	-999	-999	2	0	0	0	0	0	0	0	0	
19	40	6	16	-999	-999	2	0	0	0	0	0	0	0	0	
20	40	8	16	-999	-999	2	0	0	0	0	0	0	0	0	
21	40	8	12	-999	-999	2	0	0	0	0	0	0	0	0	
22	40	10	12	-999	-999	2	0	0	0	0	0	0	0	0	
23	40	12	12	-999	-999	2	0	0	0	0	0	0	0	0	
24	40	12	14	-999	-999	2	0	0	0	0	0	0	0	0	
25	40	12	16	-999	-999	2	0	0	0	0	0	0	0	0	
26	40	12	18	-999	-999	2	0	0	0	0	0	0	0	0	
27	40	12	20	-999	-999	2	0	0	0	0	0	0	0	0	
28	40	10	20	-999	-999	2	0	0	0	0	0	0	0	0	
29	40	8	20	-999	-999	2	0	0	0	0	0	0	0	0	
30	40	6	20	-999	-999	2	0	0	0	0	0	0	0	0	
31	40	4	20	-999	-999	2	0	0	0	0	0	0	0	0	
32	40	2	20	-999	-999	2	0	0	0	0	0	0	0	0	
33	40	0	20	-999	-999	2	0	0	0	0	0	0	0	0	
34	40	0	18	-999	-999	2	0	0	0	0	0	0	0	0	
35	40	0	12	-999	-999	2	0	0	0	0	0	0	0	0	
36	40	0	10	-999	-999	2	0	0	0	0	0	0	0	0	
37	40	0	8	-999	-999	2	0	0	0	0	0	0	0	0	
38	40	0	6	-999	-999	2	0	0	0	0	0	0	0	0	
39	40	0	4	-999	-999	2	0	0	0	0	0	0	0	0	
40	40	4	4	-999	-999	2	0	0	0	0	0	0	0	0	
41	40	4	2	-999	-999	2	0	0	0	0	0	0	0	0	
42	40	16	20	-999	-999	2	0	0	0	0	0	0	0	0	
43	12	6	18	-999	-999	2	100000	0	0	0	0	0	0	0	
44	40	16	18	-999	-999	2	0	0	0	0	0	0	0	0	
45	40	16	16	-999	-999	2	0	0	0	0	0	0	0	0	
46	40	16	14	-999	-999	2	0	0	0	0	0	0	0	0	
47	40	18	0	-999	-999	2	0	0	0	0	0	0	0	0	
48	40	20	0	-999	-999	2	0	0	0	0	0	0	0	0	
49	40	20	2	-999	-999	2	0	0	0	0	0	0	0	0	
50	40	20	4	-999	-999	2	0	0	0	0	0	0	0	0	
51	40	20	6	-999	-999	2	0	0	0	0	0	0	0	0	
52	40	18	6	-999	-999	2	0	0	0	0	0	0	0	0	
53	40	16	6	-999	-999	2	0	0	0	0	0	0	0	0	
54	40	16	8	-999	-999	2	0	0	0	0	0	0	0	0	
55	40	16	10	-999	-999	2	0	0	0	0	0	0	0	0	
56	40	16	12	-999	-999	2	0	0	0	0	0	0	0	0	
57	40	20	20	-999	-999	2	0	0	0	0	0	0	0	0	
58	40	20	18	-999	-999	2	0	0	0	0	0	0	0	0	
59	40	20	16	-999	-999	2	0	0	0	0	0	0	0	0	
60	40	20	14	-999	-999	2	0	0	0	0	0	0	0	0	
61	40	18	14	-999	-999	2	0	0	0	0	0	0	0	0	
62	40	2	0	-999	-999	2	0	0	0	0	0	0	0	0	
63	40	8	0	-999	-999	2	0	0	0	0	0	0	0	0	
64	40	4	0	-999	-999	2	0	0	0	0	0	0	0	0	
65	40	6	0	-999	-999	2	0	0	0	0	0	0	0	0	
66	40	16	0	-999	-999	2	0	0	0	0	0	0	0	0	
67	40	14	0	-999	-999	2	0	0	0	0	0	0	0	0	
68	40	12	0	-999	-999	2	0	0	0	0	0	0	0	0	
69	40	10	0	-999	-999	2	0	0	0	0	0	0	0	0	
70	40	0	16	-999	-999	2	0	0	0	0	0	0	0	0	
71	40	0	14	-999	-999	2	0	0	0	0	0	0	0	0	
72	40	0	0	-999	-999	2	0	0	0	0	0	0	0	0	
73	40	0	2	-999	-999	2	0	0	0	0	0	0	0	0	
74	12	2	2	-999	-999	2	100000	0	0	0	0	0	0	0	
75	12	18	4	-999	-999	2	100000	0	0	0	0	0	0	0	
76	12	18	16	-999	-999	2	100000	0	0	0	0	0	0	0	
77	12	10	18	-999	-999	2	100000	0	0	0	0	0	0	0	
78	40	20	22	-999	-999	2	0	0	0	0	0	0	0	0	
72	72	62	62	64	64	65	65	63	63	69	69	68	68	67	67	66	66	47	47	48	48	1	1	
72	72	62	62	64	64	65	65	63	63	69	69	68	68	67	67	66	66	47	47	48	48	1	1	
73	73	74	74	41	41	NULL	NULL	NULL	NULL	NULL	NULL	NULL	NULL	NULL	NULL	NULL	NULL	NULL	NULL	49	49	NULL	NULL	
73	73	74	74	41	41	NULL	NULL	NULL	NULL	NULL	NULL	NULL	NULL	NULL	NULL	NULL	NULL	NULL	NULL	49	49	NULL	NULL	
39	39	NULL	NULL	40	40	NULL	NULL	2	2	3	3	5	5	4	4	7	7	75	75	50	50	NULL	NULL	
39	39	NULL	NULL	40	40	NULL	NULL	2	2	3	3	5	5	4	4	7	7	75	75	50	50	NULL	NULL	
38	38	NULL	NULL	NULL	NULL	NULL	NULL	NULL	NULL	NULL	NULL	NULL	NULL	NULL	NULL	53	53	52	52	51	51	NULL	NULL	
38	38	NULL	NULL	NULL	NULL	NULL	NULL	NULL	NULL	NULL	NULL	NULL	NULL	NULL	NULL	53	53	52	52	51	51	NULL	NULL	
37	37	NULL	NULL	14	14	13	13	12	12	11	11	10	10	NULL	NULL	54	54	NULL	NULL	NULL	NULL	NULL	NULL	
37	37	NULL	NULL	14	14	13	13	12	12	11	11	10	10	NULL	NULL	54	54	NULL	NULL	NULL	NULL	NULL	NULL	
36	36	NULL	NULL	15	15	NULL	NULL	NULL	NULL	NULL	NULL	NULL	NULL	NULL	NULL	55	55	NULL	NULL	8	8	6	6	
36	36	NULL	NULL	15	15	NULL	NULL	NULL	NULL	NULL	NULL	NULL	NULL	NULL	NULL	55	55	NULL	NULL	8	8	6	6	
35	35	NULL	NULL	16	16	NULL	NULL	21	21	22	22	23	23	NULL	NULL	56	56	NULL	NULL	NULL	NULL	NULL	NULL	
35	35	NULL	NULL	16	16	NULL	NULL	21	21	22	22	23	23	NULL	NULL	56	56	NULL	NULL	NULL	NULL	NULL	NULL	
71	71	NULL	NULL	17	17	NULL	NULL	NULL	NULL	NULL	NULL	24	24	NULL	NULL	46	46	61	61	60	60	NULL	NULL	
71	71	NULL	NULL	17	17	NULL	NULL	NULL	NULL	NULL	NULL	24	24	NULL	NULL	46	46	61	61	60	60	NULL	NULL	
70	70	NULL	NULL	18	18	19	19	20	20	NULL	NULL	25	25	NULL	NULL	45	45	76	76	59	59	NULL	NULL	
70	70	NULL	NULL	18	18	19	19	20	20	NULL	NULL	25	25	NULL	NULL	45	45	76	76	59	59	NULL	NULL	
34	34	NULL	NULL	NULL	NULL	43	43	9	9	77	77	26	26	NULL	NULL	44	44	NULL	NULL	58	58	NULL	NULL	
34	34	NULL	NULL	NULL	NULL	43	43	9	9	77	77	26	26	NULL	NULL	44	44	NULL	NULL	58	58	NULL	NULL	
33	33	32	32	31	31	30	30	29	29	28	28	27	27	NULL	NULL	42	42	NULL	NULL	57	57	NULL	NULL	
33	33	32	32	31	31	30	30	29	29	28	28	27	27	NULL	NULL	42	42	NULL	NULL	57	57	NULL	NULL	
0	0	NULL	NULL	NULL	NULL	NULL	NULL	NULL	NULL	NULL	NULL	NULL	NULL	NULL	NULL	NULL	NULL	NULL	NULL	78	78	NULL	NULL	
0	0	NULL	NULL	NULL	NULL	NULL	NULL	NULL	NULL	NULL	NULL	NULL	NULL	NULL	NULL	NULL	NULL	NULL	NULL	78	78	NULL	NULL	
