108
0	40	0	15	-999	-999	2	0	0	0	0	0	0	0	0	
1	34	4	17	-999	-999	2	0	0	0	0	0	0	0	0	
2	16	12	21	-999	-999	2	100000	0	0	0	0	0	0	0	
3	4	6	13	-999	-999	2	2	6	2	0	0	0	0	0	
4	3	8	13	-999	-999	2	3	6	2	0	0	0	0	0	
5	34	22	17	-999	-999	2	0	0	0	0	0	0	0	0	
6	34	20	17	-999	-999	2	0	0	0	0	0	0	0	0	
7	34	18	17	-999	-999	2	0	0	0	0	0	0	0	0	
8	34	16	17	-999	-999	2	0	0	0	0	0	0	0	0	
9	15	14	21	-999	-999	2	100000	0	0	0	0	0	0	0	
10	1	12	13	-999	-999	2	5	6	2	0	0	0	0	0	
11	2	10	13	-999	-999	2	4	6	2	0	0	0	0	0	
12	12	20	21	-999	-999	2	100000	0	0	0	0	0	0	0	
13	34	12	17	-999	-999	2	0	0	0	0	0	0	0	0	
14	34	10	17	-999	-999	2	0	0	0	0	0	0	0	0	
15	40	4	15	-999	-999	2	0	0	0	0	0	0	0	0	
16	34	8	17	-999	-999	2	0	0	0	0	0	0	0	0	
17	13	18	21	-999	-999	2	100000	0	0	0	0	0	0	0	
18	34	6	17	-999	-999	2	0	0	0	0	0	0	0	0	
19	34	14	17	-999	-999	2	0	0	0	0	0	0	0	0	
20	14	16	21	-999	-999	2	100000	0	0	0	0	0	0	0	
21	40	0	17	-999	-999	2	0	0	0	0	0	0	0	0	
22	40	4	19	-999	-999	2	0	0	0	0	0	0	0	0	
23	40	0	19	-999	-999	2	0	0	0	0	0	0	0	0	
24	40	6	19	-999	-999	2	0	0	0	0	0	0	0	0	
25	40	8	19	-999	-999	2	0	0	0	0	0	0	0	0	
26	40	10	19	-999	-999	2	0	0	0	0	0	0	0	0	
27	40	12	19	-999	-999	2	0	0	0	0	0	0	0	0	
28	40	14	19	-999	-999	2	0	0	0	0	0	0	0	0	
29	40	16	19	-999	-999	2	0	0	0	0	0	0	0	0	
30	40	18	19	-999	-999	2	0	0	0	0	0	0	0	0	
31	40	20	19	-999	-999	2	0	0	0	0	0	0	0	0	
32	40	6	15	-999	-999	2	0	0	0	0	0	0	0	0	
33	40	8	15	-999	-999	2	0	0	0	0	0	0	0	0	
34	40	10	15	-999	-999	2	0	0	0	0	0	0	0	0	
35	40	12	15	-999	-999	2	0	0	0	0	0	0	0	0	
36	40	14	15	-999	-999	2	0	0	0	0	0	0	0	0	
37	40	16	15	-999	-999	2	0	0	0	0	0	0	0	0	
38	40	18	15	-999	-999	2	0	0	0	0	0	0	0	0	
39	40	20	15	-999	-999	2	0	0	0	0	0	0	0	0	
40	40	22	15	-999	-999	2	0	0	0	0	0	0	0	0	
41	40	22	19	-999	-999	2	0	0	0	0	0	0	0	0	
42	40	22	21	-999	-999	2	0	0	0	0	0	0	0	0	
43	40	0	21	-999	-999	2	0	0	0	0	0	0	0	0	
44	16	2	21	-999	-999	2	100000	0	0	0	0	0	0	0	
45	15	4	21	-999	-999	2	100000	0	0	0	0	0	0	0	
46	14	6	21	-999	-999	2	100000	0	0	0	0	0	0	0	
47	13	8	21	-999	-999	2	100000	0	0	0	0	0	0	0	
48	12	10	21	-999	-999	2	100000	0	0	0	0	0	0	0	
49	0	14	13	-999	-999	2	0	6	3	0	0	0	0	0	
50	40	4	13	-999	-999	2	0	0	0	0	0	0	0	0	
51	40	0	13	-999	-999	2	0	0	0	0	0	0	0	0	
52	40	16	13	-999	-999	2	0	0	0	0	0	0	0	0	
53	37	2	11	-999	-999	2	0	0	0	0	0	0	0	0	
54	40	16	9	-999	-999	2	0	0	0	0	0	0	0	0	
55	40	14	9	-999	-999	2	0	0	0	0	0	0	0	0	
56	40	12	9	-999	-999	2	0	0	0	0	0	0	0	0	
57	40	10	9	-999	-999	2	0	0	0	0	0	0	0	0	
58	40	8	9	-999	-999	2	0	0	0	0	0	0	0	0	
59	40	6	9	-999	-999	2	0	0	0	0	0	0	0	0	
60	40	4	9	-999	-999	2	0	0	0	0	0	0	0	0	
61	40	2	9	-999	-999	2	0	0	0	0	0	0	0	0	
62	40	0	9	-999	-999	2	0	0	0	0	0	0	0	0	
63	40	0	11	-999	-999	2	0	0	0	0	0	0	0	0	
64	37	14	11	-999	-999	0	0	0	0	0	0	0	0	0	
65	37	12	11	-999	-999	1	0	0	0	0	0	0	0	0	
66	37	10	11	-999	-999	2	0	0	0	0	0	0	0	0	
67	37	8	11	-999	-999	3	0	0	0	0	0	0	0	0	
68	37	6	11	-999	-999	4	0	0	0	0	0	0	0	0	
69	37	4	11	-999	-999	4	0	0	0	0	0	0	0	0	
70	74	16	11	-999	-999	2	0	0	0	0	0	0	0	0	
71	37	2	13	-999	-999	2	0	0	0	0	0	0	0	0	
72	37	2	19	-999	-999	1	0	0	0	0	0	0	0	0	
73	37	2	15	-999	-999	0	0	0	0	0	0	0	0	0	
74	50	2	17	-999	-999	2	0	0	0	0	0	0	0	0	
75	60	20	13	-999	-999	2	0	0	0	0	0	0	0	0	
76	60	22	13	-999	-999	2	0	0	0	0	0	0	0	0	
77	35	18	11	-999	-999	2	0	0	0	0	0	0	0	0	
78	35	18	9	-999	-999	2	0	0	0	0	0	0	0	0	
79	35	18	7	-999	-999	2	0	0	0	0	0	0	0	0	
80	35	16	7	-999	-999	2	0	0	0	0	0	0	0	0	
81	35	14	7	-999	-999	2	0	0	0	0	0	0	0	0	
82	35	12	7	-999	-999	2	0	0	0	0	0	0	0	0	
83	35	10	7	-999	-999	2	0	0	0	0	0	0	0	0	
84	35	8	7	-999	-999	2	0	0	0	0	0	0	0	0	
85	35	6	7	-999	-999	2	0	0	0	0	0	0	0	0	
86	35	4	7	-999	-999	2	0	0	0	0	0	0	0	0	
87	35	2	7	-999	-999	2	0	0	0	0	0	0	0	0	
88	35	0	7	-999	-999	2	0	0	0	0	0	0	0	0	
89	35	0	5	-999	-999	2	0	0	0	0	0	0	0	0	
90	35	0	3	-999	-999	2	0	0	0	0	0	0	0	0	
91	35	0	1	-999	-999	2	0	0	0	0	0	0	0	0	
92	35	2	1	-999	-999	2	0	0	0	0	0	0	0	0	
93	35	4	1	-999	-999	2	0	0	0	0	0	0	0	0	
94	35	6	1	-999	-999	2	0	0	0	0	0	0	0	0	
95	35	8	1	-999	-999	2	0	0	0	0	0	0	0	0	
96	37	10	1	-999	-999	2	0	0	0	0	0	0	0	0	
97	37	12	1	-999	-999	2	0	0	0	0	0	0	0	0	
98	37	14	1	-999	-999	2	0	0	0	0	0	0	0	0	
99	37	16	1	-999	-999	2	0	0	0	0	0	0	0	0	
100	37	18	1	-999	-999	2	0	0	0	0	0	0	0	0	
101	37	20	1	-999	-999	2	0	0	0	0	0	0	0	0	
102	37	22	1	-999	-999	2	0	0	0	0	0	0	0	0	
103	37	22	3	-999	-999	2	0	0	0	0	0	0	0	0	
104	37	22	5	-999	-999	2	0	0	0	0	0	0	0	0	
105	37	22	7	-999	-999	2	0	0	0	0	0	0	0	0	
106	37	22	9	-999	-999	2	0	0	0	0	0	0	0	0	
107	37	22	11	-999	-999	2	0	0	0	0	0	0	0	0	
NULL	NULL	NULL	NULL	NULL	NULL	NULL	NULL	NULL	NULL	NULL	NULL	NULL	NULL	NULL	NULL	NULL	NULL	NULL	NULL	NULL	NULL	NULL	NULL	
91	91	92	92	93	93	94	94	95	95	96	96	97	97	98	98	99	99	100	100	101	101	102	102	
91	91	92	92	93	93	94	94	95	95	96	96	97	97	98	98	99	99	100	100	101	101	102	102	
90	90	NULL	NULL	NULL	NULL	NULL	NULL	NULL	NULL	NULL	NULL	NULL	NULL	NULL	NULL	NULL	NULL	NULL	NULL	NULL	NULL	103	103	
90	90	NULL	NULL	NULL	NULL	NULL	NULL	NULL	NULL	NULL	NULL	NULL	NULL	NULL	NULL	NULL	NULL	NULL	NULL	NULL	NULL	103	103	
89	89	NULL	NULL	NULL	NULL	NULL	NULL	NULL	NULL	NULL	NULL	NULL	NULL	NULL	NULL	NULL	NULL	NULL	NULL	NULL	NULL	104	104	
89	89	NULL	NULL	NULL	NULL	NULL	NULL	NULL	NULL	NULL	NULL	NULL	NULL	NULL	NULL	NULL	NULL	NULL	NULL	NULL	NULL	104	104	
88	88	87	87	86	86	85	85	84	84	83	83	82	82	81	81	80	80	79	79	NULL	NULL	105	105	
88	88	87	87	86	86	85	85	84	84	83	83	82	82	81	81	80	80	79	79	NULL	NULL	105	105	
62	62	61	61	60	60	59	59	58	58	57	57	56	56	55	55	54	54	78	78	NULL	NULL	106	106	
62	62	61	61	60	60	59	59	58	58	57	57	56	56	55	55	54	54	78	78	NULL	NULL	106	106	
63	63	53	53	69	69	68	68	67	67	66	66	65	65	64	64	70	70	77	77	NULL	NULL	107	107	
63	63	53	53	69	69	68	68	67	67	66	66	65	65	64	64	70	70	77	77	NULL	NULL	107	107	
51	51	71	71	50	50	3	3	4	4	11	11	10	10	49	49	52	52	NULL	NULL	75	75	76	76	
51	51	71	71	50	50	3	3	4	4	11	11	10	10	49	49	52	52	NULL	NULL	75	75	76	76	
0	0	73	73	15	15	32	32	33	33	34	34	35	35	36	36	37	37	38	38	39	39	40	40	
0	0	73	73	15	15	32	32	33	33	34	34	35	35	36	36	37	37	38	38	39	39	40	40	
21	21	74	74	1	1	18	18	16	16	14	14	13	13	19	19	8	8	7	7	6	6	5	5	
21	21	74	74	1	1	18	18	16	16	14	14	13	13	19	19	8	8	7	7	6	6	5	5	
23	23	72	72	22	22	24	24	25	25	26	26	27	27	28	28	29	29	30	30	31	31	41	41	
23	23	72	72	22	22	24	24	25	25	26	26	27	27	28	28	29	29	30	30	31	31	41	41	
43	43	44	44	45	45	46	46	47	47	48	48	2	2	9	9	20	20	17	17	12	12	42	42	
43	43	44	44	45	45	46	46	47	47	48	48	2	2	9	9	20	20	17	17	12	12	42	42	
NULL	NULL	NULL	NULL	NULL	NULL	NULL	NULL	NULL	NULL	NULL	NULL	NULL	NULL	NULL	NULL	NULL	NULL	NULL	NULL	NULL	NULL	NULL	NULL	
