444
0	2	11	2	-999	-999	2	0	1	1000	0	0	0	0	0	
1	3	15	2	-999	-999	2	0	1	1000	0	0	0	0	0	
2	0	3	2	-999	-999	2	0	1	1000	0	0	0	0	0	
3	34	8	3	5	5	2	0	0	0	0	0	0	0	0	
4	34	6	4	5	13	2	0	0	0	0	0	0	0	0	
5	43	0	8	5	13	2	0	0	0	0	0	0	0	0	
6	4	19	2	-999	-999	2	0	1	1000	0	0	0	0	0	
7	43	12	0	5	13	2	0	0	0	0	0	0	0	0	
8	43	6	12	5	13	2	0	0	0	0	0	0	0	0	
9	25	7	6	5	13	4	0	0	0	0	0	0	0	0	
10	37	10	9	5	5	2	0	0	0	0	0	0	0	0	
11	43	4	0	5	5	2	0	0	0	0	0	0	0	0	
12	43	12	6	5	13	2	0	0	0	0	0	0	0	0	
13	42	12	10	5	13	2	0	0	0	0	0	0	0	0	
14	43	12	4	5	5	2	0	0	0	0	0	0	0	0	
15	37	8	8	5	13	2	0	0	0	0	0	0	0	0	
16	37	10	2	5	13	2	0	0	0	0	0	0	0	0	
17	43	10	12	5	5	2	0	0	0	0	0	0	0	0	
18	42	0	2	5	5	3	0	0	0	0	0	0	0	0	
19	43	10	0	5	13	2	0	0	0	0	0	0	0	0	
20	37	4	8	5	13	2	0	0	0	0	0	0	0	0	
21	43	8	12	5	13	2	0	0	0	0	0	0	0	0	
22	37	10	9	5	13	2	0	0	0	0	0	0	0	0	
23	42	12	10	5	5	2	0	0	0	0	0	0	0	0	
24	43	10	12	5	13	2	0	0	0	0	0	0	0	0	
25	43	12	12	5	13	2	0	0	0	0	0	0	0	0	
26	34	8	3	5	13	2	0	0	0	0	0	0	0	0	
27	43	8	0	5	13	2	0	0	0	0	0	0	0	0	
28	37	2	9	5	13	2	0	0	0	0	0	0	0	0	
29	37	2	2	5	13	2	0	0	0	0	0	0	0	0	
30	34	6	4	5	5	2	0	0	0	0	0	0	0	0	
31	43	12	8	5	13	2	0	0	0	0	0	0	0	0	
32	42	0	10	5	13	2	0	0	0	0	0	0	0	0	
33	42	0	10	5	5	2	0	0	0	0	0	0	0	0	
34	42	12	2	5	5	3	0	0	0	0	0	0	0	0	
35	26	5	6	5	13	4	0	0	0	0	0	0	0	0	
36	34	4	3	5	13	2	0	0	0	0	0	0	0	0	
37	43	0	12	5	13	2	0	0	0	0	0	0	0	0	
38	43	12	8	5	5	2	0	0	0	0	0	0	0	0	
39	43	0	0	5	5	2	0	0	0	0	0	0	0	0	
40	43	4	12	5	5	2	0	0	0	0	0	0	0	0	
41	43	0	0	5	13	2	0	0	0	0	0	0	0	0	
42	1	7	2	-999	-999	2	0	1	1000	0	0	0	0	0	
43	37	19	4	-999	-999	0	0	0	0	0	0	0	0	0	
44	37	19	6	-999	-999	0	0	0	0	0	0	0	0	0	
45	37	19	8	-999	-999	1	0	0	0	0	0	0	0	0	
46	37	19	10	-999	-999	1	0	0	0	0	0	0	0	0	
47	37	19	12	-999	-999	2	0	0	0	0	0	0	0	0	
48	37	19	14	-999	-999	2	0	0	0	0	0	0	0	0	
49	37	19	16	-999	-999	3	0	0	0	0	0	0	0	0	
50	37	19	18	-999	-999	3	0	0	0	0	0	0	0	0	
51	37	15	4	-999	-999	0	0	0	0	0	0	0	0	0	
52	37	15	6	-999	-999	0	0	0	0	0	0	0	0	0	
53	37	15	8	-999	-999	1	0	0	0	0	0	0	0	0	
54	37	15	10	-999	-999	1	0	0	0	0	0	0	0	0	
55	37	15	12	-999	-999	2	0	0	0	0	0	0	0	0	
56	37	15	14	-999	-999	2	0	0	0	0	0	0	0	0	
57	37	15	16	-999	-999	3	0	0	0	0	0	0	0	0	
58	37	15	18	-999	-999	3	0	0	0	0	0	0	0	0	
59	37	11	4	-999	-999	0	0	0	0	0	0	0	0	0	
60	37	11	6	-999	-999	0	0	0	0	0	0	0	0	0	
61	37	11	8	-999	-999	1	0	0	0	0	0	0	0	0	
62	37	7	4	-999	-999	0	0	0	0	0	0	0	0	0	
63	37	7	6	-999	-999	0	0	0	0	0	0	0	0	0	
64	37	7	8	-999	-999	1	0	0	0	0	0	0	0	0	
65	37	7	10	-999	-999	1	0	0	0	0	0	0	0	0	
66	37	7	12	-999	-999	2	0	0	0	0	0	0	0	0	
67	37	7	14	-999	-999	2	0	0	0	0	0	0	0	0	
68	37	7	16	-999	-999	3	0	0	0	0	0	0	0	0	
69	37	7	18	-999	-999	3	0	0	0	0	0	0	0	0	
70	37	3	4	-999	-999	0	0	0	0	0	0	0	0	0	
71	37	3	6	-999	-999	0	0	0	0	0	0	0	0	0	
72	37	3	8	-999	-999	1	0	0	0	0	0	0	0	0	
73	37	3	10	-999	-999	1	0	0	0	0	0	0	0	0	
74	37	3	12	-999	-999	2	0	0	0	0	0	0	0	0	
75	37	3	14	-999	-999	2	0	0	0	0	0	0	0	0	
76	37	3	16	-999	-999	3	0	0	0	0	0	0	0	0	
77	37	3	18	-999	-999	3	0	0	0	0	0	0	0	0	
78	37	11	10	-999	-999	1	0	0	0	0	0	0	0	0	
79	37	11	12	-999	-999	2	0	0	0	0	0	0	0	0	
80	37	11	14	-999	-999	2	0	0	0	0	0	0	0	0	
81	37	11	16	-999	-999	3	0	0	0	0	0	0	0	0	
82	37	11	18	-999	-999	3	0	0	0	0	0	0	0	0	
83	72	3	20	-999	-999	2	50	120	5	0	0	0	0	0	
84	71	7	20	-999	-999	2	40	120	4	0	0	0	0	0	
85	70	11	20	-999	-999	2	30	120	3	0	0	0	0	0	
86	69	15	20	-999	-999	2	20	120	2	0	0	0	0	0	
87	68	19	20	-999	-999	2	10	120	1	0	0	0	0	0	
88	43	2	0	5	5	2	0	0	0	0	0	0	0	0	
89	43	8	0	5	5	2	0	0	0	0	0	0	0	0	
90	37	10	2	5	5	2	0	0	0	0	0	0	0	0	
91	43	0	4	5	5	2	0	0	0	0	0	0	0	0	
92	43	6	0	5	5	2	0	0	0	0	0	0	0	0	
93	43	10	0	5	5	2	0	0	0	0	0	0	0	0	
94	43	12	12	5	5	2	0	0	0	0	0	0	0	0	
95	37	2	9	5	5	2	0	0	0	0	0	0	0	0	
96	43	0	12	5	5	2	0	0	0	0	0	0	0	0	
97	37	4	8	5	5	2	0	0	0	0	0	0	0	0	
98	43	0	8	5	5	2	0	0	0	0	0	0	0	0	
99	22	7	6	5	5	4	0	0	0	0	0	0	0	0	
100	32	5	5	-999	-999	2	0	0	0	0	0	0	0	0	
39	39	88	88	11	11	92	92	89	89	93	93	101	101	
39	39	88	88	11	11	92	92	89	89	93	93	101	101	
18	18	105	105	NULL	NULL	NULL	NULL	NULL	NULL	90	90	34	34	
18	18	105	105	107	107	NULL	NULL	3	3	90	90	34	34	
91	91	NULL	NULL	107	107	30	30	3	3	NULL	NULL	14	14	
91	91	NULL	NULL	NULL	NULL	30	30	NULL	NULL	NULL	NULL	14	14	
110	110	NULL	NULL	NULL	109	109	99	99	NULL	NULL	NULL	102	102	
110	110	NULL	NULL	NULL	109	109	99	99	NULL	NULL	NULL	102	102	
98	98	NULL	NULL	97	97	NULL	NULL	103	103	NULL	NULL	38	38	
98	98	95	95	97	97	NULL	NULL	103	103	10	10	38	38	
33	33	95	95	NULL	NULL	NULL	NULL	NULL	NULL	10	10	23	23	
33	33	NULL	NULL	NULL	NULL	NULL	NULL	NULL	NULL	NULL	NULL	23	23	
96	96	104	104	40	40	106	106	108	108	17	17	94	94	
96	96	104	104	40	40	106	106	108	108	17	17	94	94	
101	43	12	0	5	5	2	0	0	0	0	0	0	0	0	
102	43	12	6	5	5	2	0	0	0	0	0	0	0	0	
103	37	8	8	5	5	2	0	0	0	0	0	0	0	0	
104	43	2	12	5	5	2	0	0	0	0	0	0	0	0	
105	37	2	2	5	5	2	0	0	0	0	0	0	0	0	
106	43	6	12	5	5	2	0	0	0	0	0	0	0	0	
107	34	4	3	5	5	2	0	0	0	0	0	0	0	0	
108	43	8	12	5	5	2	0	0	0	0	0	0	0	0	
109	23	5	6	5	5	4	0	0	0	0	0	0	0	0	
110	43	0	6	5	5	2	0	0	0	0	0	0	0	0	
111	32	9	7	-999	-999	2	0	0	0	0	0	0	0	0	
132	132	112	112	116	116	120	120	124	124	128	128	134	134	
132	132	112	112	116	116	120	120	124	124	128	128	134	134	
113	113	136	136	NULL	NULL	NULL	NULL	NULL	NULL	137	137	115	115	
113	113	136	136	138	138	NULL	NULL	139	139	137	137	115	115	
117	117	NULL	NULL	138	138	140	140	139	139	NULL	NULL	119	119	
117	117	NULL	NULL	NULL	NULL	140	140	NULL	NULL	NULL	NULL	119	119	
121	121	NULL	NULL	NULL	141	141	142	142	NULL	NULL	NULL	123	123	
121	121	NULL	NULL	NULL	141	141	142	142	NULL	NULL	NULL	123	123	
125	125	NULL	NULL	143	143	NULL	NULL	144	144	NULL	NULL	127	127	
125	125	145	145	143	143	NULL	NULL	144	144	146	146	127	127	
129	129	145	145	NULL	NULL	NULL	NULL	NULL	NULL	146	146	131	131	
129	129	NULL	NULL	NULL	NULL	NULL	NULL	NULL	NULL	NULL	NULL	131	131	
133	133	114	114	118	118	122	122	126	126	130	130	135	135	
133	133	114	114	118	118	122	122	126	126	130	130	135	135	
112	43	2	0	9	7	2	0	0	0	0	0	0	0	0	
113	42	0	2	9	7	3	0	0	0	0	0	0	0	0	
114	43	2	12	9	7	2	0	0	0	0	0	0	0	0	
115	42	12	2	9	7	3	0	0	0	0	0	0	0	0	
116	43	4	0	9	7	2	0	0	0	0	0	0	0	0	
117	43	0	4	9	7	2	0	0	0	0	0	0	0	0	
118	43	4	12	9	7	2	0	0	0	0	0	0	0	0	
119	43	12	4	9	7	2	0	0	0	0	0	0	0	0	
120	43	6	0	9	7	2	0	0	0	0	0	0	0	0	
121	43	0	6	9	7	2	0	0	0	0	0	0	0	0	
122	43	6	12	9	7	2	0	0	0	0	0	0	0	0	
123	43	12	6	9	7	2	0	0	0	0	0	0	0	0	
124	43	8	0	9	7	2	0	0	0	0	0	0	0	0	
125	43	0	8	9	7	2	0	0	0	0	0	0	0	0	
126	43	8	12	9	7	2	0	0	0	0	0	0	0	0	
127	43	12	8	9	7	2	0	0	0	0	0	0	0	0	
128	43	10	0	9	7	2	0	0	0	0	0	0	0	0	
129	42	0	10	9	7	2	0	0	0	0	0	0	0	0	
130	43	10	12	9	7	2	0	0	0	0	0	0	0	0	
131	42	12	10	9	7	2	0	0	0	0	0	0	0	0	
132	43	0	0	9	7	2	0	0	0	0	0	0	0	0	
133	43	0	12	9	7	2	0	0	0	0	0	0	0	0	
134	43	12	0	9	7	2	0	0	0	0	0	0	0	0	
135	43	12	12	9	7	2	0	0	0	0	0	0	0	0	
136	37	2	2	9	7	2	0	0	0	0	0	0	0	0	
137	37	10	2	9	7	2	0	0	0	0	0	0	0	0	
138	34	4	3	9	7	2	0	0	0	0	0	0	0	0	
139	34	8	3	9	7	2	0	0	0	0	0	0	0	0	
140	34	6	4	9	7	2	0	0	0	0	0	0	0	0	
141	25	5	6	9	7	4	0	0	0	0	0	0	0	0	
142	22	7	6	9	7	4	0	0	0	0	0	0	0	0	
143	37	4	8	9	7	2	0	0	0	0	0	0	0	0	
144	37	8	8	9	7	2	0	0	0	0	0	0	0	0	
145	37	2	9	9	7	2	0	0	0	0	0	0	0	0	
146	37	10	9	9	7	2	0	0	0	0	0	0	0	0	
147	32	13	5	-999	-999	2	0	0	0	0	0	0	0	0	
168	168	148	148	152	152	156	156	160	160	164	164	170	170	
168	168	148	148	152	152	156	156	160	160	164	164	170	170	
149	149	172	172	NULL	NULL	NULL	NULL	NULL	NULL	173	173	151	151	
149	149	172	172	174	174	NULL	NULL	175	175	173	173	151	151	
153	153	NULL	NULL	174	174	176	176	175	175	NULL	NULL	155	155	
153	153	NULL	NULL	NULL	NULL	176	176	NULL	NULL	NULL	NULL	155	155	
157	157	NULL	NULL	NULL	177	177	178	178	NULL	NULL	NULL	159	159	
157	157	NULL	NULL	NULL	177	177	178	178	NULL	NULL	NULL	159	159	
161	161	NULL	NULL	179	179	NULL	NULL	180	180	NULL	NULL	163	163	
161	161	181	181	179	179	NULL	NULL	180	180	182	182	163	163	
165	165	181	181	NULL	NULL	NULL	NULL	NULL	NULL	182	182	167	167	
165	165	NULL	NULL	NULL	NULL	NULL	NULL	NULL	NULL	NULL	NULL	167	167	
169	169	150	150	154	154	158	158	162	162	166	166	171	171	
169	169	150	150	154	154	158	158	162	162	166	166	171	171	
148	43	2	0	13	5	2	0	0	0	0	0	0	0	0	
149	42	0	2	13	5	3	0	0	0	0	0	0	0	0	
150	43	2	12	13	5	2	0	0	0	0	0	0	0	0	
151	42	12	2	13	5	3	0	0	0	0	0	0	0	0	
152	43	4	0	13	5	2	0	0	0	0	0	0	0	0	
153	43	0	4	13	5	2	0	0	0	0	0	0	0	0	
154	43	4	12	13	5	2	0	0	0	0	0	0	0	0	
155	43	12	4	13	5	2	0	0	0	0	0	0	0	0	
156	43	6	0	13	5	2	0	0	0	0	0	0	0	0	
157	43	0	6	13	5	2	0	0	0	0	0	0	0	0	
158	43	6	12	13	5	2	0	0	0	0	0	0	0	0	
159	43	12	6	13	5	2	0	0	0	0	0	0	0	0	
160	43	8	0	13	5	2	0	0	0	0	0	0	0	0	
161	43	0	8	13	5	2	0	0	0	0	0	0	0	0	
162	43	8	12	13	5	2	0	0	0	0	0	0	0	0	
163	43	12	8	13	5	2	0	0	0	0	0	0	0	0	
164	43	10	0	13	5	2	0	0	0	0	0	0	0	0	
165	42	0	10	13	5	2	0	0	0	0	0	0	0	0	
166	43	10	12	13	5	2	0	0	0	0	0	0	0	0	
167	42	12	10	13	5	2	0	0	0	0	0	0	0	0	
168	43	0	0	13	5	2	0	0	0	0	0	0	0	0	
169	43	0	12	13	5	2	0	0	0	0	0	0	0	0	
170	43	12	0	13	5	2	0	0	0	0	0	0	0	0	
171	43	12	12	13	5	2	0	0	0	0	0	0	0	0	
172	37	2	2	13	5	2	0	0	0	0	0	0	0	0	
173	37	10	2	13	5	2	0	0	0	0	0	0	0	0	
174	34	4	3	13	5	2	0	0	0	0	0	0	0	0	
175	34	8	3	13	5	2	0	0	0	0	0	0	0	0	
176	34	6	4	13	5	2	0	0	0	0	0	0	0	0	
177	25	5	6	13	5	4	0	0	0	0	0	0	0	0	
178	24	7	6	13	5	4	0	0	0	0	0	0	0	0	
179	37	4	8	13	5	2	0	0	0	0	0	0	0	0	
180	37	8	8	13	5	2	0	0	0	0	0	0	0	0	
181	37	2	9	13	5	2	0	0	0	0	0	0	0	0	
182	37	10	9	13	5	2	0	0	0	0	0	0	0	0	
183	32	17	7	-999	-999	2	0	0	0	0	0	0	0	0	
204	204	184	184	188	188	192	192	196	196	200	200	206	206	
204	204	184	184	188	188	192	192	196	196	200	200	206	206	
185	185	208	208	NULL	NULL	NULL	NULL	NULL	NULL	209	209	187	187	
185	185	208	208	210	210	NULL	NULL	211	211	209	209	187	187	
189	189	NULL	NULL	210	210	212	212	211	211	NULL	NULL	191	191	
189	189	NULL	NULL	NULL	NULL	212	212	NULL	NULL	NULL	NULL	191	191	
193	193	NULL	NULL	NULL	213	213	214	214	NULL	NULL	NULL	195	195	
193	193	NULL	NULL	NULL	213	213	214	214	NULL	NULL	NULL	195	195	
197	197	NULL	NULL	215	215	NULL	NULL	216	216	NULL	NULL	199	199	
197	197	217	217	215	215	NULL	NULL	216	216	218	218	199	199	
201	201	217	217	NULL	NULL	NULL	NULL	NULL	NULL	218	218	203	203	
201	201	NULL	NULL	NULL	NULL	NULL	NULL	NULL	NULL	NULL	NULL	203	203	
205	205	186	186	190	190	194	194	198	198	202	202	207	207	
205	205	186	186	190	190	194	194	198	198	202	202	207	207	
184	43	2	0	17	7	2	0	0	0	0	0	0	0	0	
185	42	0	2	17	7	3	0	0	0	0	0	0	0	0	
186	43	2	12	17	7	2	0	0	0	0	0	0	0	0	
187	42	12	2	17	7	3	0	0	0	0	0	0	0	0	
188	43	4	0	17	7	2	0	0	0	0	0	0	0	0	
189	43	0	4	17	7	2	0	0	0	0	0	0	0	0	
190	43	4	12	17	7	2	0	0	0	0	0	0	0	0	
191	43	12	4	17	7	2	0	0	0	0	0	0	0	0	
192	43	6	0	17	7	2	0	0	0	0	0	0	0	0	
193	43	0	6	17	7	2	0	0	0	0	0	0	0	0	
194	43	6	12	17	7	2	0	0	0	0	0	0	0	0	
195	43	12	6	17	7	2	0	0	0	0	0	0	0	0	
196	43	8	0	17	7	2	0	0	0	0	0	0	0	0	
197	43	0	8	17	7	2	0	0	0	0	0	0	0	0	
198	43	8	12	17	7	2	0	0	0	0	0	0	0	0	
199	43	12	8	17	7	2	0	0	0	0	0	0	0	0	
200	43	10	0	17	7	2	0	0	0	0	0	0	0	0	
201	42	0	10	17	7	2	0	0	0	0	0	0	0	0	
202	43	10	12	17	7	2	0	0	0	0	0	0	0	0	
203	42	12	10	17	7	2	0	0	0	0	0	0	0	0	
204	43	0	0	17	7	2	0	0	0	0	0	0	0	0	
205	43	0	12	17	7	2	0	0	0	0	0	0	0	0	
206	43	12	0	17	7	2	0	0	0	0	0	0	0	0	
207	43	12	12	17	7	2	0	0	0	0	0	0	0	0	
208	37	2	2	17	7	2	0	0	0	0	0	0	0	0	
209	37	10	2	17	7	2	0	0	0	0	0	0	0	0	
210	34	4	3	17	7	2	0	0	0	0	0	0	0	0	
211	34	8	3	17	7	2	0	0	0	0	0	0	0	0	
212	34	6	4	17	7	2	0	0	0	0	0	0	0	0	
213	26	5	6	17	7	4	0	0	0	0	0	0	0	0	
214	24	7	6	17	7	4	0	0	0	0	0	0	0	0	
215	37	4	8	17	7	2	0	0	0	0	0	0	0	0	
216	37	8	8	17	7	2	0	0	0	0	0	0	0	0	
217	37	2	9	17	7	2	0	0	0	0	0	0	0	0	
218	37	10	9	17	7	2	0	0	0	0	0	0	0	0	
219	32	13	9	-999	-999	2	0	0	0	0	0	0	0	0	
240	240	220	220	224	224	228	228	232	232	236	236	242	242	
240	240	220	220	224	224	228	228	232	232	236	236	242	242	
221	221	244	244	NULL	NULL	NULL	NULL	NULL	NULL	245	245	223	223	
221	221	244	244	246	246	NULL	NULL	247	247	245	245	223	223	
225	225	NULL	NULL	246	246	248	248	247	247	NULL	NULL	227	227	
225	225	NULL	NULL	NULL	NULL	248	248	NULL	NULL	NULL	NULL	227	227	
229	229	NULL	NULL	NULL	249	249	250	250	NULL	NULL	NULL	231	231	
229	229	NULL	NULL	NULL	249	249	250	250	NULL	NULL	NULL	231	231	
233	233	NULL	NULL	251	251	NULL	NULL	252	252	NULL	NULL	235	235	
233	233	253	253	251	251	NULL	NULL	252	252	254	254	235	235	
237	237	253	253	NULL	NULL	NULL	NULL	NULL	NULL	254	254	239	239	
237	237	NULL	NULL	NULL	NULL	NULL	NULL	NULL	NULL	NULL	NULL	239	239	
241	241	222	222	226	226	230	230	234	234	238	238	243	243	
241	241	222	222	226	226	230	230	234	234	238	238	243	243	
220	43	2	0	13	9	2	0	0	0	0	0	0	0	0	
221	42	0	2	13	9	3	0	0	0	0	0	0	0	0	
222	43	2	12	13	9	2	0	0	0	0	0	0	0	0	
223	42	12	2	13	9	3	0	0	0	0	0	0	0	0	
224	43	4	0	13	9	2	0	0	0	0	0	0	0	0	
225	43	0	4	13	9	2	0	0	0	0	0	0	0	0	
226	43	4	12	13	9	2	0	0	0	0	0	0	0	0	
227	43	12	4	13	9	2	0	0	0	0	0	0	0	0	
228	43	6	0	13	9	2	0	0	0	0	0	0	0	0	
229	43	0	6	13	9	2	0	0	0	0	0	0	0	0	
230	43	6	12	13	9	2	0	0	0	0	0	0	0	0	
231	43	12	6	13	9	2	0	0	0	0	0	0	0	0	
232	43	8	0	13	9	2	0	0	0	0	0	0	0	0	
233	43	0	8	13	9	2	0	0	0	0	0	0	0	0	
234	43	8	12	13	9	2	0	0	0	0	0	0	0	0	
235	43	12	8	13	9	2	0	0	0	0	0	0	0	0	
236	43	10	0	13	9	2	0	0	0	0	0	0	0	0	
237	42	0	10	13	9	2	0	0	0	0	0	0	0	0	
238	43	10	12	13	9	2	0	0	0	0	0	0	0	0	
239	42	12	10	13	9	2	0	0	0	0	0	0	0	0	
240	43	0	0	13	9	2	0	0	0	0	0	0	0	0	
241	43	0	12	13	9	2	0	0	0	0	0	0	0	0	
242	43	12	0	13	9	2	0	0	0	0	0	0	0	0	
243	43	12	12	13	9	2	0	0	0	0	0	0	0	0	
244	37	2	2	13	9	2	0	0	0	0	0	0	0	0	
245	37	10	2	13	9	2	0	0	0	0	0	0	0	0	
246	34	4	3	13	9	2	0	0	0	0	0	0	0	0	
247	34	8	3	13	9	2	0	0	0	0	0	0	0	0	
248	34	6	4	13	9	2	0	0	0	0	0	0	0	0	
249	26	5	6	13	9	4	0	0	0	0	0	0	0	0	
250	22	7	6	13	9	4	0	0	0	0	0	0	0	0	
251	37	4	8	13	9	2	0	0	0	0	0	0	0	0	
252	37	8	8	13	9	2	0	0	0	0	0	0	0	0	
253	37	2	9	13	9	2	0	0	0	0	0	0	0	0	
254	37	10	9	13	9	2	0	0	0	0	0	0	0	0	
255	32	17	11	-999	-999	2	0	0	0	0	0	0	0	0	
276	276	256	256	260	260	264	264	268	268	272	272	278	278	
276	276	256	256	260	260	264	264	268	268	272	272	278	278	
257	257	280	280	NULL	NULL	NULL	NULL	NULL	NULL	281	281	259	259	
257	257	280	280	282	282	NULL	NULL	283	283	281	281	259	259	
261	261	NULL	NULL	282	282	284	284	283	283	NULL	NULL	263	263	
261	261	NULL	NULL	NULL	NULL	284	284	NULL	NULL	NULL	NULL	263	263	
265	265	NULL	NULL	NULL	285	285	286	286	NULL	NULL	NULL	267	267	
265	265	NULL	NULL	NULL	285	285	286	286	NULL	NULL	NULL	267	267	
269	269	NULL	NULL	287	287	NULL	NULL	288	288	NULL	NULL	271	271	
269	269	289	289	287	287	NULL	NULL	288	288	290	290	271	271	
273	273	289	289	NULL	NULL	NULL	NULL	NULL	NULL	290	290	275	275	
273	273	NULL	NULL	NULL	NULL	NULL	NULL	NULL	NULL	NULL	NULL	275	275	
277	277	258	258	262	262	266	266	270	270	274	274	279	279	
277	277	258	258	262	262	266	266	270	270	274	274	279	279	
256	43	2	0	17	11	2	0	0	0	0	0	0	0	0	
257	42	0	2	17	11	3	0	0	0	0	0	0	0	0	
258	43	2	12	17	11	2	0	0	0	0	0	0	0	0	
259	42	12	2	17	11	3	0	0	0	0	0	0	0	0	
260	43	4	0	17	11	2	0	0	0	0	0	0	0	0	
261	43	0	4	17	11	2	0	0	0	0	0	0	0	0	
262	43	4	12	17	11	2	0	0	0	0	0	0	0	0	
263	43	12	4	17	11	2	0	0	0	0	0	0	0	0	
264	43	6	0	17	11	2	0	0	0	0	0	0	0	0	
265	43	0	6	17	11	2	0	0	0	0	0	0	0	0	
266	43	6	12	17	11	2	0	0	0	0	0	0	0	0	
267	43	12	6	17	11	2	0	0	0	0	0	0	0	0	
268	43	8	0	17	11	2	0	0	0	0	0	0	0	0	
269	43	0	8	17	11	2	0	0	0	0	0	0	0	0	
270	43	8	12	17	11	2	0	0	0	0	0	0	0	0	
271	43	12	8	17	11	2	0	0	0	0	0	0	0	0	
272	43	10	0	17	11	2	0	0	0	0	0	0	0	0	
273	42	0	10	17	11	2	0	0	0	0	0	0	0	0	
274	43	10	12	17	11	2	0	0	0	0	0	0	0	0	
275	42	12	10	17	11	2	0	0	0	0	0	0	0	0	
276	43	0	0	17	11	2	0	0	0	0	0	0	0	0	
277	43	0	12	17	11	2	0	0	0	0	0	0	0	0	
278	43	12	0	17	11	2	0	0	0	0	0	0	0	0	
279	43	12	12	17	11	2	0	0	0	0	0	0	0	0	
280	37	2	2	17	11	2	0	0	0	0	0	0	0	0	
281	37	10	2	17	11	2	0	0	0	0	0	0	0	0	
282	34	4	3	17	11	2	0	0	0	0	0	0	0	0	
283	34	8	3	17	11	2	0	0	0	0	0	0	0	0	
284	34	6	4	17	11	2	0	0	0	0	0	0	0	0	
285	24	5	6	17	11	4	0	0	0	0	0	0	0	0	
286	22	7	6	17	11	4	0	0	0	0	0	0	0	0	
287	37	4	8	17	11	2	0	0	0	0	0	0	0	0	
288	37	8	8	17	11	2	0	0	0	0	0	0	0	0	
289	37	2	9	17	11	2	0	0	0	0	0	0	0	0	
290	37	10	9	17	11	2	0	0	0	0	0	0	0	0	
291	32	13	13	-999	-999	2	0	0	0	0	0	0	0	0	
312	312	292	292	296	296	300	300	304	304	308	308	314	314	
312	312	292	292	296	296	300	300	304	304	308	308	314	314	
293	293	316	316	NULL	NULL	NULL	NULL	NULL	NULL	317	317	295	295	
293	293	316	316	318	318	NULL	NULL	319	319	317	317	295	295	
297	297	NULL	NULL	318	318	320	320	319	319	NULL	NULL	299	299	
297	297	NULL	NULL	NULL	NULL	320	320	NULL	NULL	NULL	NULL	299	299	
301	301	NULL	NULL	NULL	321	321	322	322	NULL	NULL	NULL	303	303	
301	301	NULL	NULL	NULL	321	321	322	322	NULL	NULL	NULL	303	303	
305	305	NULL	NULL	323	323	NULL	NULL	324	324	NULL	NULL	307	307	
305	305	325	325	323	323	NULL	NULL	324	324	326	326	307	307	
309	309	325	325	NULL	NULL	NULL	NULL	NULL	NULL	326	326	311	311	
309	309	NULL	NULL	NULL	NULL	NULL	NULL	NULL	NULL	NULL	NULL	311	311	
313	313	294	294	298	298	302	302	306	306	310	310	315	315	
313	313	294	294	298	298	302	302	306	306	310	310	315	315	
292	43	2	0	13	13	2	0	0	0	0	0	0	0	0	
293	42	0	2	13	13	3	0	0	0	0	0	0	0	0	
294	43	2	12	13	13	2	0	0	0	0	0	0	0	0	
295	42	12	2	13	13	3	0	0	0	0	0	0	0	0	
296	43	4	0	13	13	2	0	0	0	0	0	0	0	0	
297	43	0	4	13	13	2	0	0	0	0	0	0	0	0	
298	43	4	12	13	13	2	0	0	0	0	0	0	0	0	
299	43	12	4	13	13	2	0	0	0	0	0	0	0	0	
300	43	6	0	13	13	2	0	0	0	0	0	0	0	0	
301	43	0	6	13	13	2	0	0	0	0	0	0	0	0	
302	43	6	12	13	13	2	0	0	0	0	0	0	0	0	
303	43	12	6	13	13	2	0	0	0	0	0	0	0	0	
304	43	8	0	13	13	2	0	0	0	0	0	0	0	0	
305	43	0	8	13	13	2	0	0	0	0	0	0	0	0	
306	43	8	12	13	13	2	0	0	0	0	0	0	0	0	
307	43	12	8	13	13	2	0	0	0	0	0	0	0	0	
308	43	10	0	13	13	2	0	0	0	0	0	0	0	0	
309	42	0	10	13	13	2	0	0	0	0	0	0	0	0	
310	43	10	12	13	13	2	0	0	0	0	0	0	0	0	
311	42	12	10	13	13	2	0	0	0	0	0	0	0	0	
312	43	0	0	13	13	2	0	0	0	0	0	0	0	0	
313	43	0	12	13	13	2	0	0	0	0	0	0	0	0	
314	43	12	0	13	13	2	0	0	0	0	0	0	0	0	
315	43	12	12	13	13	2	0	0	0	0	0	0	0	0	
316	37	2	2	13	13	2	0	0	0	0	0	0	0	0	
317	37	10	2	13	13	2	0	0	0	0	0	0	0	0	
318	34	4	3	13	13	2	0	0	0	0	0	0	0	0	
319	34	8	3	13	13	2	0	0	0	0	0	0	0	0	
320	34	6	4	13	13	2	0	0	0	0	0	0	0	0	
321	24	5	6	13	13	4	0	0	0	0	0	0	0	0	
322	23	7	6	13	13	4	0	0	0	0	0	0	0	0	
323	37	4	8	13	13	2	0	0	0	0	0	0	0	0	
324	37	8	8	13	13	2	0	0	0	0	0	0	0	0	
325	37	2	9	13	13	2	0	0	0	0	0	0	0	0	
326	37	10	9	13	13	2	0	0	0	0	0	0	0	0	
327	32	9	11	-999	-999	2	0	0	0	0	0	0	0	0	
348	348	328	328	332	332	336	336	340	340	344	344	350	350	
348	348	328	328	332	332	336	336	340	340	344	344	350	350	
329	329	352	352	NULL	NULL	NULL	NULL	NULL	NULL	353	353	331	331	
329	329	352	352	354	354	NULL	NULL	355	355	353	353	331	331	
333	333	NULL	NULL	354	354	356	356	355	355	NULL	NULL	335	335	
333	333	NULL	NULL	NULL	NULL	356	356	NULL	NULL	NULL	NULL	335	335	
337	337	NULL	NULL	NULL	357	357	358	358	NULL	NULL	NULL	339	339	
337	337	NULL	NULL	NULL	357	357	358	358	NULL	NULL	NULL	339	339	
341	341	NULL	NULL	359	359	NULL	NULL	360	360	NULL	NULL	343	343	
341	341	361	361	359	359	NULL	NULL	360	360	362	362	343	343	
345	345	361	361	NULL	NULL	NULL	NULL	NULL	NULL	362	362	347	347	
345	345	NULL	NULL	NULL	NULL	NULL	NULL	NULL	NULL	NULL	NULL	347	347	
349	349	330	330	334	334	338	338	342	342	346	346	351	351	
349	349	330	330	334	334	338	338	342	342	346	346	351	351	
328	43	2	0	9	11	2	0	0	0	0	0	0	0	0	
329	42	0	2	9	11	3	0	0	0	0	0	0	0	0	
330	43	2	12	9	11	2	0	0	0	0	0	0	0	0	
331	42	12	2	9	11	3	0	0	0	0	0	0	0	0	
332	43	4	0	9	11	2	0	0	0	0	0	0	0	0	
333	43	0	4	9	11	2	0	0	0	0	0	0	0	0	
334	43	4	12	9	11	2	0	0	0	0	0	0	0	0	
335	43	12	4	9	11	2	0	0	0	0	0	0	0	0	
336	43	6	0	9	11	2	0	0	0	0	0	0	0	0	
337	43	0	6	9	11	2	0	0	0	0	0	0	0	0	
338	43	6	12	9	11	2	0	0	0	0	0	0	0	0	
339	43	12	6	9	11	2	0	0	0	0	0	0	0	0	
340	43	8	0	9	11	2	0	0	0	0	0	0	0	0	
341	43	0	8	9	11	2	0	0	0	0	0	0	0	0	
342	43	8	12	9	11	2	0	0	0	0	0	0	0	0	
343	43	12	8	9	11	2	0	0	0	0	0	0	0	0	
344	43	10	0	9	11	2	0	0	0	0	0	0	0	0	
345	42	0	10	9	11	2	0	0	0	0	0	0	0	0	
346	43	10	12	9	11	2	0	0	0	0	0	0	0	0	
347	42	12	10	9	11	2	0	0	0	0	0	0	0	0	
348	43	0	0	9	11	2	0	0	0	0	0	0	0	0	
349	43	0	12	9	11	2	0	0	0	0	0	0	0	0	
350	43	12	0	9	11	2	0	0	0	0	0	0	0	0	
351	43	12	12	9	11	2	0	0	0	0	0	0	0	0	
352	37	2	2	9	11	2	0	0	0	0	0	0	0	0	
353	37	10	2	9	11	2	0	0	0	0	0	0	0	0	
354	34	4	3	9	11	2	0	0	0	0	0	0	0	0	
355	34	8	3	9	11	2	0	0	0	0	0	0	0	0	
356	34	6	4	9	11	2	0	0	0	0	0	0	0	0	
357	26	5	6	9	11	4	0	0	0	0	0	0	0	0	
358	23	7	6	9	11	4	0	0	0	0	0	0	0	0	
359	37	4	8	9	11	2	0	0	0	0	0	0	0	0	
360	37	8	8	9	11	2	0	0	0	0	0	0	0	0	
361	37	2	9	9	11	2	0	0	0	0	0	0	0	0	
362	37	10	9	9	11	2	0	0	0	0	0	0	0	0	
363	32	5	9	-999	-999	2	0	0	0	0	0	0	0	0	
384	384	364	364	368	368	372	372	376	376	380	380	386	386	
384	384	364	364	368	368	372	372	376	376	380	380	386	386	
365	365	388	388	NULL	NULL	NULL	NULL	NULL	NULL	389	389	367	367	
365	365	388	388	390	390	NULL	NULL	391	391	389	389	367	367	
369	369	NULL	NULL	390	390	392	392	391	391	NULL	NULL	371	371	
369	369	NULL	NULL	NULL	NULL	392	392	NULL	NULL	NULL	NULL	371	371	
373	373	NULL	NULL	NULL	393	393	394	394	NULL	NULL	NULL	375	375	
373	373	NULL	NULL	NULL	393	393	394	394	NULL	NULL	NULL	375	375	
377	377	NULL	NULL	395	395	NULL	NULL	396	396	NULL	NULL	379	379	
377	377	397	397	395	395	NULL	NULL	396	396	398	398	379	379	
381	381	397	397	NULL	NULL	NULL	NULL	NULL	NULL	398	398	383	383	
381	381	NULL	NULL	NULL	NULL	NULL	NULL	NULL	NULL	NULL	NULL	383	383	
385	385	366	366	370	370	374	374	378	378	382	382	387	387	
385	385	366	366	370	370	374	374	378	378	382	382	387	387	
364	43	2	0	5	9	2	0	0	0	0	0	0	0	0	
365	42	0	2	5	9	3	0	0	0	0	0	0	0	0	
366	43	2	12	5	9	2	0	0	0	0	0	0	0	0	
367	42	12	2	5	9	3	0	0	0	0	0	0	0	0	
368	43	4	0	5	9	2	0	0	0	0	0	0	0	0	
369	43	0	4	5	9	2	0	0	0	0	0	0	0	0	
370	43	4	12	5	9	2	0	0	0	0	0	0	0	0	
371	43	12	4	5	9	2	0	0	0	0	0	0	0	0	
372	43	6	0	5	9	2	0	0	0	0	0	0	0	0	
373	43	0	6	5	9	2	0	0	0	0	0	0	0	0	
374	43	6	12	5	9	2	0	0	0	0	0	0	0	0	
375	43	12	6	5	9	2	0	0	0	0	0	0	0	0	
376	43	8	0	5	9	2	0	0	0	0	0	0	0	0	
377	43	0	8	5	9	2	0	0	0	0	0	0	0	0	
378	43	8	12	5	9	2	0	0	0	0	0	0	0	0	
379	43	12	8	5	9	2	0	0	0	0	0	0	0	0	
380	43	10	0	5	9	2	0	0	0	0	0	0	0	0	
381	42	0	10	5	9	2	0	0	0	0	0	0	0	0	
382	43	10	12	5	9	2	0	0	0	0	0	0	0	0	
383	42	12	10	5	9	2	0	0	0	0	0	0	0	0	
384	43	0	0	5	9	2	0	0	0	0	0	0	0	0	
385	43	0	12	5	9	2	0	0	0	0	0	0	0	0	
386	43	12	0	5	9	2	0	0	0	0	0	0	0	0	
387	43	12	12	5	9	2	0	0	0	0	0	0	0	0	
388	37	2	2	5	9	2	0	0	0	0	0	0	0	0	
389	37	10	2	5	9	2	0	0	0	0	0	0	0	0	
390	34	4	3	5	9	2	0	0	0	0	0	0	0	0	
391	34	8	3	5	9	2	0	0	0	0	0	0	0	0	
392	34	6	4	5	9	2	0	0	0	0	0	0	0	0	
393	25	5	6	5	9	4	0	0	0	0	0	0	0	0	
394	23	7	6	5	9	4	0	0	0	0	0	0	0	0	
395	37	4	8	5	9	2	0	0	0	0	0	0	0	0	
396	37	8	8	5	9	2	0	0	0	0	0	0	0	0	
397	37	2	9	5	9	2	0	0	0	0	0	0	0	0	
398	37	10	9	5	9	2	0	0	0	0	0	0	0	0	
399	32	5	13	-999	-999	2	0	0	0	0	0	0	0	0	
41	41	400	400	404	404	408	408	27	27	19	19	7	7	
41	41	400	400	404	404	408	408	27	27	19	19	7	7	
401	401	29	29	NULL	NULL	NULL	NULL	NULL	NULL	16	16	403	403	
401	401	29	29	36	36	NULL	NULL	26	26	16	16	403	403	
405	405	NULL	NULL	36	36	4	4	26	26	NULL	NULL	407	407	
405	405	NULL	NULL	NULL	NULL	4	4	NULL	NULL	NULL	NULL	407	407	
409	409	NULL	NULL	NULL	35	35	9	9	NULL	NULL	NULL	12	12	
409	409	NULL	NULL	NULL	35	35	9	9	NULL	NULL	NULL	12	12	
5	5	NULL	NULL	20	20	NULL	NULL	15	15	NULL	NULL	31	31	
5	5	28	28	20	20	NULL	NULL	15	15	22	22	31	31	
32	32	28	28	NULL	NULL	NULL	NULL	NULL	NULL	22	22	13	13	
32	32	NULL	NULL	NULL	NULL	NULL	NULL	NULL	NULL	NULL	NULL	13	13	
37	37	402	402	406	406	8	8	21	21	24	24	25	25	
37	37	402	402	406	406	8	8	21	21	24	24	25	25	
400	43	2	0	5	13	2	0	0	0	0	0	0	0	0	
401	42	0	2	5	13	3	0	0	0	0	0	0	0	0	
402	43	2	12	5	13	2	0	0	0	0	0	0	0	0	
403	42	12	2	5	13	3	0	0	0	0	0	0	0	0	
404	43	4	0	5	13	2	0	0	0	0	0	0	0	0	
405	43	0	4	5	13	2	0	0	0	0	0	0	0	0	
406	43	4	12	5	13	2	0	0	0	0	0	0	0	0	
407	43	12	4	5	13	2	0	0	0	0	0	0	0	0	
408	43	6	0	5	13	2	0	0	0	0	0	0	0	0	
409	43	0	6	5	13	2	0	0	0	0	0	0	0	0	
410	40	1	0	-999	-999	2	0	0	0	0	0	0	0	0	
411	40	3	0	-999	-999	2	0	0	0	0	0	0	0	0	
412	40	5	0	-999	-999	2	0	0	0	0	0	0	0	0	
413	40	7	0	-999	-999	2	0	0	0	0	0	0	0	0	
414	40	9	0	-999	-999	2	0	0	0	0	0	0	0	0	
415	40	11	0	-999	-999	2	0	0	0	0	0	0	0	0	
416	40	13	0	-999	-999	2	0	0	0	0	0	0	0	0	
417	40	15	0	-999	-999	2	0	0	0	0	0	0	0	0	
418	40	17	0	-999	-999	2	0	0	0	0	0	0	0	0	
419	40	19	0	-999	-999	2	0	0	0	0	0	0	0	0	
420	40	21	0	-999	-999	2	0	0	0	0	0	0	0	0	
421	40	1	22	-999	-999	2	0	0	0	0	0	0	0	0	
422	40	3	22	-999	-999	2	0	0	0	0	0	0	0	0	
423	40	5	22	-999	-999	2	0	0	0	0	0	0	0	0	
424	40	7	22	-999	-999	2	0	0	0	0	0	0	0	0	
425	40	9	22	-999	-999	2	0	0	0	0	0	0	0	0	
426	40	11	22	-999	-999	2	0	0	0	0	0	0	0	0	
427	40	13	22	-999	-999	2	0	0	0	0	0	0	0	0	
428	40	15	22	-999	-999	2	0	0	0	0	0	0	0	0	
429	40	17	22	-999	-999	2	0	0	0	0	0	0	0	0	
430	40	19	22	-999	-999	2	0	0	0	0	0	0	0	0	
431	40	21	22	-999	-999	2	0	0	0	0	0	0	0	0	
432	40	21	20	-999	-999	2	0	0	0	0	0	0	0	0	
433	40	17	20	-999	-999	2	0	0	0	0	0	0	0	0	
434	40	13	20	-999	-999	2	0	0	0	0	0	0	0	0	
435	40	9	20	-999	-999	2	0	0	0	0	0	0	0	0	
436	40	5	20	-999	-999	2	0	0	0	0	0	0	0	0	
437	40	1	20	-999	-999	2	0	0	0	0	0	0	0	0	
438	40	1	2	-999	-999	2	0	0	0	0	0	0	0	0	
439	40	5	2	-999	-999	2	0	0	0	0	0	0	0	0	
440	40	9	2	-999	-999	2	0	0	0	0	0	0	0	0	
441	40	13	2	-999	-999	2	0	0	0	0	0	0	0	0	
442	40	17	2	-999	-999	2	0	0	0	0	0	0	0	0	
443	40	21	2	-999	-999	2	0	0	0	0	0	0	0	0	
NULL	410	410	411	411	412	412	413	413	414	414	415	415	416	416	417	417	418	418	419	419	420	420	NULL	
NULL	410	410	411	411	412	412	413	413	414	414	415	415	416	416	417	417	418	418	419	419	420	420	NULL	
NULL	438	438	2	2	439	439	42	42	440	440	0	0	441	441	1	1	442	442	6	6	443	443	NULL	
NULL	438	438	2	2	439	439	42	42	440	440	0	0	441	441	1	1	442	442	6	6	443	443	NULL	
NULL	NULL	NULL	70	70	NULL	NULL	62	62	NULL	NULL	59	59	NULL	NULL	51	51	NULL	NULL	43	43	NULL	NULL	NULL	
NULL	NULL	NULL	70	70	100	100	62	62	NULL	NULL	59	59	147	147	51	51	NULL	NULL	43	43	NULL	NULL	NULL	
NULL	NULL	NULL	71	71	100	100	63	63	NULL	NULL	60	60	147	147	52	52	NULL	NULL	44	44	NULL	NULL	NULL	
NULL	NULL	NULL	71	71	NULL	NULL	63	63	111	111	60	60	NULL	NULL	52	52	183	183	44	44	NULL	NULL	NULL	
NULL	NULL	NULL	72	72	NULL	NULL	64	64	111	111	61	61	NULL	NULL	53	53	183	183	45	45	NULL	NULL	NULL	
NULL	NULL	NULL	72	72	363	363	64	64	NULL	NULL	61	61	219	219	53	53	NULL	NULL	45	45	NULL	NULL	NULL	
NULL	NULL	NULL	73	73	363	363	65	65	NULL	NULL	78	78	219	219	54	54	NULL	NULL	46	46	NULL	NULL	NULL	
NULL	NULL	NULL	73	73	NULL	NULL	65	65	327	327	78	78	NULL	NULL	54	54	255	255	46	46	NULL	NULL	NULL	
NULL	NULL	NULL	74	74	NULL	NULL	66	66	327	327	79	79	NULL	NULL	55	55	255	255	47	47	NULL	NULL	NULL	
NULL	NULL	NULL	74	74	399	399	66	66	NULL	NULL	79	79	291	291	55	55	NULL	NULL	47	47	NULL	NULL	NULL	
NULL	NULL	NULL	75	75	399	399	67	67	NULL	NULL	80	80	291	291	56	56	NULL	NULL	48	48	NULL	NULL	NULL	
NULL	NULL	NULL	75	75	NULL	NULL	67	67	NULL	NULL	80	80	NULL	NULL	56	56	NULL	NULL	48	48	NULL	NULL	NULL	
NULL	NULL	NULL	76	76	NULL	NULL	68	68	NULL	NULL	81	81	NULL	NULL	57	57	NULL	NULL	49	49	NULL	NULL	NULL	
NULL	NULL	NULL	76	76	NULL	NULL	68	68	NULL	NULL	81	81	NULL	NULL	57	57	NULL	NULL	49	49	NULL	NULL	NULL	
NULL	NULL	NULL	77	77	NULL	NULL	69	69	NULL	NULL	82	82	NULL	NULL	58	58	NULL	NULL	50	50	NULL	NULL	NULL	
NULL	NULL	NULL	77	77	NULL	NULL	69	69	NULL	NULL	82	82	NULL	NULL	58	58	NULL	NULL	50	50	NULL	NULL	NULL	
NULL	437	437	83	83	436	436	84	84	435	435	85	85	434	434	86	86	433	433	87	87	432	432	NULL	
NULL	437	437	83	83	436	436	84	84	435	435	85	85	434	434	86	86	433	433	87	87	432	432	NULL	
NULL	421	421	422	422	423	423	424	424	425	425	426	426	427	427	428	428	429	429	430	430	431	431	NULL	
NULL	421	421	422	422	423	423	424	424	425	425	426	426	427	427	428	428	429	429	430	430	431	431	NULL	
