84
0	0	0	11	-999	-999	2	0	2	1000	0	0	0	0	0	
1	40	20	0	-999	-999	2	0	0	0	0	0	0	0	0	
2	60	22	20	-999	-999	2	0	0	0	0	0	0	0	0	
3	40	22	18	-999	-999	2	0	0	0	0	0	0	0	0	
4	40	22	22	-999	-999	2	0	0	0	0	0	0	0	0	
5	40	20	22	-999	-999	2	0	0	0	0	0	0	0	0	
6	40	20	18	-999	-999	2	0	0	0	0	0	0	0	0	
7	40	20	2	-999	-999	2	0	0	0	0	0	0	0	0	
8	61	22	16	-999	-999	2	0	0	0	0	0	0	0	0	
9	40	20	14	-999	-999	2	0	0	0	0	0	0	0	0	
10	40	22	14	-999	-999	2	0	0	0	0	0	0	0	0	
11	10	20	12	-999	-999	2	0	0	0	0	0	0	0	0	
12	62	22	12	-999	-999	2	0	0	0	0	0	0	0	0	
13	40	20	10	-999	-999	2	0	0	0	0	0	0	0	0	
14	40	22	10	-999	-999	2	0	0	0	0	0	0	0	0	
15	56	18	12	-999	-999	2	0	0	0	0	0	0	0	0	
16	40	18	14	-999	-999	2	0	0	0	0	0	0	0	0	
17	40	18	10	-999	-999	2	0	0	0	0	0	0	0	0	
18	40	22	6	-999	-999	2	0	0	0	0	0	0	0	0	
19	63	22	8	-999	-999	2	0	0	0	0	0	0	0	0	
20	40	20	6	-999	-999	2	0	0	0	0	0	0	0	0	
21	40	18	6	-999	-999	2	0	0	0	0	0	0	0	0	
22	57	18	8	-999	-999	2	0	0	0	0	0	0	0	0	
23	37	20	16	-999	-999	2	0	0	0	0	0	0	0	0	
24	40	18	18	-999	-999	2	0	0	0	0	0	0	0	0	
25	40	18	22	-999	-999	2	0	0	0	0	0	0	0	0	
26	0	0	22	-999	-999	2	0	5	1000	0	0	0	0	0	
27	24	18	20	-999	-999	2	0	0	0	0	0	0	0	0	
28	40	18	0	-999	-999	2	0	0	0	0	0	0	0	0	
29	54	20	8	-999	-999	2	0	0	0	0	0	0	0	0	
30	55	18	16	-999	-999	2	0	0	0	0	0	0	0	0	
31	29	14	8	-999	-999	2	0	0	0	0	0	0	0	0	
32	55	18	4	-999	-999	2	0	0	0	0	0	0	0	0	
33	56	20	4	-999	-999	2	0	0	0	0	0	0	0	0	
34	57	22	4	-999	-999	2	0	0	0	0	0	0	0	0	
35	58	22	2	-999	-999	2	0	0	0	0	0	0	0	0	
36	16	22	0	-999	-999	2	100000	0	0	0	0	0	0	0	
37	40	18	2	-999	-999	2	0	0	0	0	0	0	0	0	
38	55	2	22	-999	-999	2	0	0	0	0	0	0	0	0	
39	64	4	22	-999	-999	2	0	0	0	0	0	0	0	0	
40	40	0	20	-999	-999	2	0	0	0	0	0	0	0	0	
41	40	2	20	-999	-999	2	0	0	0	0	0	0	0	0	
42	40	4	20	-999	-999	2	0	0	0	0	0	0	0	0	
43	40	6	20	-999	-999	2	0	0	0	0	0	0	0	0	
44	40	6	22	-999	-999	2	0	0	0	0	0	0	0	0	
45	27	14	18	-999	-999	2	0	0	0	0	0	0	0	0	
46	37	6	10	-999	-999	2	0	0	0	0	0	0	0	0	
47	37	14	16	-999	-999	1	0	0	0	0	0	0	0	0	
48	37	2	17	-999	-999	2	0	0	0	0	0	0	0	0	
49	19	9	14	-999	-999	2	0	0	0	0	0	0	0	0	
50	28	14	13	-999	-999	2	0	0	0	0	0	0	0	0	
51	37	16	7	-999	-999	3	0	0	0	0	0	0	0	0	
52	37	14	6	-999	-999	1	0	0	0	0	0	0	0	0	
53	74	20	20	-999	-999	2	0	0	0	0	0	0	0	0	
54	37	2	11	-999	-999	2	0	0	0	0	0	0	0	0	
55	6	16	21	-999	-999	2	0	0	0	0	0	0	0	0	
56	6	14	22	-999	-999	2	0	0	0	0	0	0	0	0	
57	37	16	12	-999	-999	3	0	0	0	0	0	0	0	0	
58	35	10	22	-999	-999	2	0	0	0	0	0	0	0	0	
59	35	8	22	-999	-999	2	0	0	0	0	0	0	0	0	
60	35	12	22	-999	-999	2	0	0	0	0	0	0	0	0	
61	35	8	18	-999	-999	2	0	0	0	0	0	0	0	0	
62	35	8	20	-999	-999	2	0	0	0	0	0	0	0	0	
63	35	6	18	-999	-999	2	0	0	0	0	0	0	0	0	
64	37	4	18	-999	-999	2	0	0	0	0	0	0	0	0	
65	37	2	13	-999	-999	2	0	0	0	0	0	0	0	0	
66	37	2	15	-999	-999	2	0	0	0	0	0	0	0	0	
67	37	8	16	-999	-999	2	0	0	0	0	0	0	0	0	
68	17	7	14	-999	-999	2	0	0	0	0	0	0	0	0	
69	18	7	8	-999	-999	2	0	0	0	0	0	0	0	0	
70	37	14	11	-999	-999	1	0	0	0	0	0	0	0	0	
71	6	5	7	-999	-999	2	0	0	0	0	0	0	0	0	
72	6	3	7	-999	-999	2	0	0	0	0	0	0	0	0	
73	6	2	9	-999	-999	2	0	0	0	0	0	0	0	0	
74	56	4	11	-999	-999	4	0	0	0	0	0	0	0	0	
75	51	16	17	-999	-999	3	0	0	0	0	0	0	0	0	
76	6	16	3	-999	-999	2	0	0	0	0	0	0	0	0	
77	37	11	11	-999	-999	2	0	0	0	0	0	0	0	0	
78	37	11	9	-999	-999	2	0	0	0	0	0	0	0	0	
79	37	11	7	-999	-999	2	0	0	0	0	0	0	0	0	
80	6	11	5	-999	-999	2	0	0	0	0	0	0	0	0	
81	6	12	3	-999	-999	2	0	0	0	0	0	0	0	0	
82	6	14	3	-999	-999	2	0	0	0	0	0	0	0	0	
83	58	12	13	-999	-999	4	0	0	0	0	0	0	0	0	
NULL	NULL	NULL	NULL	NULL	NULL	NULL	NULL	NULL	NULL	NULL	NULL	NULL	NULL	NULL	NULL	NULL	NULL	28	28	1	1	36	36	
NULL	NULL	NULL	NULL	NULL	NULL	NULL	NULL	NULL	NULL	NULL	NULL	NULL	NULL	NULL	NULL	NULL	NULL	28	28	1	1	36	36	
NULL	NULL	NULL	NULL	NULL	NULL	NULL	NULL	NULL	NULL	NULL	NULL	NULL	NULL	NULL	NULL	NULL	NULL	37	37	7	7	35	35	
NULL	NULL	NULL	NULL	NULL	NULL	NULL	NULL	NULL	NULL	NULL	NULL	81	81	82	82	76	76	37	37	7	7	35	35	
NULL	NULL	NULL	NULL	NULL	NULL	NULL	NULL	NULL	NULL	NULL	NULL	81	81	82	82	76	76	32	32	33	33	34	34	
NULL	NULL	NULL	NULL	NULL	NULL	NULL	NULL	NULL	NULL	NULL	80	80	NULL	NULL	NULL	NULL	NULL	32	32	33	33	34	34	
NULL	NULL	NULL	NULL	NULL	NULL	NULL	NULL	NULL	NULL	NULL	80	80	NULL	52	52	NULL	NULL	21	21	20	20	18	18	
NULL	NULL	NULL	72	72	71	71	NULL	NULL	NULL	NULL	79	79	NULL	52	52	51	51	21	21	20	20	18	18	
NULL	NULL	NULL	72	72	71	71	69	69	NULL	NULL	79	79	NULL	31	31	51	51	22	22	29	29	19	19	
NULL	NULL	73	73	NULL	NULL	NULL	69	69	NULL	NULL	78	78	NULL	31	31	NULL	NULL	22	22	29	29	19	19	
NULL	NULL	73	73	NULL	NULL	46	46	NULL	NULL	NULL	78	78	NULL	NULL	NULL	NULL	NULL	17	17	13	13	14	14	
0	0	54	54	74	74	46	46	NULL	NULL	NULL	77	77	NULL	70	70	NULL	NULL	17	17	13	13	14	14	
0	0	54	54	74	74	NULL	NULL	NULL	NULL	NULL	77	77	NULL	70	70	57	57	15	15	11	11	12	12	
NULL	NULL	65	65	NULL	NULL	NULL	NULL	NULL	NULL	NULL	NULL	83	83	50	50	57	57	15	15	11	11	12	12	
NULL	NULL	65	65	NULL	NULL	NULL	68	68	49	49	NULL	83	83	50	50	NULL	NULL	16	16	9	9	10	10	
NULL	NULL	66	66	NULL	NULL	NULL	68	68	49	49	NULL	NULL	NULL	NULL	NULL	NULL	NULL	16	16	9	9	10	10	
NULL	NULL	66	66	NULL	NULL	NULL	NULL	67	67	NULL	NULL	NULL	NULL	47	47	NULL	NULL	30	30	23	23	8	8	
NULL	NULL	48	48	NULL	NULL	NULL	NULL	67	67	NULL	NULL	NULL	NULL	47	47	75	75	30	30	23	23	8	8	
NULL	NULL	48	48	64	64	63	63	61	61	NULL	NULL	NULL	NULL	45	45	75	75	24	24	6	6	3	3	
NULL	NULL	NULL	NULL	64	64	63	63	61	61	NULL	NULL	NULL	NULL	45	45	NULL	NULL	24	24	6	6	3	3	
40	40	41	41	42	42	43	43	62	62	NULL	NULL	NULL	NULL	NULL	NULL	NULL	NULL	27	27	53	53	2	2	
40	40	41	41	42	42	43	43	62	62	NULL	NULL	NULL	NULL	NULL	NULL	55	55	27	27	53	53	2	2	
26	26	38	38	39	39	44	44	59	59	58	58	60	60	56	56	55	55	25	25	5	5	4	4	
26	26	38	38	39	39	44	44	59	59	58	58	60	60	56	56	NULL	NULL	25	25	5	5	4	4	
